/*--------------------------------*- C++ -*----------------------------------*\
  =========                 |
  \\      /  F ield         | OpenFOAM: The Open Source CFD Toolbox
   \\    /   O peration     | Website:  https://openfoam.org
    \\  /    A nd           | Version:  8
     \\/     M anipulation  |
\*---------------------------------------------------------------------------*/
FoamFile
{
    version     2.0;
    format      ascii;
    class       volScalarField;
    location    "0.7";
    object      gradTy;
}
// * * * * * * * * * * * * * * * * * * * * * * * * * * * * * * * * * * * * * //

dimensions      [0 -1 0 1 0 0 0];

internalField   nonuniform List<scalar> 
400
(
-5933.55
-5933.55
-5933.55
-5933.55
-5933.55
-5933.55
-5933.55
-5933.55
-5933.55
-5933.55
-5933.55
-5933.55
-5933.55
-5933.55
-5933.55
-5933.55
-5933.55
-5933.55
-5933.55
-5933.55
-66.0758
-66.0758
-66.0758
-66.0758
-66.0758
-66.0758
-66.0758
-66.0758
-66.0758
-66.0758
-66.0758
-66.0758
-66.0758
-66.0758
-66.0758
-66.0758
-66.0758
-66.0758
-66.0758
-66.0758
-0.371913
-0.371913
-0.371913
-0.371913
-0.371913
-0.371913
-0.371913
-0.371913
-0.371913
-0.371913
-0.371913
-0.371913
-0.371913
-0.371913
-0.371913
-0.371913
-0.371913
-0.371913
-0.371913
-0.371914
-0.00140677
-0.00140677
-0.00140677
-0.00140677
-0.00140677
-0.00140677
-0.00140677
-0.00140677
-0.00140677
-0.00140677
-0.00140677
-0.00140677
-0.00140677
-0.00140677
-0.00140677
-0.00140677
-0.00140677
-0.00140677
-0.00140677
-0.00140677
-4.02042e-06
-4.02044e-06
-4.02042e-06
-4.02041e-06
-4.02043e-06
-4.02043e-06
-4.0204e-06
-4.02045e-06
-4.02042e-06
-4.02046e-06
-4.02046e-06
-4.02043e-06
-4.02043e-06
-4.02043e-06
-4.02045e-06
-4.02045e-06
-4.02045e-06
-4.02046e-06
-4.02042e-06
-4.02042e-06
-9.24816e-09
-9.25038e-09
-9.25926e-09
-9.25371e-09
-9.2415e-09
-9.2526e-09
-9.26814e-09
-9.28368e-09
-9.25149e-09
-9.26037e-09
-9.25038e-09
-9.28591e-09
-9.27369e-09
-9.28591e-09
-9.28035e-09
-9.24816e-09
-9.27813e-09
-9.27258e-09
-9.2526e-09
-9.2748e-09
1.66533e-11
-1.33227e-11
-2.33147e-11
-1.77636e-11
-1.9984e-11
-1.44329e-11
-2.22045e-11
-2.88658e-11
-2.33147e-11
-1.44329e-11
-2.22045e-11
-1.77636e-11
-2.88658e-11
-1.55431e-11
-2.88658e-11
-2.88658e-11
-2.77556e-11
-2.22045e-11
-2.44249e-11
-4.66294e-11
0
1.11022e-12
-1.11022e-12
0
-1.11022e-12
4.44089e-12
0
-1.11022e-12
0
-1.11022e-12
1.11022e-12
-3.33067e-12
3.33067e-12
-4.44089e-12
1.11022e-12
3.33067e-12
-5.55112e-12
1.11022e-12
0
2.22045e-11
-3.55271e-11
-5.55112e-12
-3.33067e-12
0
-1.11022e-12
-1.11022e-12
-3.33067e-12
5.55112e-12
0
-3.33067e-12
0
-3.33067e-12
0
-4.44089e-12
2.22045e-12
0
0
0
-2.22045e-12
0
-1.55431e-11
0
0
4.44089e-12
0
-3.33067e-12
0
-4.44089e-12
0
0
-1.11022e-12
0
-3.33067e-12
1.11022e-12
-3.33067e-12
-3.33067e-12
0
-1.11022e-12
1.11022e-12
-1.9984e-11
0
0
0
4.44089e-12
2.22045e-12
-1.11022e-12
3.33067e-12
-1.11022e-12
-3.33067e-12
0
0
1.11022e-12
0
0
-2.22045e-12
0
3.33067e-12
0
1.11022e-12
1.11022e-12
-2.22045e-12
0
2.22045e-12
-4.44089e-12
2.22045e-12
2.22045e-12
2.22045e-12
0
2.22045e-12
2.22045e-12
0
0
0
0
0
0
1.11022e-12
0
0
-2.22045e-12
0
0
0
-3.33067e-12
0
0
0
1.11022e-12
0
0
1.11022e-12
-1.11022e-12
1.11022e-12
1.11022e-12
1.11022e-12
0
-3.33067e-12
1.11022e-12
-3.33067e-12
8.99281e-11
2.10942e-11
1.55431e-11
2.44249e-11
2.9976e-11
2.44249e-11
2.44249e-11
2.44249e-11
4.44089e-12
2.44249e-11
2.44249e-11
1.66533e-11
1.77636e-11
4.44089e-12
1.77636e-11
4.44089e-12
4.44089e-12
1.88738e-11
4.44089e-12
1.88738e-11
1.33227e-11
9.27702e-09
9.26481e-09
9.28257e-09
9.28813e-09
9.27813e-09
9.28035e-09
9.27813e-09
9.23595e-09
9.28146e-09
9.28146e-09
9.24483e-09
9.25593e-09
9.23928e-09
9.26148e-09
9.23928e-09
9.24039e-09
9.26592e-09
9.27924e-09
9.26148e-09
9.15934e-09
4.02046e-06
4.02041e-06
4.0204e-06
4.02043e-06
4.0204e-06
4.02047e-06
4.0204e-06
4.02043e-06
4.02042e-06
4.02044e-06
4.02045e-06
4.02047e-06
4.02047e-06
4.02042e-06
4.02047e-06
4.02045e-06
4.02041e-06
4.02047e-06
4.02041e-06
4.02043e-06
0.00140677
0.00140677
0.00140677
0.00140677
0.00140677
0.00140677
0.00140677
0.00140677
0.00140677
0.00140677
0.00140677
0.00140677
0.00140677
0.00140677
0.00140677
0.00140677
0.00140677
0.00140677
0.00140677
0.00140677
0.371914
0.371913
0.371913
0.371913
0.371913
0.371913
0.371913
0.371913
0.371913
0.371913
0.371913
0.371913
0.371913
0.371913
0.371913
0.371913
0.371913
0.371913
0.371913
0.371913
66.0758
66.0758
66.0758
66.0758
66.0758
66.0758
66.0758
66.0758
66.0758
66.0758
66.0758
66.0758
66.0758
66.0758
66.0758
66.0758
66.0758
66.0758
66.0758
66.0758
5933.55
5933.55
5933.55
5933.55
5933.55
5933.55
5933.55
5933.55
5933.55
5933.55
5933.55
5933.55
5933.55
5933.55
5933.55
5933.55
5933.55
5933.55
5933.55
5933.55
)
;

boundaryField
{
    front
    {
        type            calculated;
        value           nonuniform List<scalar> 
20
(
-11735.7
-11735.7
-11735.7
-11735.7
-11735.7
-11735.7
-11735.7
-11735.7
-11735.7
-11735.7
-11735.7
-11735.7
-11735.7
-11735.7
-11735.7
-11735.7
-11735.7
-11735.7
-11735.7
-11735.7
)
;
    }
    back
    {
        type            calculated;
        value           nonuniform List<scalar> 
20
(
11735.7
11735.7
11735.7
11735.7
11735.7
11735.7
11735.7
11735.7
11735.7
11735.7
11735.7
11735.7
11735.7
11735.7
11735.7
11735.7
11735.7
11735.7
11735.7
11735.7
)
;
    }
    left
    {
        type            calculated;
        value           nonuniform List<scalar> 
20
(
-5933.55
-66.0758
-0.371913
-0.00140677
-4.02042e-06
-9.24816e-09
1.66533e-11
0
-3.55271e-11
-1.55431e-11
0
-2.22045e-12
0
2.10942e-11
9.27702e-09
4.02046e-06
0.00140677
0.371914
66.0758
5933.55
)
;
    }
    right
    {
        type            calculated;
        value           nonuniform List<scalar> 
20
(
-5933.55
-66.0758
-0.371914
-0.00140677
-4.02042e-06
-9.2748e-09
-4.66294e-11
2.22045e-11
0
-1.9984e-11
1.11022e-12
-2.22045e-12
8.99281e-11
1.33227e-11
9.15934e-09
4.02043e-06
0.00140677
0.371913
66.0758
5933.55
)
;
    }
    top
    {
        type            calculated;
        value           nonuniform List<scalar> 
400
(
-5933.55
-66.0758
-0.371913
-0.00140677
-4.02042e-06
-9.24816e-09
1.66533e-11
0
-3.55271e-11
-1.55431e-11
0
-2.22045e-12
0
2.10942e-11
9.27702e-09
4.02046e-06
0.00140677
0.371914
66.0758
5933.55
-5933.55
-66.0758
-0.371913
-0.00140677
-4.02044e-06
-9.25038e-09
-1.33227e-11
1.11022e-12
-5.55112e-12
0
0
0
0
1.55431e-11
9.26481e-09
4.02041e-06
0.00140677
0.371913
66.0758
5933.55
-5933.55
-66.0758
-0.371913
-0.00140677
-4.02042e-06
-9.25926e-09
-2.33147e-11
-1.11022e-12
-3.33067e-12
0
0
2.22045e-12
0
2.44249e-11
9.28257e-09
4.0204e-06
0.00140677
0.371913
66.0758
5933.55
-5933.55
-66.0758
-0.371913
-0.00140677
-4.02041e-06
-9.25371e-09
-1.77636e-11
0
0
4.44089e-12
4.44089e-12
-4.44089e-12
-3.33067e-12
2.9976e-11
9.28813e-09
4.02043e-06
0.00140677
0.371913
66.0758
5933.55
-5933.55
-66.0758
-0.371913
-0.00140677
-4.02043e-06
-9.2415e-09
-1.9984e-11
-1.11022e-12
-1.11022e-12
0
2.22045e-12
2.22045e-12
0
2.44249e-11
9.27813e-09
4.0204e-06
0.00140677
0.371913
66.0758
5933.55
-5933.55
-66.0758
-0.371913
-0.00140677
-4.02043e-06
-9.2526e-09
-1.44329e-11
4.44089e-12
-1.11022e-12
-3.33067e-12
-1.11022e-12
2.22045e-12
0
2.44249e-11
9.28035e-09
4.02047e-06
0.00140677
0.371913
66.0758
5933.55
-5933.55
-66.0758
-0.371913
-0.00140677
-4.0204e-06
-9.26814e-09
-2.22045e-11
0
-3.33067e-12
0
3.33067e-12
2.22045e-12
0
2.44249e-11
9.27813e-09
4.0204e-06
0.00140677
0.371913
66.0758
5933.55
-5933.55
-66.0758
-0.371913
-0.00140677
-4.02045e-06
-9.28368e-09
-2.88658e-11
-1.11022e-12
5.55112e-12
-4.44089e-12
-1.11022e-12
0
1.11022e-12
4.44089e-12
9.23595e-09
4.02043e-06
0.00140677
0.371913
66.0758
5933.55
-5933.55
-66.0758
-0.371913
-0.00140677
-4.02042e-06
-9.25149e-09
-2.33147e-11
0
0
0
-3.33067e-12
2.22045e-12
0
2.44249e-11
9.28146e-09
4.02042e-06
0.00140677
0.371913
66.0758
5933.55
-5933.55
-66.0758
-0.371913
-0.00140677
-4.02046e-06
-9.26037e-09
-1.44329e-11
-1.11022e-12
-3.33067e-12
0
0
2.22045e-12
0
2.44249e-11
9.28146e-09
4.02044e-06
0.00140677
0.371913
66.0758
5933.55
-5933.55
-66.0758
-0.371913
-0.00140677
-4.02046e-06
-9.25038e-09
-2.22045e-11
1.11022e-12
0
-1.11022e-12
0
0
1.11022e-12
1.66533e-11
9.24483e-09
4.02045e-06
0.00140677
0.371913
66.0758
5933.55
-5933.55
-66.0758
-0.371913
-0.00140677
-4.02043e-06
-9.28591e-09
-1.77636e-11
-3.33067e-12
-3.33067e-12
0
1.11022e-12
0
-1.11022e-12
1.77636e-11
9.25593e-09
4.02047e-06
0.00140677
0.371913
66.0758
5933.55
-5933.55
-66.0758
-0.371913
-0.00140677
-4.02043e-06
-9.27369e-09
-2.88658e-11
3.33067e-12
0
-3.33067e-12
0
0
1.11022e-12
4.44089e-12
9.23928e-09
4.02047e-06
0.00140677
0.371913
66.0758
5933.55
-5933.55
-66.0758
-0.371913
-0.00140677
-4.02043e-06
-9.28591e-09
-1.55431e-11
-4.44089e-12
-4.44089e-12
1.11022e-12
0
0
1.11022e-12
1.77636e-11
9.26148e-09
4.02042e-06
0.00140677
0.371913
66.0758
5933.55
-5933.55
-66.0758
-0.371913
-0.00140677
-4.02045e-06
-9.28035e-09
-2.88658e-11
1.11022e-12
2.22045e-12
-3.33067e-12
-2.22045e-12
0
1.11022e-12
4.44089e-12
9.23928e-09
4.02047e-06
0.00140677
0.371913
66.0758
5933.55
-5933.55
-66.0758
-0.371913
-0.00140677
-4.02045e-06
-9.24816e-09
-2.88658e-11
3.33067e-12
0
-3.33067e-12
0
0
0
4.44089e-12
9.24039e-09
4.02045e-06
0.00140677
0.371913
66.0758
5933.55
-5933.55
-66.0758
-0.371913
-0.00140677
-4.02045e-06
-9.27813e-09
-2.77556e-11
-5.55112e-12
0
0
3.33067e-12
1.11022e-12
-3.33067e-12
1.88738e-11
9.26592e-09
4.02041e-06
0.00140677
0.371913
66.0758
5933.55
-5933.55
-66.0758
-0.371913
-0.00140677
-4.02046e-06
-9.27258e-09
-2.22045e-11
1.11022e-12
0
-1.11022e-12
0
0
1.11022e-12
4.44089e-12
9.27924e-09
4.02047e-06
0.00140677
0.371913
66.0758
5933.55
-5933.55
-66.0758
-0.371913
-0.00140677
-4.02042e-06
-9.2526e-09
-2.44249e-11
0
-2.22045e-12
1.11022e-12
1.11022e-12
0
-3.33067e-12
1.88738e-11
9.26148e-09
4.02041e-06
0.00140677
0.371913
66.0758
5933.55
-5933.55
-66.0758
-0.371914
-0.00140677
-4.02042e-06
-9.2748e-09
-4.66294e-11
2.22045e-11
0
-1.9984e-11
1.11022e-12
-2.22045e-12
8.99281e-11
1.33227e-11
9.15934e-09
4.02043e-06
0.00140677
0.371913
66.0758
5933.55
)
;
    }
    bottom
    {
        type            calculated;
        value           nonuniform List<scalar> 
400
(
-5933.55
-66.0758
-0.371913
-0.00140677
-4.02042e-06
-9.24816e-09
1.66533e-11
0
-3.55271e-11
-1.55431e-11
0
-2.22045e-12
0
2.10942e-11
9.27702e-09
4.02046e-06
0.00140677
0.371914
66.0758
5933.55
-5933.55
-66.0758
-0.371913
-0.00140677
-4.02044e-06
-9.25038e-09
-1.33227e-11
1.11022e-12
-5.55112e-12
0
0
0
0
1.55431e-11
9.26481e-09
4.02041e-06
0.00140677
0.371913
66.0758
5933.55
-5933.55
-66.0758
-0.371913
-0.00140677
-4.02042e-06
-9.25926e-09
-2.33147e-11
-1.11022e-12
-3.33067e-12
0
0
2.22045e-12
0
2.44249e-11
9.28257e-09
4.0204e-06
0.00140677
0.371913
66.0758
5933.55
-5933.55
-66.0758
-0.371913
-0.00140677
-4.02041e-06
-9.25371e-09
-1.77636e-11
0
0
4.44089e-12
4.44089e-12
-4.44089e-12
-3.33067e-12
2.9976e-11
9.28813e-09
4.02043e-06
0.00140677
0.371913
66.0758
5933.55
-5933.55
-66.0758
-0.371913
-0.00140677
-4.02043e-06
-9.2415e-09
-1.9984e-11
-1.11022e-12
-1.11022e-12
0
2.22045e-12
2.22045e-12
0
2.44249e-11
9.27813e-09
4.0204e-06
0.00140677
0.371913
66.0758
5933.55
-5933.55
-66.0758
-0.371913
-0.00140677
-4.02043e-06
-9.2526e-09
-1.44329e-11
4.44089e-12
-1.11022e-12
-3.33067e-12
-1.11022e-12
2.22045e-12
0
2.44249e-11
9.28035e-09
4.02047e-06
0.00140677
0.371913
66.0758
5933.55
-5933.55
-66.0758
-0.371913
-0.00140677
-4.0204e-06
-9.26814e-09
-2.22045e-11
0
-3.33067e-12
0
3.33067e-12
2.22045e-12
0
2.44249e-11
9.27813e-09
4.0204e-06
0.00140677
0.371913
66.0758
5933.55
-5933.55
-66.0758
-0.371913
-0.00140677
-4.02045e-06
-9.28368e-09
-2.88658e-11
-1.11022e-12
5.55112e-12
-4.44089e-12
-1.11022e-12
0
1.11022e-12
4.44089e-12
9.23595e-09
4.02043e-06
0.00140677
0.371913
66.0758
5933.55
-5933.55
-66.0758
-0.371913
-0.00140677
-4.02042e-06
-9.25149e-09
-2.33147e-11
0
0
0
-3.33067e-12
2.22045e-12
0
2.44249e-11
9.28146e-09
4.02042e-06
0.00140677
0.371913
66.0758
5933.55
-5933.55
-66.0758
-0.371913
-0.00140677
-4.02046e-06
-9.26037e-09
-1.44329e-11
-1.11022e-12
-3.33067e-12
0
0
2.22045e-12
0
2.44249e-11
9.28146e-09
4.02044e-06
0.00140677
0.371913
66.0758
5933.55
-5933.55
-66.0758
-0.371913
-0.00140677
-4.02046e-06
-9.25038e-09
-2.22045e-11
1.11022e-12
0
-1.11022e-12
0
0
1.11022e-12
1.66533e-11
9.24483e-09
4.02045e-06
0.00140677
0.371913
66.0758
5933.55
-5933.55
-66.0758
-0.371913
-0.00140677
-4.02043e-06
-9.28591e-09
-1.77636e-11
-3.33067e-12
-3.33067e-12
0
1.11022e-12
0
-1.11022e-12
1.77636e-11
9.25593e-09
4.02047e-06
0.00140677
0.371913
66.0758
5933.55
-5933.55
-66.0758
-0.371913
-0.00140677
-4.02043e-06
-9.27369e-09
-2.88658e-11
3.33067e-12
0
-3.33067e-12
0
0
1.11022e-12
4.44089e-12
9.23928e-09
4.02047e-06
0.00140677
0.371913
66.0758
5933.55
-5933.55
-66.0758
-0.371913
-0.00140677
-4.02043e-06
-9.28591e-09
-1.55431e-11
-4.44089e-12
-4.44089e-12
1.11022e-12
0
0
1.11022e-12
1.77636e-11
9.26148e-09
4.02042e-06
0.00140677
0.371913
66.0758
5933.55
-5933.55
-66.0758
-0.371913
-0.00140677
-4.02045e-06
-9.28035e-09
-2.88658e-11
1.11022e-12
2.22045e-12
-3.33067e-12
-2.22045e-12
0
1.11022e-12
4.44089e-12
9.23928e-09
4.02047e-06
0.00140677
0.371913
66.0758
5933.55
-5933.55
-66.0758
-0.371913
-0.00140677
-4.02045e-06
-9.24816e-09
-2.88658e-11
3.33067e-12
0
-3.33067e-12
0
0
0
4.44089e-12
9.24039e-09
4.02045e-06
0.00140677
0.371913
66.0758
5933.55
-5933.55
-66.0758
-0.371913
-0.00140677
-4.02045e-06
-9.27813e-09
-2.77556e-11
-5.55112e-12
0
0
3.33067e-12
1.11022e-12
-3.33067e-12
1.88738e-11
9.26592e-09
4.02041e-06
0.00140677
0.371913
66.0758
5933.55
-5933.55
-66.0758
-0.371913
-0.00140677
-4.02046e-06
-9.27258e-09
-2.22045e-11
1.11022e-12
0
-1.11022e-12
0
0
1.11022e-12
4.44089e-12
9.27924e-09
4.02047e-06
0.00140677
0.371913
66.0758
5933.55
-5933.55
-66.0758
-0.371913
-0.00140677
-4.02042e-06
-9.2526e-09
-2.44249e-11
0
-2.22045e-12
1.11022e-12
1.11022e-12
0
-3.33067e-12
1.88738e-11
9.26148e-09
4.02041e-06
0.00140677
0.371913
66.0758
5933.55
-5933.55
-66.0758
-0.371914
-0.00140677
-4.02042e-06
-9.2748e-09
-4.66294e-11
2.22045e-11
0
-1.9984e-11
1.11022e-12
-2.22045e-12
8.99281e-11
1.33227e-11
9.15934e-09
4.02043e-06
0.00140677
0.371913
66.0758
5933.55
)
;
    }
}


// ************************************************************************* //
