/*--------------------------------*- C++ -*----------------------------------*\
  =========                 |
  \\      /  F ield         | OpenFOAM: The Open Source CFD Toolbox
   \\    /   O peration     | Website:  https://openfoam.org
    \\  /    A nd           | Version:  8
     \\/     M anipulation  |
\*---------------------------------------------------------------------------*/
FoamFile
{
    version     2.0;
    format      ascii;
    class       volScalarField;
    location    "0.7";
    object      gradTx;
}
// * * * * * * * * * * * * * * * * * * * * * * * * * * * * * * * * * * * * * //

dimensions      [0 -1 0 1 0 0 0];

internalField   nonuniform List<scalar> 
400
(
-2.33591e-09
-2.34479e-09
-7.54952e-11
-3.88578e-11
2.55351e-11
3.44169e-11
4.10783e-11
-2.22045e-12
-1.9984e-11
-1.9984e-11
-4.21885e-11
8.88178e-12
0
-2.44249e-11
3.10862e-11
-5.55112e-12
0
6.66134e-12
2.33702e-09
2.35478e-09
6.66134e-12
-4.44089e-12
-4.66294e-11
-1.11022e-12
1.88738e-11
1.44329e-11
1.11022e-12
-2.88658e-11
3.21965e-11
1.55431e-11
-4.66294e-11
9.99201e-12
4.10783e-11
-2.88658e-11
-2.77556e-11
-1.22125e-11
2.44249e-11
2.33813e-09
4.15656e-07
4.13357e-07
-1.77636e-11
-8.88178e-12
0
-1.77636e-11
3.55271e-11
1.77636e-11
-1.11022e-11
0
-6.66134e-12
6.66134e-12
-2.44249e-11
7.77156e-12
0
-4.55191e-11
3.44169e-11
1.9984e-11
-7.77156e-12
5.77316e-11
4.69957e-09
4.65961e-09
9.99201e-12
4.44089e-12
-2.33147e-11
9.99201e-12
1.77636e-11
-3.21965e-11
2.9976e-11
2.33147e-11
-3.33067e-12
3.9968e-11
-2.88658e-11
-2.9976e-11
0
2.10942e-11
3.21965e-11
4.44089e-12
0
-3.66374e-11
-1.11022e-11
2.10942e-11
-1.22125e-11
-5.55112e-12
1.11022e-12
-2.10942e-11
0
2.66454e-11
3.55271e-11
-1.55431e-11
-2.77556e-11
-1.11022e-12
2.66454e-11
2.55351e-11
0
7.77156e-12
-3.9968e-11
0
2.22045e-11
-2.77556e-11
1.11022e-12
2.10942e-11
-1.11022e-12
8.88178e-12
0
-2.22045e-12
1.11022e-12
1.11022e-12
9.99201e-12
0
-9.99201e-12
-3.33067e-12
2.22045e-12
5.55112e-12
-1.11022e-12
0
7.77156e-12
0
-4.44089e-12
0
2.22045e-11
1.88738e-11
-1.33227e-11
-1.55431e-11
-2.22045e-12
-2.22045e-12
1.11022e-12
-1.11022e-12
5.55112e-12
0
-2.22045e-12
-1.11022e-12
1.11022e-12
0
0
2.22045e-12
-3.33067e-12
2.22045e-12
0
-4.44089e-12
0
0
-3.10862e-11
-3.33067e-11
-4.44089e-12
0
3.33067e-12
0
-3.33067e-12
0
3.33067e-12
-3.33067e-12
0
0
1.11022e-12
0
-4.44089e-12
0
1.11022e-12
3.33067e-12
0
-4.44089e-12
-1.44329e-11
-1.66533e-11
-2.22045e-12
-1.11022e-12
4.44089e-12
1.11022e-12
-1.11022e-12
0
-2.22045e-12
0
-1.11022e-12
2.22045e-12
0
0
3.33067e-12
-3.33067e-12
-2.22045e-12
0
2.10942e-11
2.33147e-11
1.11022e-12
0
0
1.11022e-12
2.22045e-12
-1.11022e-12
2.22045e-12
3.33067e-12
-4.44089e-12
-3.33067e-12
0
0
0
2.22045e-12
0
-2.22045e-12
0
2.22045e-12
0
-2.22045e-12
0
-1.11022e-12
2.22045e-12
0
-3.33067e-12
0
-1.11022e-12
0
1.11022e-12
-1.11022e-12
-1.11022e-12
0
1.11022e-12
0
-1.11022e-12
0
0
1.11022e-12
2.22045e-12
1.11022e-12
0
0
4.44089e-12
4.44089e-12
-4.44089e-12
0
2.22045e-12
-3.33067e-12
-3.33067e-12
0
1.11022e-12
0
-1.11022e-12
0
0
3.33067e-12
0
0
1.11022e-12
-2.22045e-12
2.22045e-12
3.33067e-12
-2.22045e-12
0
3.33067e-12
0
-3.33067e-12
0
3.33067e-12
-3.33067e-12
-3.33067e-12
0
1.11022e-12
0
-1.11022e-12
1.11022e-12
0
0
0
-1.11022e-12
0
0
1.11022e-12
3.33067e-12
0
0
4.44089e-12
-4.44089e-12
-4.44089e-12
1.11022e-12
0
0
1.11022e-12
0
-1.11022e-12
0
1.11022e-12
-1.11022e-12
9.10383e-11
8.99281e-11
-3.33067e-12
5.55112e-12
1.22125e-11
0
-2.22045e-12
0
-2.33147e-11
0
2.33147e-11
-1.11022e-11
-1.11022e-11
-1.33227e-11
1.11022e-12
2.22045e-12
-1.55431e-11
1.55431e-11
0
-2.22045e-12
1.11022e-11
-4.44089e-12
-1.22125e-11
6.66134e-12
2.33147e-11
0
-6.66134e-12
0
-4.21885e-11
0
4.21885e-11
-3.77476e-11
-2.44249e-11
-5.55112e-12
7.77156e-12
0
-2.44249e-11
2.77556e-11
3.9968e-11
-5.55112e-12
-2.9976e-11
-1.33227e-11
-5.10703e-11
-5.10703e-11
2.66454e-11
1.11022e-12
3.33067e-11
-2.22045e-12
-5.66214e-11
1.88738e-11
3.33067e-11
2.22045e-11
1.9984e-11
0
-5.44009e-11
0
1.77636e-11
-4.10783e-11
1.77636e-11
0
-2.44249e-11
1.66533e-11
-4.69513e-09
-4.71956e-09
0
0
-2.10942e-11
0
2.55351e-11
-1.11022e-12
-2.44249e-11
-3.77476e-11
-1.22125e-11
6.32827e-11
3.33067e-12
0
-2.9976e-11
-2.66454e-11
3.77476e-11
-6.66134e-12
3.88578e-11
4.66294e-11
-4.1339e-07
-4.15676e-07
-2.28928e-09
-2.44249e-11
-1.77636e-11
0
5.44009e-11
5.10703e-11
-1.66533e-11
-1.77636e-11
1.66533e-11
0
-5.10703e-11
0
1.77636e-11
-3.10862e-11
6.66134e-12
-1.11022e-12
6.10623e-11
9.10383e-11
-2.3348e-09
-2.30926e-09
-4.21885e-11
0
2.55351e-11
0
-1.9984e-11
-3.9968e-11
5.9952e-11
-1.22125e-11
-2.33147e-11
-7.77156e-12
2.55351e-11
-1.11022e-12
-6.43929e-11
7.77156e-12
2.22045e-12
6.21725e-11
2.36478e-09
2.29483e-09
)
;

boundaryField
{
    front
    {
        type            calculated;
        value           nonuniform List<scalar> 
20
(
-2.33591e-09
-2.34479e-09
-7.54952e-11
-3.88578e-11
2.55351e-11
3.44169e-11
4.10783e-11
-2.22045e-12
-1.9984e-11
-1.9984e-11
-4.21885e-11
8.88178e-12
0
-2.44249e-11
3.10862e-11
-5.55112e-12
0
6.66134e-12
2.33702e-09
2.35478e-09
)
;
    }
    back
    {
        type            calculated;
        value           nonuniform List<scalar> 
20
(
-2.3348e-09
-2.30926e-09
-4.21885e-11
0
2.55351e-11
0
-1.9984e-11
-3.9968e-11
5.9952e-11
-1.22125e-11
-2.33147e-11
-7.77156e-12
2.55351e-11
-1.11022e-12
-6.43929e-11
7.77156e-12
2.22045e-12
6.21725e-11
2.36478e-09
2.29483e-09
)
;
    }
    left
    {
        type            calculated;
        value           uniform 0;
    }
    right
    {
        type            calculated;
        value           uniform 0;
    }
    top
    {
        type            calculated;
        value           nonuniform List<scalar> 
400
(
-2.33591e-09
6.66134e-12
-1.77636e-11
9.99201e-12
-1.22125e-11
-1.11022e-12
-1.33227e-11
-3.10862e-11
-1.44329e-11
1.11022e-12
0
0
2.22045e-12
0
-3.33067e-12
-1.22125e-11
-5.10703e-11
-4.69513e-09
-4.1339e-07
-2.3348e-09
-2.34479e-09
-4.44089e-12
-8.88178e-12
4.44089e-12
-5.55112e-12
8.88178e-12
-1.55431e-11
-3.33067e-11
-1.66533e-11
0
-1.11022e-12
0
3.33067e-12
0
5.55112e-12
6.66134e-12
-5.10703e-11
-4.71956e-09
-4.15676e-07
-2.30926e-09
-7.54952e-11
-4.66294e-11
0
-2.33147e-11
1.11022e-12
0
-2.22045e-12
-4.44089e-12
-2.22045e-12
0
2.22045e-12
4.44089e-12
-2.22045e-12
1.11022e-12
1.22125e-11
2.33147e-11
2.66454e-11
0
-2.28928e-09
-4.21885e-11
-3.88578e-11
-1.11022e-12
-1.77636e-11
9.99201e-12
-2.10942e-11
-2.22045e-12
-2.22045e-12
0
-1.11022e-12
1.11022e-12
0
4.44089e-12
0
3.33067e-12
0
0
1.11022e-12
0
-2.44249e-11
0
2.55351e-11
1.88738e-11
3.55271e-11
1.77636e-11
0
1.11022e-12
1.11022e-12
3.33067e-12
4.44089e-12
2.22045e-12
-3.33067e-12
-4.44089e-12
3.33067e-12
0
-2.22045e-12
-6.66134e-12
3.33067e-11
-2.10942e-11
-1.77636e-11
2.55351e-11
3.44169e-11
1.44329e-11
1.77636e-11
-3.21965e-11
2.66454e-11
1.11022e-12
-1.11022e-12
0
1.11022e-12
-1.11022e-12
0
0
0
0
0
0
-2.22045e-12
0
0
0
4.10783e-11
1.11022e-12
-1.11022e-11
2.9976e-11
3.55271e-11
9.99201e-12
5.55112e-12
-3.33067e-12
-1.11022e-12
2.22045e-12
-1.11022e-12
2.22045e-12
-3.33067e-12
4.44089e-12
-2.33147e-11
-4.21885e-11
-5.66214e-11
2.55351e-11
5.44009e-11
-1.9984e-11
-2.22045e-12
-2.88658e-11
0
2.33147e-11
-1.55431e-11
0
0
0
0
3.33067e-12
0
-3.33067e-12
0
-4.44089e-12
0
0
1.88738e-11
-1.11022e-12
5.10703e-11
-3.9968e-11
-1.9984e-11
3.21965e-11
-6.66134e-12
-3.33067e-12
-2.77556e-11
-9.99201e-12
-2.22045e-12
3.33067e-12
-2.22045e-12
-4.44089e-12
1.11022e-12
-3.33067e-12
3.33067e-12
-4.44089e-12
2.33147e-11
4.21885e-11
3.33067e-11
-2.44249e-11
-1.66533e-11
5.9952e-11
-1.9984e-11
1.55431e-11
6.66134e-12
3.9968e-11
-1.11022e-12
-3.33067e-12
-1.11022e-12
-3.33067e-12
0
-3.33067e-12
-1.11022e-12
0
-3.33067e-12
1.11022e-12
-1.11022e-11
-3.77476e-11
2.22045e-11
-3.77476e-11
-1.77636e-11
-1.22125e-11
-4.21885e-11
-4.66294e-11
-2.44249e-11
-2.88658e-11
2.66454e-11
2.22045e-12
1.11022e-12
0
-1.11022e-12
0
-1.11022e-12
1.11022e-12
-3.33067e-12
0
-1.11022e-11
-2.44249e-11
1.9984e-11
-1.22125e-11
1.66533e-11
-2.33147e-11
8.88178e-12
9.99201e-12
7.77156e-12
-2.9976e-11
2.55351e-11
5.55112e-12
0
0
2.22045e-12
0
0
0
0
0
-1.33227e-11
-5.55112e-12
0
6.32827e-11
0
-7.77156e-12
0
4.10783e-11
0
0
0
-1.11022e-12
0
1.11022e-12
0
0
1.11022e-12
-1.11022e-12
1.11022e-12
1.11022e-12
1.11022e-12
7.77156e-12
-5.44009e-11
3.33067e-12
-5.10703e-11
2.55351e-11
-2.44249e-11
-2.88658e-11
-4.55191e-11
2.10942e-11
7.77156e-12
0
2.22045e-12
0
0
2.22045e-12
0
0
0
0
2.22045e-12
0
0
0
0
-1.11022e-12
3.10862e-11
-2.77556e-11
3.44169e-11
3.21965e-11
-3.9968e-11
7.77156e-12
-3.33067e-12
-4.44089e-12
3.33067e-12
0
-1.11022e-12
0
-1.11022e-12
-1.11022e-12
-1.55431e-11
-2.44249e-11
1.77636e-11
-2.9976e-11
1.77636e-11
-6.43929e-11
-5.55112e-12
-1.22125e-11
1.9984e-11
4.44089e-12
0
0
2.22045e-12
0
-3.33067e-12
-2.22045e-12
0
3.33067e-12
1.11022e-12
0
1.55431e-11
2.77556e-11
-4.10783e-11
-2.66454e-11
-3.10862e-11
7.77156e-12
0
2.44249e-11
-7.77156e-12
0
2.22045e-11
-4.44089e-12
0
1.11022e-12
-2.22045e-12
0
0
0
0
1.11022e-12
0
3.9968e-11
1.77636e-11
3.77476e-11
6.66134e-12
2.22045e-12
6.66134e-12
2.33813e-09
5.77316e-11
-3.66374e-11
-2.77556e-11
0
-4.44089e-12
3.33067e-12
0
2.22045e-12
1.11022e-12
0
0
-1.11022e-12
-2.22045e-12
-5.55112e-12
0
-6.66134e-12
-1.11022e-12
6.21725e-11
2.33702e-09
4.15656e-07
4.69957e-09
-1.11022e-11
1.11022e-12
2.22045e-11
0
0
2.10942e-11
0
2.22045e-12
1.11022e-12
0
9.10383e-11
1.11022e-11
-2.9976e-11
-2.44249e-11
3.88578e-11
6.10623e-11
2.36478e-09
2.35478e-09
4.13357e-07
4.65961e-09
2.10942e-11
2.10942e-11
1.88738e-11
0
-4.44089e-12
2.33147e-11
-2.22045e-12
1.11022e-12
-2.22045e-12
-1.11022e-12
8.99281e-11
-4.44089e-12
-1.33227e-11
1.66533e-11
4.66294e-11
9.10383e-11
2.29483e-09
)
;
    }
    bottom
    {
        type            calculated;
        value           nonuniform List<scalar> 
400
(
-2.33591e-09
6.66134e-12
-1.77636e-11
9.99201e-12
-1.22125e-11
-1.11022e-12
-1.33227e-11
-3.10862e-11
-1.44329e-11
1.11022e-12
0
0
2.22045e-12
0
-3.33067e-12
-1.22125e-11
-5.10703e-11
-4.69513e-09
-4.1339e-07
-2.3348e-09
-2.34479e-09
-4.44089e-12
-8.88178e-12
4.44089e-12
-5.55112e-12
8.88178e-12
-1.55431e-11
-3.33067e-11
-1.66533e-11
0
-1.11022e-12
0
3.33067e-12
0
5.55112e-12
6.66134e-12
-5.10703e-11
-4.71956e-09
-4.15676e-07
-2.30926e-09
-7.54952e-11
-4.66294e-11
0
-2.33147e-11
1.11022e-12
0
-2.22045e-12
-4.44089e-12
-2.22045e-12
0
2.22045e-12
4.44089e-12
-2.22045e-12
1.11022e-12
1.22125e-11
2.33147e-11
2.66454e-11
0
-2.28928e-09
-4.21885e-11
-3.88578e-11
-1.11022e-12
-1.77636e-11
9.99201e-12
-2.10942e-11
-2.22045e-12
-2.22045e-12
0
-1.11022e-12
1.11022e-12
0
4.44089e-12
0
3.33067e-12
0
0
1.11022e-12
0
-2.44249e-11
0
2.55351e-11
1.88738e-11
3.55271e-11
1.77636e-11
0
1.11022e-12
1.11022e-12
3.33067e-12
4.44089e-12
2.22045e-12
-3.33067e-12
-4.44089e-12
3.33067e-12
0
-2.22045e-12
-6.66134e-12
3.33067e-11
-2.10942e-11
-1.77636e-11
2.55351e-11
3.44169e-11
1.44329e-11
1.77636e-11
-3.21965e-11
2.66454e-11
1.11022e-12
-1.11022e-12
0
1.11022e-12
-1.11022e-12
0
0
0
0
0
0
-2.22045e-12
0
0
0
4.10783e-11
1.11022e-12
-1.11022e-11
2.9976e-11
3.55271e-11
9.99201e-12
5.55112e-12
-3.33067e-12
-1.11022e-12
2.22045e-12
-1.11022e-12
2.22045e-12
-3.33067e-12
4.44089e-12
-2.33147e-11
-4.21885e-11
-5.66214e-11
2.55351e-11
5.44009e-11
-1.9984e-11
-2.22045e-12
-2.88658e-11
0
2.33147e-11
-1.55431e-11
0
0
0
0
3.33067e-12
0
-3.33067e-12
0
-4.44089e-12
0
0
1.88738e-11
-1.11022e-12
5.10703e-11
-3.9968e-11
-1.9984e-11
3.21965e-11
-6.66134e-12
-3.33067e-12
-2.77556e-11
-9.99201e-12
-2.22045e-12
3.33067e-12
-2.22045e-12
-4.44089e-12
1.11022e-12
-3.33067e-12
3.33067e-12
-4.44089e-12
2.33147e-11
4.21885e-11
3.33067e-11
-2.44249e-11
-1.66533e-11
5.9952e-11
-1.9984e-11
1.55431e-11
6.66134e-12
3.9968e-11
-1.11022e-12
-3.33067e-12
-1.11022e-12
-3.33067e-12
0
-3.33067e-12
-1.11022e-12
0
-3.33067e-12
1.11022e-12
-1.11022e-11
-3.77476e-11
2.22045e-11
-3.77476e-11
-1.77636e-11
-1.22125e-11
-4.21885e-11
-4.66294e-11
-2.44249e-11
-2.88658e-11
2.66454e-11
2.22045e-12
1.11022e-12
0
-1.11022e-12
0
-1.11022e-12
1.11022e-12
-3.33067e-12
0
-1.11022e-11
-2.44249e-11
1.9984e-11
-1.22125e-11
1.66533e-11
-2.33147e-11
8.88178e-12
9.99201e-12
7.77156e-12
-2.9976e-11
2.55351e-11
5.55112e-12
0
0
2.22045e-12
0
0
0
0
0
-1.33227e-11
-5.55112e-12
0
6.32827e-11
0
-7.77156e-12
0
4.10783e-11
0
0
0
-1.11022e-12
0
1.11022e-12
0
0
1.11022e-12
-1.11022e-12
1.11022e-12
1.11022e-12
1.11022e-12
7.77156e-12
-5.44009e-11
3.33067e-12
-5.10703e-11
2.55351e-11
-2.44249e-11
-2.88658e-11
-4.55191e-11
2.10942e-11
7.77156e-12
0
2.22045e-12
0
0
2.22045e-12
0
0
0
0
2.22045e-12
0
0
0
0
-1.11022e-12
3.10862e-11
-2.77556e-11
3.44169e-11
3.21965e-11
-3.9968e-11
7.77156e-12
-3.33067e-12
-4.44089e-12
3.33067e-12
0
-1.11022e-12
0
-1.11022e-12
-1.11022e-12
-1.55431e-11
-2.44249e-11
1.77636e-11
-2.9976e-11
1.77636e-11
-6.43929e-11
-5.55112e-12
-1.22125e-11
1.9984e-11
4.44089e-12
0
0
2.22045e-12
0
-3.33067e-12
-2.22045e-12
0
3.33067e-12
1.11022e-12
0
1.55431e-11
2.77556e-11
-4.10783e-11
-2.66454e-11
-3.10862e-11
7.77156e-12
0
2.44249e-11
-7.77156e-12
0
2.22045e-11
-4.44089e-12
0
1.11022e-12
-2.22045e-12
0
0
0
0
1.11022e-12
0
3.9968e-11
1.77636e-11
3.77476e-11
6.66134e-12
2.22045e-12
6.66134e-12
2.33813e-09
5.77316e-11
-3.66374e-11
-2.77556e-11
0
-4.44089e-12
3.33067e-12
0
2.22045e-12
1.11022e-12
0
0
-1.11022e-12
-2.22045e-12
-5.55112e-12
0
-6.66134e-12
-1.11022e-12
6.21725e-11
2.33702e-09
4.15656e-07
4.69957e-09
-1.11022e-11
1.11022e-12
2.22045e-11
0
0
2.10942e-11
0
2.22045e-12
1.11022e-12
0
9.10383e-11
1.11022e-11
-2.9976e-11
-2.44249e-11
3.88578e-11
6.10623e-11
2.36478e-09
2.35478e-09
4.13357e-07
4.65961e-09
2.10942e-11
2.10942e-11
1.88738e-11
0
-4.44089e-12
2.33147e-11
-2.22045e-12
1.11022e-12
-2.22045e-12
-1.11022e-12
8.99281e-11
-4.44089e-12
-1.33227e-11
1.66533e-11
4.66294e-11
9.10383e-11
2.29483e-09
)
;
    }
}


// ************************************************************************* //
