/*--------------------------------*- C++ -*----------------------------------*\
  =========                 |
  \\      /  F ield         | OpenFOAM: The Open Source CFD Toolbox
   \\    /   O peration     | Website:  https://openfoam.org
    \\  /    A nd           | Version:  8
     \\/     M anipulation  |
\*---------------------------------------------------------------------------*/
FoamFile
{
    version     2.0;
    format      ascii;
    class       volScalarField;
    location    "2.7";
    object      gradTx;
}
// * * * * * * * * * * * * * * * * * * * * * * * * * * * * * * * * * * * * * //

dimensions      [0 -1 0 1 0 0 0];

internalField   nonuniform List<scalar> 
400
(
-3.11007e-08
-3.15559e-08
-6.68354e-10
-1.42109e-10
7.54952e-11
1.22125e-10
1.57652e-10
-5.55112e-12
-7.66054e-11
-5.21805e-11
-1.43219e-10
1.66533e-11
0
-9.10383e-11
1.21014e-10
-2.10942e-11
8.88178e-12
8.50431e-10
3.10785e-08
3.03357e-08
-8.59313e-10
-8.9373e-10
-1.70974e-10
-1.33227e-11
7.66054e-11
5.9952e-11
1.11022e-12
-1.12133e-10
1.11022e-10
6.43929e-11
-1.69864e-10
2.88658e-11
1.31006e-10
-1.02141e-10
-8.32667e-11
-4.66294e-11
5.12923e-10
3.11418e-08
1.45823e-06
1.42765e-06
-5.10703e-11
-1.88738e-11
-1.77636e-11
-7.88258e-11
1.39888e-10
8.21565e-11
-3.66374e-11
-1.11022e-12
-2.9976e-11
3.88578e-11
-8.43769e-11
1.22125e-11
-1.11022e-12
-1.76525e-10
1.22125e-10
8.54872e-11
-2.22045e-12
1.46327e-09
6.35036e-08
6.21259e-08
2.66454e-11
7.77156e-12
-8.21565e-11
4.10783e-11
6.10623e-11
-1.13243e-10
1.32117e-10
8.21565e-11
-2.33147e-11
1.35447e-10
-1.12133e-10
-1.06581e-10
0
8.21565e-11
1.32117e-10
8.88178e-12
4.44089e-12
-1.06581e-10
1.24678e-09
1.35225e-09
-4.88498e-11
-3.55271e-11
-1.22125e-11
-8.65974e-11
3.33067e-12
1.28786e-10
1.4766e-10
-7.66054e-11
-1.26565e-10
0
1.32117e-10
1.07692e-10
-1.11022e-12
1.33227e-11
-1.65423e-10
7.77156e-12
9.32587e-11
-1.16573e-10
3.21965e-11
1.16573e-10
-3.66374e-11
5.88418e-11
0
-6.77236e-11
2.55351e-11
6.66134e-11
6.21725e-11
0
-1.12133e-10
-2.9976e-11
8.21565e-11
1.88738e-11
-1.11022e-12
0
2.88658e-11
3.21965e-11
-1.33227e-11
0
9.4369e-11
4.77396e-11
-2.9976e-11
-2.88658e-11
-9.88098e-11
-3.21965e-11
8.43769e-11
-3.21965e-11
3.10862e-11
5.32907e-11
-1.9984e-11
-2.88658e-11
2.10942e-11
3.33067e-11
0
-4.44089e-12
-6.43929e-11
1.55431e-11
3.21965e-11
-3.10862e-11
-3.10862e-11
-7.77156e-12
-3.10862e-11
-3.33067e-11
-4.44089e-12
0
3.33067e-12
0
-3.33067e-12
0
3.33067e-12
-3.33067e-12
0
0
1.11022e-12
0
-4.44089e-12
0
1.11022e-12
3.33067e-12
0
-4.44089e-12
-1.44329e-11
-1.66533e-11
-2.22045e-12
-1.11022e-12
4.44089e-12
1.11022e-12
-1.11022e-12
0
-2.22045e-12
0
-1.11022e-12
2.22045e-12
0
0
3.33067e-12
-3.33067e-12
-2.22045e-12
0
2.10942e-11
2.33147e-11
1.11022e-12
0
0
1.11022e-12
2.22045e-12
-1.11022e-12
2.22045e-12
3.33067e-12
-4.44089e-12
-3.33067e-12
0
0
0
2.22045e-12
0
-2.22045e-12
0
2.22045e-12
0
-2.22045e-12
0
-1.11022e-12
2.22045e-12
0
-3.33067e-12
0
-1.11022e-12
0
1.11022e-12
-1.11022e-12
-1.11022e-12
0
1.11022e-12
0
-1.11022e-12
0
0
1.11022e-12
2.22045e-12
1.11022e-12
0
0
4.44089e-12
4.44089e-12
-4.44089e-12
0
2.22045e-12
-3.33067e-12
-3.33067e-12
0
1.11022e-12
0
-1.11022e-12
0
0
3.33067e-12
0
0
1.11022e-12
-2.22045e-12
2.22045e-12
3.33067e-12
-2.22045e-12
0
3.33067e-12
0
-3.33067e-12
0
3.33067e-12
-3.33067e-12
-3.33067e-12
0
1.11022e-12
0
-1.11022e-12
1.11022e-12
0
0
0
-1.11022e-12
-1.22125e-11
-3.44169e-11
3.44169e-11
9.88098e-11
8.88178e-12
-1.11022e-12
2.33147e-11
-6.55032e-11
-3.66374e-11
2.55351e-11
-5.21805e-11
-1.11022e-12
7.88258e-11
1.11022e-12
-2.66454e-11
-5.44009e-11
1.22125e-11
0
1.33227e-10
1.86517e-10
-4.88498e-11
4.66294e-11
1.05471e-10
4.44089e-12
-5.55112e-12
-3.33067e-12
-1.4877e-10
0
1.44329e-10
-1.19904e-10
-1.18794e-10
-2.55351e-11
4.996e-11
1.11022e-12
-7.66054e-11
7.66054e-11
3.33067e-12
3.33067e-12
4.996e-11
-2.44249e-11
-8.10463e-11
-2.55351e-11
8.43769e-11
0
-2.88658e-11
-4.44089e-12
-1.67644e-10
0
1.65423e-10
-1.46549e-10
-7.43849e-11
-1.77636e-11
0
-3.33067e-12
-9.99201e-11
1.28786e-10
1.9873e-10
-2.22045e-11
-1.44329e-10
-5.44009e-11
-1.43663e-09
-1.45772e-09
5.9952e-11
-2.10942e-11
1.0103e-10
-9.99201e-12
-1.84297e-10
7.77156e-11
1.24345e-10
6.32827e-11
5.88418e-11
2.22045e-12
-1.92069e-10
-3.33067e-12
6.10623e-11
-1.34337e-10
6.66134e-11
0
-8.10463e-11
5.55112e-11
-6.22635e-08
-6.35747e-08
-1.26454e-09
-1.55431e-11
-5.55112e-11
2.22045e-12
6.88338e-11
8.88178e-12
-7.21645e-11
-1.4988e-10
-5.44009e-11
2.15383e-10
1.11022e-11
0
-9.76996e-11
-9.4369e-11
1.32117e-10
-1.66533e-11
1.52101e-10
1.86517e-10
-1.42779e-06
-1.45828e-06
-3.09175e-08
-5.07372e-10
-6.32827e-11
1.11022e-12
1.78746e-10
1.76525e-10
-4.66294e-11
-7.32747e-11
5.55112e-11
1.11022e-12
-1.82077e-10
0
5.77316e-11
-1.06581e-10
1.88738e-11
1.44329e-11
1.09024e-09
1.17573e-09
-3.02869e-08
-3.09996e-08
-9.30367e-10
-1.22125e-11
7.66054e-11
0
-7.43849e-11
-1.33227e-10
2.09832e-10
-3.77476e-11
-6.77236e-11
-2.77556e-11
7.32747e-11
-5.55112e-12
-2.22045e-10
1.77636e-11
1.77636e-11
6.51701e-10
3.15981e-08
3.09353e-08
)
;

boundaryField
{
    front
    {
        type            calculated;
        value           nonuniform List<scalar> 
20
(
-3.11007e-08
-3.15559e-08
-6.68354e-10
-1.42109e-10
7.54952e-11
1.22125e-10
1.57652e-10
-5.55112e-12
-7.66054e-11
-5.21805e-11
-1.43219e-10
1.66533e-11
0
-9.10383e-11
1.21014e-10
-2.10942e-11
8.88178e-12
8.50431e-10
3.10785e-08
3.03357e-08
)
;
    }
    back
    {
        type            calculated;
        value           nonuniform List<scalar> 
20
(
-3.02869e-08
-3.09996e-08
-9.30367e-10
-1.22125e-11
7.66054e-11
0
-7.43849e-11
-1.33227e-10
2.09832e-10
-3.77476e-11
-6.77236e-11
-2.77556e-11
7.32747e-11
-5.55112e-12
-2.22045e-10
1.77636e-11
1.77636e-11
6.51701e-10
3.15981e-08
3.09353e-08
)
;
    }
    left
    {
        type            calculated;
        value           uniform 0;
    }
    right
    {
        type            calculated;
        value           uniform 0;
    }
    top
    {
        type            calculated;
        value           nonuniform List<scalar> 
400
(
-3.11007e-08
-8.59313e-10
-5.10703e-11
2.66454e-11
-4.88498e-11
-3.66374e-11
-2.9976e-11
-3.10862e-11
-1.44329e-11
1.11022e-12
0
0
2.22045e-12
-1.22125e-11
-4.88498e-11
-8.10463e-11
-1.43663e-09
-6.22635e-08
-1.42779e-06
-3.02869e-08
-3.15559e-08
-8.9373e-10
-1.88738e-11
7.77156e-12
-3.55271e-11
5.88418e-11
-2.88658e-11
-3.33067e-11
-1.66533e-11
0
-1.11022e-12
0
3.33067e-12
-3.44169e-11
4.66294e-11
-2.55351e-11
-1.45772e-09
-6.35747e-08
-1.45828e-06
-3.09996e-08
-6.68354e-10
-1.70974e-10
-1.77636e-11
-8.21565e-11
-1.22125e-11
0
-9.88098e-11
-4.44089e-12
-2.22045e-12
0
2.22045e-12
4.44089e-12
-2.22045e-12
3.44169e-11
1.05471e-10
8.43769e-11
5.9952e-11
-1.26454e-09
-3.09175e-08
-9.30367e-10
-1.42109e-10
-1.33227e-11
-7.88258e-11
4.10783e-11
-8.65974e-11
-6.77236e-11
-3.21965e-11
0
-1.11022e-12
1.11022e-12
0
4.44089e-12
0
9.88098e-11
4.44089e-12
0
-2.10942e-11
-1.55431e-11
-5.07372e-10
-1.22125e-11
7.54952e-11
7.66054e-11
1.39888e-10
6.10623e-11
3.33067e-12
2.55351e-11
8.43769e-11
3.33067e-12
4.44089e-12
2.22045e-12
-3.33067e-12
-4.44089e-12
3.33067e-12
8.88178e-12
-5.55112e-12
-2.88658e-11
1.0103e-10
-5.55112e-11
-6.32827e-11
7.66054e-11
1.22125e-10
5.9952e-11
8.21565e-11
-1.13243e-10
1.28786e-10
6.66134e-11
-3.21965e-11
0
1.11022e-12
-1.11022e-12
0
0
0
-1.11022e-12
-3.33067e-12
-4.44089e-12
-9.99201e-12
2.22045e-12
1.11022e-12
0
1.57652e-10
1.11022e-12
-3.66374e-11
1.32117e-10
1.4766e-10
6.21725e-11
3.10862e-11
-3.33067e-12
-1.11022e-12
2.22045e-12
-1.11022e-12
2.22045e-12
-3.33067e-12
2.33147e-11
-1.4877e-10
-1.67644e-10
-1.84297e-10
6.88338e-11
1.78746e-10
-7.43849e-11
-5.55112e-12
-1.12133e-10
-1.11022e-12
8.21565e-11
-7.66054e-11
0
5.32907e-11
0
0
3.33067e-12
0
-3.33067e-12
0
-6.55032e-11
0
0
7.77156e-11
8.88178e-12
1.76525e-10
-1.33227e-10
-7.66054e-11
1.11022e-10
-2.9976e-11
-2.33147e-11
-1.26565e-10
-1.12133e-10
-1.9984e-11
3.33067e-12
-2.22045e-12
-4.44089e-12
1.11022e-12
-3.33067e-12
3.33067e-12
-3.66374e-11
1.44329e-10
1.65423e-10
1.24345e-10
-7.21645e-11
-4.66294e-11
2.09832e-10
-5.21805e-11
6.43929e-11
3.88578e-11
1.35447e-10
0
-2.9976e-11
-2.88658e-11
-3.33067e-12
0
-3.33067e-12
-1.11022e-12
0
-3.33067e-12
2.55351e-11
-1.19904e-10
-1.46549e-10
6.32827e-11
-1.4988e-10
-7.32747e-11
-3.77476e-11
-1.43219e-10
-1.69864e-10
-8.43769e-11
-1.12133e-10
1.32117e-10
8.21565e-11
2.10942e-11
0
-1.11022e-12
0
-1.11022e-12
1.11022e-12
-3.33067e-12
-5.21805e-11
-1.18794e-10
-7.43849e-11
5.88418e-11
-5.44009e-11
5.55112e-11
-6.77236e-11
1.66533e-11
2.88658e-11
1.22125e-11
-1.06581e-10
1.07692e-10
1.88738e-11
3.33067e-11
0
2.22045e-12
0
0
0
0
-1.11022e-12
-2.55351e-11
-1.77636e-11
2.22045e-12
2.15383e-10
1.11022e-12
-2.77556e-11
0
1.31006e-10
-1.11022e-12
0
-1.11022e-12
-1.11022e-12
0
1.11022e-12
0
0
1.11022e-12
-1.11022e-12
1.11022e-12
7.88258e-11
4.996e-11
0
-1.92069e-10
1.11022e-11
-1.82077e-10
7.32747e-11
-9.10383e-11
-1.02141e-10
-1.76525e-10
8.21565e-11
1.33227e-11
0
-4.44089e-12
0
0
2.22045e-12
0
0
0
1.11022e-12
1.11022e-12
-3.33067e-12
-3.33067e-12
0
0
-5.55112e-12
1.21014e-10
-8.32667e-11
1.22125e-10
1.32117e-10
-1.65423e-10
2.88658e-11
-6.43929e-11
-4.44089e-12
3.33067e-12
0
-1.11022e-12
0
-1.11022e-12
-2.66454e-11
-7.66054e-11
-9.99201e-11
6.10623e-11
-9.76996e-11
5.77316e-11
-2.22045e-10
-2.10942e-11
-4.66294e-11
8.54872e-11
8.88178e-12
7.77156e-12
3.21965e-11
1.55431e-11
0
-3.33067e-12
-2.22045e-12
0
3.33067e-12
1.11022e-12
-5.44009e-11
7.66054e-11
1.28786e-10
-1.34337e-10
-9.4369e-11
-1.06581e-10
1.77636e-11
8.88178e-12
5.12923e-10
-2.22045e-12
4.44089e-12
9.32587e-11
-1.33227e-11
3.21965e-11
1.11022e-12
-2.22045e-12
0
0
0
0
1.22125e-11
3.33067e-12
1.9873e-10
6.66134e-11
1.32117e-10
1.88738e-11
1.77636e-11
8.50431e-10
3.11418e-08
1.46327e-09
-1.06581e-10
-1.16573e-10
0
-3.10862e-11
3.33067e-12
0
2.22045e-12
1.11022e-12
0
0
0
3.33067e-12
-2.22045e-11
0
-1.66533e-11
1.44329e-11
6.51701e-10
3.10785e-08
1.45823e-06
6.35036e-08
1.24678e-09
3.21965e-11
9.4369e-11
-3.10862e-11
0
2.10942e-11
0
2.22045e-12
1.11022e-12
0
1.33227e-10
4.996e-11
-1.44329e-10
-8.10463e-11
1.52101e-10
1.09024e-09
3.15981e-08
3.03357e-08
1.42765e-06
6.21259e-08
1.35225e-09
1.16573e-10
4.77396e-11
-7.77156e-12
-4.44089e-12
2.33147e-11
-2.22045e-12
1.11022e-12
-2.22045e-12
-1.11022e-12
1.86517e-10
-2.44249e-11
-5.44009e-11
5.55112e-11
1.86517e-10
1.17573e-09
3.09353e-08
)
;
    }
    bottom
    {
        type            calculated;
        value           nonuniform List<scalar> 
400
(
-3.11007e-08
-8.59313e-10
-5.10703e-11
2.66454e-11
-4.88498e-11
-3.66374e-11
-2.9976e-11
-3.10862e-11
-1.44329e-11
1.11022e-12
0
0
2.22045e-12
-1.22125e-11
-4.88498e-11
-8.10463e-11
-1.43663e-09
-6.22635e-08
-1.42779e-06
-3.02869e-08
-3.15559e-08
-8.9373e-10
-1.88738e-11
7.77156e-12
-3.55271e-11
5.88418e-11
-2.88658e-11
-3.33067e-11
-1.66533e-11
0
-1.11022e-12
0
3.33067e-12
-3.44169e-11
4.66294e-11
-2.55351e-11
-1.45772e-09
-6.35747e-08
-1.45828e-06
-3.09996e-08
-6.68354e-10
-1.70974e-10
-1.77636e-11
-8.21565e-11
-1.22125e-11
0
-9.88098e-11
-4.44089e-12
-2.22045e-12
0
2.22045e-12
4.44089e-12
-2.22045e-12
3.44169e-11
1.05471e-10
8.43769e-11
5.9952e-11
-1.26454e-09
-3.09175e-08
-9.30367e-10
-1.42109e-10
-1.33227e-11
-7.88258e-11
4.10783e-11
-8.65974e-11
-6.77236e-11
-3.21965e-11
0
-1.11022e-12
1.11022e-12
0
4.44089e-12
0
9.88098e-11
4.44089e-12
0
-2.10942e-11
-1.55431e-11
-5.07372e-10
-1.22125e-11
7.54952e-11
7.66054e-11
1.39888e-10
6.10623e-11
3.33067e-12
2.55351e-11
8.43769e-11
3.33067e-12
4.44089e-12
2.22045e-12
-3.33067e-12
-4.44089e-12
3.33067e-12
8.88178e-12
-5.55112e-12
-2.88658e-11
1.0103e-10
-5.55112e-11
-6.32827e-11
7.66054e-11
1.22125e-10
5.9952e-11
8.21565e-11
-1.13243e-10
1.28786e-10
6.66134e-11
-3.21965e-11
0
1.11022e-12
-1.11022e-12
0
0
0
-1.11022e-12
-3.33067e-12
-4.44089e-12
-9.99201e-12
2.22045e-12
1.11022e-12
0
1.57652e-10
1.11022e-12
-3.66374e-11
1.32117e-10
1.4766e-10
6.21725e-11
3.10862e-11
-3.33067e-12
-1.11022e-12
2.22045e-12
-1.11022e-12
2.22045e-12
-3.33067e-12
2.33147e-11
-1.4877e-10
-1.67644e-10
-1.84297e-10
6.88338e-11
1.78746e-10
-7.43849e-11
-5.55112e-12
-1.12133e-10
-1.11022e-12
8.21565e-11
-7.66054e-11
0
5.32907e-11
0
0
3.33067e-12
0
-3.33067e-12
0
-6.55032e-11
0
0
7.77156e-11
8.88178e-12
1.76525e-10
-1.33227e-10
-7.66054e-11
1.11022e-10
-2.9976e-11
-2.33147e-11
-1.26565e-10
-1.12133e-10
-1.9984e-11
3.33067e-12
-2.22045e-12
-4.44089e-12
1.11022e-12
-3.33067e-12
3.33067e-12
-3.66374e-11
1.44329e-10
1.65423e-10
1.24345e-10
-7.21645e-11
-4.66294e-11
2.09832e-10
-5.21805e-11
6.43929e-11
3.88578e-11
1.35447e-10
0
-2.9976e-11
-2.88658e-11
-3.33067e-12
0
-3.33067e-12
-1.11022e-12
0
-3.33067e-12
2.55351e-11
-1.19904e-10
-1.46549e-10
6.32827e-11
-1.4988e-10
-7.32747e-11
-3.77476e-11
-1.43219e-10
-1.69864e-10
-8.43769e-11
-1.12133e-10
1.32117e-10
8.21565e-11
2.10942e-11
0
-1.11022e-12
0
-1.11022e-12
1.11022e-12
-3.33067e-12
-5.21805e-11
-1.18794e-10
-7.43849e-11
5.88418e-11
-5.44009e-11
5.55112e-11
-6.77236e-11
1.66533e-11
2.88658e-11
1.22125e-11
-1.06581e-10
1.07692e-10
1.88738e-11
3.33067e-11
0
2.22045e-12
0
0
0
0
-1.11022e-12
-2.55351e-11
-1.77636e-11
2.22045e-12
2.15383e-10
1.11022e-12
-2.77556e-11
0
1.31006e-10
-1.11022e-12
0
-1.11022e-12
-1.11022e-12
0
1.11022e-12
0
0
1.11022e-12
-1.11022e-12
1.11022e-12
7.88258e-11
4.996e-11
0
-1.92069e-10
1.11022e-11
-1.82077e-10
7.32747e-11
-9.10383e-11
-1.02141e-10
-1.76525e-10
8.21565e-11
1.33227e-11
0
-4.44089e-12
0
0
2.22045e-12
0
0
0
1.11022e-12
1.11022e-12
-3.33067e-12
-3.33067e-12
0
0
-5.55112e-12
1.21014e-10
-8.32667e-11
1.22125e-10
1.32117e-10
-1.65423e-10
2.88658e-11
-6.43929e-11
-4.44089e-12
3.33067e-12
0
-1.11022e-12
0
-1.11022e-12
-2.66454e-11
-7.66054e-11
-9.99201e-11
6.10623e-11
-9.76996e-11
5.77316e-11
-2.22045e-10
-2.10942e-11
-4.66294e-11
8.54872e-11
8.88178e-12
7.77156e-12
3.21965e-11
1.55431e-11
0
-3.33067e-12
-2.22045e-12
0
3.33067e-12
1.11022e-12
-5.44009e-11
7.66054e-11
1.28786e-10
-1.34337e-10
-9.4369e-11
-1.06581e-10
1.77636e-11
8.88178e-12
5.12923e-10
-2.22045e-12
4.44089e-12
9.32587e-11
-1.33227e-11
3.21965e-11
1.11022e-12
-2.22045e-12
0
0
0
0
1.22125e-11
3.33067e-12
1.9873e-10
6.66134e-11
1.32117e-10
1.88738e-11
1.77636e-11
8.50431e-10
3.11418e-08
1.46327e-09
-1.06581e-10
-1.16573e-10
0
-3.10862e-11
3.33067e-12
0
2.22045e-12
1.11022e-12
0
0
0
3.33067e-12
-2.22045e-11
0
-1.66533e-11
1.44329e-11
6.51701e-10
3.10785e-08
1.45823e-06
6.35036e-08
1.24678e-09
3.21965e-11
9.4369e-11
-3.10862e-11
0
2.10942e-11
0
2.22045e-12
1.11022e-12
0
1.33227e-10
4.996e-11
-1.44329e-10
-8.10463e-11
1.52101e-10
1.09024e-09
3.15981e-08
3.03357e-08
1.42765e-06
6.21259e-08
1.35225e-09
1.16573e-10
4.77396e-11
-7.77156e-12
-4.44089e-12
2.33147e-11
-2.22045e-12
1.11022e-12
-2.22045e-12
-1.11022e-12
1.86517e-10
-2.44249e-11
-5.44009e-11
5.55112e-11
1.86517e-10
1.17573e-09
3.09353e-08
)
;
    }
}


// ************************************************************************* //
