/*--------------------------------*- C++ -*----------------------------------*\
  =========                 |
  \\      /  F ield         | OpenFOAM: The Open Source CFD Toolbox
   \\    /   O peration     | Website:  https://openfoam.org
    \\  /    A nd           | Version:  8
     \\/     M anipulation  |
\*---------------------------------------------------------------------------*/
FoamFile
{
    version     2.0;
    format      ascii;
    class       volScalarField;
    location    "2.7";
    object      gradTy;
}
// * * * * * * * * * * * * * * * * * * * * * * * * * * * * * * * * * * * * * //

dimensions      [0 -1 0 1 0 0 0];

internalField   nonuniform List<scalar> 
400
(
-5751.62
-5751.62
-5751.62
-5751.62
-5751.62
-5751.62
-5751.62
-5751.62
-5751.62
-5751.62
-5751.62
-5751.62
-5751.62
-5751.62
-5751.62
-5751.62
-5751.62
-5751.62
-5751.62
-5751.62
-243.078
-243.078
-243.078
-243.078
-243.078
-243.078
-243.078
-243.078
-243.078
-243.078
-243.078
-243.078
-243.078
-243.078
-243.078
-243.078
-243.078
-243.078
-243.078
-243.078
-5.22079
-5.22079
-5.22079
-5.22079
-5.22079
-5.22079
-5.22079
-5.22079
-5.22079
-5.22079
-5.22079
-5.22079
-5.22079
-5.22079
-5.22079
-5.22079
-5.22079
-5.22079
-5.22079
-5.22079
-0.0751669
-0.0751669
-0.0751669
-0.0751669
-0.0751669
-0.0751669
-0.0751669
-0.0751669
-0.0751669
-0.0751669
-0.0751669
-0.0751669
-0.0751669
-0.0751669
-0.0751669
-0.0751669
-0.0751669
-0.0751669
-0.0751669
-0.0751669
-0.000814365
-0.000814365
-0.000814365
-0.000814365
-0.000814365
-0.000814365
-0.000814365
-0.000814365
-0.000814365
-0.000814365
-0.000814365
-0.000814365
-0.000814365
-0.000814365
-0.000814365
-0.000814365
-0.000814365
-0.000814365
-0.000814365
-0.000814366
-7.07648e-06
-7.07646e-06
-7.07648e-06
-7.07655e-06
-7.07643e-06
-7.07647e-06
-7.07659e-06
-7.07658e-06
-7.07646e-06
-7.07648e-06
-7.07649e-06
-7.07659e-06
-7.07656e-06
-7.07659e-06
-7.07658e-06
-7.07649e-06
-7.07657e-06
-7.07655e-06
-7.07649e-06
-7.07661e-06
-5.13523e-08
-5.13456e-08
-5.14455e-08
-5.13511e-08
-5.13778e-08
-5.13734e-08
-5.14455e-08
-5.14377e-08
-5.14455e-08
-5.13223e-08
-5.14178e-08
-5.14044e-08
-5.14366e-08
-5.14033e-08
-5.14355e-08
-5.14366e-08
-5.14688e-08
-5.14222e-08
-5.14644e-08
-5.15177e-08
-3.85247e-10
-3.69704e-10
-3.73035e-10
-2.73115e-10
-3.40838e-10
-3.53051e-10
-3.06422e-10
-3.86358e-10
-3.57492e-10
-3.70814e-10
-3.28626e-10
-3.94129e-10
-3.59712e-10
-3.94129e-10
-3.55271e-10
-3.26406e-10
-3.74145e-10
-3.61933e-10
-3.41949e-10
-3.09752e-10
-3.55271e-11
-5.55112e-12
-3.33067e-12
0
-1.11022e-12
-1.11022e-12
-3.33067e-12
5.55112e-12
0
-3.33067e-12
0
-3.33067e-12
0
-4.44089e-12
2.22045e-12
0
0
0
-2.22045e-12
0
-1.55431e-11
0
0
4.44089e-12
0
-3.33067e-12
0
-4.44089e-12
0
0
-1.11022e-12
0
-3.33067e-12
1.11022e-12
-3.33067e-12
-3.33067e-12
0
-1.11022e-12
1.11022e-12
-1.9984e-11
0
0
0
4.44089e-12
2.22045e-12
-1.11022e-12
3.33067e-12
-1.11022e-12
-3.33067e-12
0
0
1.11022e-12
0
0
-2.22045e-12
0
3.33067e-12
0
1.11022e-12
1.11022e-12
-2.22045e-12
0
2.22045e-12
-4.44089e-12
2.22045e-12
2.22045e-12
2.22045e-12
0
2.22045e-12
2.22045e-12
0
0
0
0
0
0
1.11022e-12
0
0
-2.22045e-12
3.28626e-10
3.16414e-10
2.95319e-10
3.45279e-10
3.89688e-10
3.58602e-10
3.89688e-10
3.78586e-10
3.29736e-10
3.43059e-10
3.56382e-10
2.89768e-10
3.56382e-10
3.69704e-10
3.56382e-10
3.43059e-10
2.9865e-10
3.56382e-10
2.9865e-10
4.87388e-10
5.13856e-08
5.13345e-08
5.14289e-08
5.14422e-08
5.14333e-08
5.14333e-08
5.143e-08
5.12879e-08
5.14289e-08
5.143e-08
5.13134e-08
5.13134e-08
5.12879e-08
5.13622e-08
5.12879e-08
5.1289e-08
5.13622e-08
5.12912e-08
5.13667e-08
5.13423e-08
7.07664e-06
7.07657e-06
7.07664e-06
7.07662e-06
7.07655e-06
7.07658e-06
7.07654e-06
7.07639e-06
7.07661e-06
7.07659e-06
7.07643e-06
7.07657e-06
7.07642e-06
7.0765e-06
7.07641e-06
7.07642e-06
7.07659e-06
7.07661e-06
7.07657e-06
7.07633e-06
0.000814366
0.000814365
0.000814365
0.000814365
0.000814365
0.000814365
0.000814365
0.000814365
0.000814365
0.000814365
0.000814365
0.000814365
0.000814365
0.000814365
0.000814365
0.000814365
0.000814365
0.000814365
0.000814365
0.000814365
0.0751669
0.0751669
0.0751669
0.0751669
0.0751669
0.0751669
0.0751669
0.0751669
0.0751669
0.0751669
0.0751669
0.0751669
0.0751669
0.0751669
0.0751669
0.0751669
0.0751669
0.0751669
0.0751669
0.0751669
5.22079
5.22079
5.22079
5.22079
5.22079
5.22079
5.22079
5.22079
5.22079
5.22079
5.22079
5.22079
5.22079
5.22079
5.22079
5.22079
5.22079
5.22079
5.22079
5.22079
243.078
243.078
243.078
243.078
243.078
243.078
243.078
243.078
243.078
243.078
243.078
243.078
243.078
243.078
243.078
243.078
243.078
243.078
243.078
243.078
5751.62
5751.62
5751.62
5751.62
5751.62
5751.62
5751.62
5751.62
5751.62
5751.62
5751.62
5751.62
5751.62
5751.62
5751.62
5751.62
5751.62
5751.62
5751.62
5751.62
)
;

boundaryField
{
    front
    {
        type            calculated;
        value           nonuniform List<scalar> 
20
(
-11027.4
-11027.4
-11027.4
-11027.4
-11027.4
-11027.4
-11027.4
-11027.4
-11027.4
-11027.4
-11027.4
-11027.4
-11027.4
-11027.4
-11027.4
-11027.4
-11027.4
-11027.4
-11027.4
-11027.4
)
;
    }
    back
    {
        type            calculated;
        value           nonuniform List<scalar> 
20
(
11027.4
11027.4
11027.4
11027.4
11027.4
11027.4
11027.4
11027.4
11027.4
11027.4
11027.4
11027.4
11027.4
11027.4
11027.4
11027.4
11027.4
11027.4
11027.4
11027.4
)
;
    }
    left
    {
        type            calculated;
        value           nonuniform List<scalar> 
20
(
-5751.62
-243.078
-5.22079
-0.0751669
-0.000814365
-7.07648e-06
-5.13523e-08
-3.85247e-10
-3.55271e-11
-1.55431e-11
0
-2.22045e-12
3.28626e-10
5.13856e-08
7.07664e-06
0.000814366
0.0751669
5.22079
243.078
5751.62
)
;
    }
    right
    {
        type            calculated;
        value           nonuniform List<scalar> 
20
(
-5751.62
-243.078
-5.22079
-0.0751669
-0.000814366
-7.07661e-06
-5.15177e-08
-3.09752e-10
0
-1.9984e-11
1.11022e-12
-2.22045e-12
4.87388e-10
5.13423e-08
7.07633e-06
0.000814365
0.0751669
5.22079
243.078
5751.62
)
;
    }
    top
    {
        type            calculated;
        value           nonuniform List<scalar> 
400
(
-5751.62
-243.078
-5.22079
-0.0751669
-0.000814365
-7.07648e-06
-5.13523e-08
-3.85247e-10
-3.55271e-11
-1.55431e-11
0
-2.22045e-12
3.28626e-10
5.13856e-08
7.07664e-06
0.000814366
0.0751669
5.22079
243.078
5751.62
-5751.62
-243.078
-5.22079
-0.0751669
-0.000814365
-7.07646e-06
-5.13456e-08
-3.69704e-10
-5.55112e-12
0
0
0
3.16414e-10
5.13345e-08
7.07657e-06
0.000814365
0.0751669
5.22079
243.078
5751.62
-5751.62
-243.078
-5.22079
-0.0751669
-0.000814365
-7.07648e-06
-5.14455e-08
-3.73035e-10
-3.33067e-12
0
0
2.22045e-12
2.95319e-10
5.14289e-08
7.07664e-06
0.000814365
0.0751669
5.22079
243.078
5751.62
-5751.62
-243.078
-5.22079
-0.0751669
-0.000814365
-7.07655e-06
-5.13511e-08
-2.73115e-10
0
4.44089e-12
4.44089e-12
-4.44089e-12
3.45279e-10
5.14422e-08
7.07662e-06
0.000814365
0.0751669
5.22079
243.078
5751.62
-5751.62
-243.078
-5.22079
-0.0751669
-0.000814365
-7.07643e-06
-5.13778e-08
-3.40838e-10
-1.11022e-12
0
2.22045e-12
2.22045e-12
3.89688e-10
5.14333e-08
7.07655e-06
0.000814365
0.0751669
5.22079
243.078
5751.62
-5751.62
-243.078
-5.22079
-0.0751669
-0.000814365
-7.07647e-06
-5.13734e-08
-3.53051e-10
-1.11022e-12
-3.33067e-12
-1.11022e-12
2.22045e-12
3.58602e-10
5.14333e-08
7.07658e-06
0.000814365
0.0751669
5.22079
243.078
5751.62
-5751.62
-243.078
-5.22079
-0.0751669
-0.000814365
-7.07659e-06
-5.14455e-08
-3.06422e-10
-3.33067e-12
0
3.33067e-12
2.22045e-12
3.89688e-10
5.143e-08
7.07654e-06
0.000814365
0.0751669
5.22079
243.078
5751.62
-5751.62
-243.078
-5.22079
-0.0751669
-0.000814365
-7.07658e-06
-5.14377e-08
-3.86358e-10
5.55112e-12
-4.44089e-12
-1.11022e-12
0
3.78586e-10
5.12879e-08
7.07639e-06
0.000814365
0.0751669
5.22079
243.078
5751.62
-5751.62
-243.078
-5.22079
-0.0751669
-0.000814365
-7.07646e-06
-5.14455e-08
-3.57492e-10
0
0
-3.33067e-12
2.22045e-12
3.29736e-10
5.14289e-08
7.07661e-06
0.000814365
0.0751669
5.22079
243.078
5751.62
-5751.62
-243.078
-5.22079
-0.0751669
-0.000814365
-7.07648e-06
-5.13223e-08
-3.70814e-10
-3.33067e-12
0
0
2.22045e-12
3.43059e-10
5.143e-08
7.07659e-06
0.000814365
0.0751669
5.22079
243.078
5751.62
-5751.62
-243.078
-5.22079
-0.0751669
-0.000814365
-7.07649e-06
-5.14178e-08
-3.28626e-10
0
-1.11022e-12
0
0
3.56382e-10
5.13134e-08
7.07643e-06
0.000814365
0.0751669
5.22079
243.078
5751.62
-5751.62
-243.078
-5.22079
-0.0751669
-0.000814365
-7.07659e-06
-5.14044e-08
-3.94129e-10
-3.33067e-12
0
1.11022e-12
0
2.89768e-10
5.13134e-08
7.07657e-06
0.000814365
0.0751669
5.22079
243.078
5751.62
-5751.62
-243.078
-5.22079
-0.0751669
-0.000814365
-7.07656e-06
-5.14366e-08
-3.59712e-10
0
-3.33067e-12
0
0
3.56382e-10
5.12879e-08
7.07642e-06
0.000814365
0.0751669
5.22079
243.078
5751.62
-5751.62
-243.078
-5.22079
-0.0751669
-0.000814365
-7.07659e-06
-5.14033e-08
-3.94129e-10
-4.44089e-12
1.11022e-12
0
0
3.69704e-10
5.13622e-08
7.0765e-06
0.000814365
0.0751669
5.22079
243.078
5751.62
-5751.62
-243.078
-5.22079
-0.0751669
-0.000814365
-7.07658e-06
-5.14355e-08
-3.55271e-10
2.22045e-12
-3.33067e-12
-2.22045e-12
0
3.56382e-10
5.12879e-08
7.07641e-06
0.000814365
0.0751669
5.22079
243.078
5751.62
-5751.62
-243.078
-5.22079
-0.0751669
-0.000814365
-7.07649e-06
-5.14366e-08
-3.26406e-10
0
-3.33067e-12
0
0
3.43059e-10
5.1289e-08
7.07642e-06
0.000814365
0.0751669
5.22079
243.078
5751.62
-5751.62
-243.078
-5.22079
-0.0751669
-0.000814365
-7.07657e-06
-5.14688e-08
-3.74145e-10
0
0
3.33067e-12
1.11022e-12
2.9865e-10
5.13622e-08
7.07659e-06
0.000814365
0.0751669
5.22079
243.078
5751.62
-5751.62
-243.078
-5.22079
-0.0751669
-0.000814365
-7.07655e-06
-5.14222e-08
-3.61933e-10
0
-1.11022e-12
0
0
3.56382e-10
5.12912e-08
7.07661e-06
0.000814365
0.0751669
5.22079
243.078
5751.62
-5751.62
-243.078
-5.22079
-0.0751669
-0.000814365
-7.07649e-06
-5.14644e-08
-3.41949e-10
-2.22045e-12
1.11022e-12
1.11022e-12
0
2.9865e-10
5.13667e-08
7.07657e-06
0.000814365
0.0751669
5.22079
243.078
5751.62
-5751.62
-243.078
-5.22079
-0.0751669
-0.000814366
-7.07661e-06
-5.15177e-08
-3.09752e-10
0
-1.9984e-11
1.11022e-12
-2.22045e-12
4.87388e-10
5.13423e-08
7.07633e-06
0.000814365
0.0751669
5.22079
243.078
5751.62
)
;
    }
    bottom
    {
        type            calculated;
        value           nonuniform List<scalar> 
400
(
-5751.62
-243.078
-5.22079
-0.0751669
-0.000814365
-7.07648e-06
-5.13523e-08
-3.85247e-10
-3.55271e-11
-1.55431e-11
0
-2.22045e-12
3.28626e-10
5.13856e-08
7.07664e-06
0.000814366
0.0751669
5.22079
243.078
5751.62
-5751.62
-243.078
-5.22079
-0.0751669
-0.000814365
-7.07646e-06
-5.13456e-08
-3.69704e-10
-5.55112e-12
0
0
0
3.16414e-10
5.13345e-08
7.07657e-06
0.000814365
0.0751669
5.22079
243.078
5751.62
-5751.62
-243.078
-5.22079
-0.0751669
-0.000814365
-7.07648e-06
-5.14455e-08
-3.73035e-10
-3.33067e-12
0
0
2.22045e-12
2.95319e-10
5.14289e-08
7.07664e-06
0.000814365
0.0751669
5.22079
243.078
5751.62
-5751.62
-243.078
-5.22079
-0.0751669
-0.000814365
-7.07655e-06
-5.13511e-08
-2.73115e-10
0
4.44089e-12
4.44089e-12
-4.44089e-12
3.45279e-10
5.14422e-08
7.07662e-06
0.000814365
0.0751669
5.22079
243.078
5751.62
-5751.62
-243.078
-5.22079
-0.0751669
-0.000814365
-7.07643e-06
-5.13778e-08
-3.40838e-10
-1.11022e-12
0
2.22045e-12
2.22045e-12
3.89688e-10
5.14333e-08
7.07655e-06
0.000814365
0.0751669
5.22079
243.078
5751.62
-5751.62
-243.078
-5.22079
-0.0751669
-0.000814365
-7.07647e-06
-5.13734e-08
-3.53051e-10
-1.11022e-12
-3.33067e-12
-1.11022e-12
2.22045e-12
3.58602e-10
5.14333e-08
7.07658e-06
0.000814365
0.0751669
5.22079
243.078
5751.62
-5751.62
-243.078
-5.22079
-0.0751669
-0.000814365
-7.07659e-06
-5.14455e-08
-3.06422e-10
-3.33067e-12
0
3.33067e-12
2.22045e-12
3.89688e-10
5.143e-08
7.07654e-06
0.000814365
0.0751669
5.22079
243.078
5751.62
-5751.62
-243.078
-5.22079
-0.0751669
-0.000814365
-7.07658e-06
-5.14377e-08
-3.86358e-10
5.55112e-12
-4.44089e-12
-1.11022e-12
0
3.78586e-10
5.12879e-08
7.07639e-06
0.000814365
0.0751669
5.22079
243.078
5751.62
-5751.62
-243.078
-5.22079
-0.0751669
-0.000814365
-7.07646e-06
-5.14455e-08
-3.57492e-10
0
0
-3.33067e-12
2.22045e-12
3.29736e-10
5.14289e-08
7.07661e-06
0.000814365
0.0751669
5.22079
243.078
5751.62
-5751.62
-243.078
-5.22079
-0.0751669
-0.000814365
-7.07648e-06
-5.13223e-08
-3.70814e-10
-3.33067e-12
0
0
2.22045e-12
3.43059e-10
5.143e-08
7.07659e-06
0.000814365
0.0751669
5.22079
243.078
5751.62
-5751.62
-243.078
-5.22079
-0.0751669
-0.000814365
-7.07649e-06
-5.14178e-08
-3.28626e-10
0
-1.11022e-12
0
0
3.56382e-10
5.13134e-08
7.07643e-06
0.000814365
0.0751669
5.22079
243.078
5751.62
-5751.62
-243.078
-5.22079
-0.0751669
-0.000814365
-7.07659e-06
-5.14044e-08
-3.94129e-10
-3.33067e-12
0
1.11022e-12
0
2.89768e-10
5.13134e-08
7.07657e-06
0.000814365
0.0751669
5.22079
243.078
5751.62
-5751.62
-243.078
-5.22079
-0.0751669
-0.000814365
-7.07656e-06
-5.14366e-08
-3.59712e-10
0
-3.33067e-12
0
0
3.56382e-10
5.12879e-08
7.07642e-06
0.000814365
0.0751669
5.22079
243.078
5751.62
-5751.62
-243.078
-5.22079
-0.0751669
-0.000814365
-7.07659e-06
-5.14033e-08
-3.94129e-10
-4.44089e-12
1.11022e-12
0
0
3.69704e-10
5.13622e-08
7.0765e-06
0.000814365
0.0751669
5.22079
243.078
5751.62
-5751.62
-243.078
-5.22079
-0.0751669
-0.000814365
-7.07658e-06
-5.14355e-08
-3.55271e-10
2.22045e-12
-3.33067e-12
-2.22045e-12
0
3.56382e-10
5.12879e-08
7.07641e-06
0.000814365
0.0751669
5.22079
243.078
5751.62
-5751.62
-243.078
-5.22079
-0.0751669
-0.000814365
-7.07649e-06
-5.14366e-08
-3.26406e-10
0
-3.33067e-12
0
0
3.43059e-10
5.1289e-08
7.07642e-06
0.000814365
0.0751669
5.22079
243.078
5751.62
-5751.62
-243.078
-5.22079
-0.0751669
-0.000814365
-7.07657e-06
-5.14688e-08
-3.74145e-10
0
0
3.33067e-12
1.11022e-12
2.9865e-10
5.13622e-08
7.07659e-06
0.000814365
0.0751669
5.22079
243.078
5751.62
-5751.62
-243.078
-5.22079
-0.0751669
-0.000814365
-7.07655e-06
-5.14222e-08
-3.61933e-10
0
-1.11022e-12
0
0
3.56382e-10
5.12912e-08
7.07661e-06
0.000814365
0.0751669
5.22079
243.078
5751.62
-5751.62
-243.078
-5.22079
-0.0751669
-0.000814365
-7.07649e-06
-5.14644e-08
-3.41949e-10
-2.22045e-12
1.11022e-12
1.11022e-12
0
2.9865e-10
5.13667e-08
7.07657e-06
0.000814365
0.0751669
5.22079
243.078
5751.62
-5751.62
-243.078
-5.22079
-0.0751669
-0.000814366
-7.07661e-06
-5.15177e-08
-3.09752e-10
0
-1.9984e-11
1.11022e-12
-2.22045e-12
4.87388e-10
5.13423e-08
7.07633e-06
0.000814365
0.0751669
5.22079
243.078
5751.62
)
;
    }
}


// ************************************************************************* //
