/*--------------------------------*- C++ -*----------------------------------*\
  =========                 |
  \\      /  F ield         | OpenFOAM: The Open Source CFD Toolbox
   \\    /   O peration     | Website:  https://openfoam.org
    \\  /    A nd           | Version:  8
     \\/     M anipulation  |
\*---------------------------------------------------------------------------*/
FoamFile
{
    version     2.0;
    format      ascii;
    class       volScalarField;
    location    "0.6";
    object      gradTy;
}
// * * * * * * * * * * * * * * * * * * * * * * * * * * * * * * * * * * * * * //

dimensions      [0 -1 0 1 0 0 0];

internalField   nonuniform List<scalar> 
400
(
-5942.95
-5942.95
-5942.95
-5942.95
-5942.95
-5942.95
-5942.95
-5942.95
-5942.95
-5942.95
-5942.95
-5942.95
-5942.95
-5942.95
-5942.95
-5942.95
-5942.95
-5942.95
-5942.95
-5942.95
-56.7717
-56.7717
-56.7717
-56.7717
-56.7717
-56.7717
-56.7717
-56.7717
-56.7717
-56.7717
-56.7717
-56.7717
-56.7717
-56.7717
-56.7717
-56.7717
-56.7717
-56.7717
-56.7717
-56.7717
-0.274293
-0.274293
-0.274293
-0.274293
-0.274293
-0.274293
-0.274293
-0.274293
-0.274293
-0.274293
-0.274293
-0.274293
-0.274293
-0.274293
-0.274293
-0.274293
-0.274293
-0.274293
-0.274293
-0.274293
-0.000891509
-0.000891509
-0.000891509
-0.000891509
-0.000891509
-0.000891509
-0.000891509
-0.000891509
-0.000891509
-0.000891509
-0.000891509
-0.000891509
-0.000891509
-0.000891509
-0.000891509
-0.000891509
-0.000891509
-0.000891509
-0.000891509
-0.000891513
-2.19169e-06
-2.1917e-06
-2.19169e-06
-2.19168e-06
-2.1917e-06
-2.19169e-06
-2.19167e-06
-2.19172e-06
-2.19169e-06
-2.19172e-06
-2.19173e-06
-2.19169e-06
-2.1917e-06
-2.19169e-06
-2.19172e-06
-2.19172e-06
-2.19172e-06
-2.19172e-06
-2.19169e-06
-2.19168e-06
-4.33542e-09
-4.33986e-09
-4.34652e-09
-4.34208e-09
-4.33098e-09
-4.34208e-09
-4.3554e-09
-4.36873e-09
-4.33875e-09
-4.34652e-09
-4.33875e-09
-4.37206e-09
-4.36096e-09
-4.37206e-09
-4.36762e-09
-4.33875e-09
-4.36318e-09
-4.35985e-09
-4.34319e-09
-4.36096e-09
3.21965e-11
2.22045e-12
-4.44089e-12
-3.33067e-12
-1.11022e-12
1.11022e-12
-3.33067e-12
-7.77156e-12
-4.44089e-12
0
-3.33067e-12
0
-6.66134e-12
2.22045e-12
-6.66134e-12
-6.66134e-12
-6.66134e-12
-3.33067e-12
-2.22045e-12
-2.66454e-11
0
1.11022e-12
-1.11022e-12
0
-1.11022e-12
4.44089e-12
0
-1.11022e-12
0
-1.11022e-12
1.11022e-12
-3.33067e-12
3.33067e-12
-4.44089e-12
1.11022e-12
3.33067e-12
-5.55112e-12
1.11022e-12
0
2.22045e-11
-3.55271e-11
-5.55112e-12
-3.33067e-12
0
-1.11022e-12
-1.11022e-12
-3.33067e-12
5.55112e-12
0
-3.33067e-12
0
-3.33067e-12
0
-4.44089e-12
2.22045e-12
0
0
0
-2.22045e-12
0
-1.55431e-11
0
0
4.44089e-12
0
-3.33067e-12
0
-4.44089e-12
0
0
-1.11022e-12
0
-3.33067e-12
1.11022e-12
-3.33067e-12
-3.33067e-12
0
-1.11022e-12
1.11022e-12
-1.9984e-11
0
0
0
4.44089e-12
2.22045e-12
-1.11022e-12
3.33067e-12
-1.11022e-12
-3.33067e-12
0
0
1.11022e-12
0
0
-2.22045e-12
0
3.33067e-12
0
1.11022e-12
1.11022e-12
-2.22045e-12
0
2.22045e-12
-4.44089e-12
2.22045e-12
2.22045e-12
2.22045e-12
0
2.22045e-12
2.22045e-12
0
0
0
0
0
0
1.11022e-12
0
0
-2.22045e-12
0
0
0
-3.33067e-12
0
0
0
1.11022e-12
0
0
1.11022e-12
-1.11022e-12
1.11022e-12
1.11022e-12
1.11022e-12
0
-3.33067e-12
1.11022e-12
-3.33067e-12
7.66054e-11
3.33067e-12
0
3.33067e-12
7.77156e-12
4.44089e-12
3.33067e-12
4.44089e-12
2.22045e-12
3.33067e-12
3.33067e-12
2.22045e-12
2.22045e-12
2.22045e-12
1.11022e-12
2.22045e-12
2.22045e-12
2.22045e-12
2.22045e-12
2.22045e-12
2.22045e-12
4.36207e-09
4.35318e-09
4.36984e-09
4.37428e-09
4.36429e-09
4.36762e-09
4.36429e-09
4.32654e-09
4.36873e-09
4.36873e-09
4.33764e-09
4.34541e-09
4.32987e-09
4.35096e-09
4.32987e-09
4.33098e-09
4.3554e-09
4.3654e-09
4.35096e-09
4.26104e-09
2.19172e-06
2.19168e-06
2.19168e-06
2.1917e-06
2.19168e-06
2.19173e-06
2.19168e-06
2.19169e-06
2.19169e-06
2.19171e-06
2.19171e-06
2.19173e-06
2.19172e-06
2.19169e-06
2.19172e-06
2.1917e-06
2.19168e-06
2.19172e-06
2.19168e-06
2.19169e-06
0.000891513
0.000891509
0.000891509
0.000891509
0.000891509
0.000891509
0.000891509
0.000891509
0.000891509
0.000891509
0.000891509
0.000891509
0.000891509
0.000891509
0.000891509
0.000891509
0.000891509
0.000891509
0.000891509
0.000891509
0.274293
0.274293
0.274293
0.274293
0.274293
0.274293
0.274293
0.274293
0.274293
0.274293
0.274293
0.274293
0.274293
0.274293
0.274293
0.274293
0.274293
0.274293
0.274293
0.274293
56.7717
56.7717
56.7717
56.7717
56.7717
56.7717
56.7717
56.7717
56.7717
56.7717
56.7717
56.7717
56.7717
56.7717
56.7717
56.7717
56.7717
56.7717
56.7717
56.7717
5942.95
5942.95
5942.95
5942.95
5942.95
5942.95
5942.95
5942.95
5942.95
5942.95
5942.95
5942.95
5942.95
5942.95
5942.95
5942.95
5942.95
5942.95
5942.95
5942.95
)
;

boundaryField
{
    front
    {
        type            calculated;
        value           nonuniform List<scalar> 
20
(
-11772.9
-11772.9
-11772.9
-11772.9
-11772.9
-11772.9
-11772.9
-11772.9
-11772.9
-11772.9
-11772.9
-11772.9
-11772.9
-11772.9
-11772.9
-11772.9
-11772.9
-11772.9
-11772.9
-11772.9
)
;
    }
    back
    {
        type            calculated;
        value           nonuniform List<scalar> 
20
(
11772.9
11772.9
11772.9
11772.9
11772.9
11772.9
11772.9
11772.9
11772.9
11772.9
11772.9
11772.9
11772.9
11772.9
11772.9
11772.9
11772.9
11772.9
11772.9
11772.9
)
;
    }
    left
    {
        type            calculated;
        value           nonuniform List<scalar> 
20
(
-5942.95
-56.7717
-0.274293
-0.000891509
-2.19169e-06
-4.33542e-09
3.21965e-11
0
-3.55271e-11
-1.55431e-11
0
-2.22045e-12
0
3.33067e-12
4.36207e-09
2.19172e-06
0.000891513
0.274293
56.7717
5942.95
)
;
    }
    right
    {
        type            calculated;
        value           nonuniform List<scalar> 
20
(
-5942.95
-56.7717
-0.274293
-0.000891513
-2.19168e-06
-4.36096e-09
-2.66454e-11
2.22045e-11
0
-1.9984e-11
1.11022e-12
-2.22045e-12
7.66054e-11
2.22045e-12
4.26104e-09
2.19169e-06
0.000891509
0.274293
56.7717
5942.95
)
;
    }
    top
    {
        type            calculated;
        value           nonuniform List<scalar> 
400
(
-5942.95
-56.7717
-0.274293
-0.000891509
-2.19169e-06
-4.33542e-09
3.21965e-11
0
-3.55271e-11
-1.55431e-11
0
-2.22045e-12
0
3.33067e-12
4.36207e-09
2.19172e-06
0.000891513
0.274293
56.7717
5942.95
-5942.95
-56.7717
-0.274293
-0.000891509
-2.1917e-06
-4.33986e-09
2.22045e-12
1.11022e-12
-5.55112e-12
0
0
0
0
0
4.35318e-09
2.19168e-06
0.000891509
0.274293
56.7717
5942.95
-5942.95
-56.7717
-0.274293
-0.000891509
-2.19169e-06
-4.34652e-09
-4.44089e-12
-1.11022e-12
-3.33067e-12
0
0
2.22045e-12
0
3.33067e-12
4.36984e-09
2.19168e-06
0.000891509
0.274293
56.7717
5942.95
-5942.95
-56.7717
-0.274293
-0.000891509
-2.19168e-06
-4.34208e-09
-3.33067e-12
0
0
4.44089e-12
4.44089e-12
-4.44089e-12
-3.33067e-12
7.77156e-12
4.37428e-09
2.1917e-06
0.000891509
0.274293
56.7717
5942.95
-5942.95
-56.7717
-0.274293
-0.000891509
-2.1917e-06
-4.33098e-09
-1.11022e-12
-1.11022e-12
-1.11022e-12
0
2.22045e-12
2.22045e-12
0
4.44089e-12
4.36429e-09
2.19168e-06
0.000891509
0.274293
56.7717
5942.95
-5942.95
-56.7717
-0.274293
-0.000891509
-2.19169e-06
-4.34208e-09
1.11022e-12
4.44089e-12
-1.11022e-12
-3.33067e-12
-1.11022e-12
2.22045e-12
0
3.33067e-12
4.36762e-09
2.19173e-06
0.000891509
0.274293
56.7717
5942.95
-5942.95
-56.7717
-0.274293
-0.000891509
-2.19167e-06
-4.3554e-09
-3.33067e-12
0
-3.33067e-12
0
3.33067e-12
2.22045e-12
0
4.44089e-12
4.36429e-09
2.19168e-06
0.000891509
0.274293
56.7717
5942.95
-5942.95
-56.7717
-0.274293
-0.000891509
-2.19172e-06
-4.36873e-09
-7.77156e-12
-1.11022e-12
5.55112e-12
-4.44089e-12
-1.11022e-12
0
1.11022e-12
2.22045e-12
4.32654e-09
2.19169e-06
0.000891509
0.274293
56.7717
5942.95
-5942.95
-56.7717
-0.274293
-0.000891509
-2.19169e-06
-4.33875e-09
-4.44089e-12
0
0
0
-3.33067e-12
2.22045e-12
0
3.33067e-12
4.36873e-09
2.19169e-06
0.000891509
0.274293
56.7717
5942.95
-5942.95
-56.7717
-0.274293
-0.000891509
-2.19172e-06
-4.34652e-09
0
-1.11022e-12
-3.33067e-12
0
0
2.22045e-12
0
3.33067e-12
4.36873e-09
2.19171e-06
0.000891509
0.274293
56.7717
5942.95
-5942.95
-56.7717
-0.274293
-0.000891509
-2.19173e-06
-4.33875e-09
-3.33067e-12
1.11022e-12
0
-1.11022e-12
0
0
1.11022e-12
2.22045e-12
4.33764e-09
2.19171e-06
0.000891509
0.274293
56.7717
5942.95
-5942.95
-56.7717
-0.274293
-0.000891509
-2.19169e-06
-4.37206e-09
0
-3.33067e-12
-3.33067e-12
0
1.11022e-12
0
-1.11022e-12
2.22045e-12
4.34541e-09
2.19173e-06
0.000891509
0.274293
56.7717
5942.95
-5942.95
-56.7717
-0.274293
-0.000891509
-2.1917e-06
-4.36096e-09
-6.66134e-12
3.33067e-12
0
-3.33067e-12
0
0
1.11022e-12
2.22045e-12
4.32987e-09
2.19172e-06
0.000891509
0.274293
56.7717
5942.95
-5942.95
-56.7717
-0.274293
-0.000891509
-2.19169e-06
-4.37206e-09
2.22045e-12
-4.44089e-12
-4.44089e-12
1.11022e-12
0
0
1.11022e-12
1.11022e-12
4.35096e-09
2.19169e-06
0.000891509
0.274293
56.7717
5942.95
-5942.95
-56.7717
-0.274293
-0.000891509
-2.19172e-06
-4.36762e-09
-6.66134e-12
1.11022e-12
2.22045e-12
-3.33067e-12
-2.22045e-12
0
1.11022e-12
2.22045e-12
4.32987e-09
2.19172e-06
0.000891509
0.274293
56.7717
5942.95
-5942.95
-56.7717
-0.274293
-0.000891509
-2.19172e-06
-4.33875e-09
-6.66134e-12
3.33067e-12
0
-3.33067e-12
0
0
0
2.22045e-12
4.33098e-09
2.1917e-06
0.000891509
0.274293
56.7717
5942.95
-5942.95
-56.7717
-0.274293
-0.000891509
-2.19172e-06
-4.36318e-09
-6.66134e-12
-5.55112e-12
0
0
3.33067e-12
1.11022e-12
-3.33067e-12
2.22045e-12
4.3554e-09
2.19168e-06
0.000891509
0.274293
56.7717
5942.95
-5942.95
-56.7717
-0.274293
-0.000891509
-2.19172e-06
-4.35985e-09
-3.33067e-12
1.11022e-12
0
-1.11022e-12
0
0
1.11022e-12
2.22045e-12
4.3654e-09
2.19172e-06
0.000891509
0.274293
56.7717
5942.95
-5942.95
-56.7717
-0.274293
-0.000891509
-2.19169e-06
-4.34319e-09
-2.22045e-12
0
-2.22045e-12
1.11022e-12
1.11022e-12
0
-3.33067e-12
2.22045e-12
4.35096e-09
2.19168e-06
0.000891509
0.274293
56.7717
5942.95
-5942.95
-56.7717
-0.274293
-0.000891513
-2.19168e-06
-4.36096e-09
-2.66454e-11
2.22045e-11
0
-1.9984e-11
1.11022e-12
-2.22045e-12
7.66054e-11
2.22045e-12
4.26104e-09
2.19169e-06
0.000891509
0.274293
56.7717
5942.95
)
;
    }
    bottom
    {
        type            calculated;
        value           nonuniform List<scalar> 
400
(
-5942.95
-56.7717
-0.274293
-0.000891509
-2.19169e-06
-4.33542e-09
3.21965e-11
0
-3.55271e-11
-1.55431e-11
0
-2.22045e-12
0
3.33067e-12
4.36207e-09
2.19172e-06
0.000891513
0.274293
56.7717
5942.95
-5942.95
-56.7717
-0.274293
-0.000891509
-2.1917e-06
-4.33986e-09
2.22045e-12
1.11022e-12
-5.55112e-12
0
0
0
0
0
4.35318e-09
2.19168e-06
0.000891509
0.274293
56.7717
5942.95
-5942.95
-56.7717
-0.274293
-0.000891509
-2.19169e-06
-4.34652e-09
-4.44089e-12
-1.11022e-12
-3.33067e-12
0
0
2.22045e-12
0
3.33067e-12
4.36984e-09
2.19168e-06
0.000891509
0.274293
56.7717
5942.95
-5942.95
-56.7717
-0.274293
-0.000891509
-2.19168e-06
-4.34208e-09
-3.33067e-12
0
0
4.44089e-12
4.44089e-12
-4.44089e-12
-3.33067e-12
7.77156e-12
4.37428e-09
2.1917e-06
0.000891509
0.274293
56.7717
5942.95
-5942.95
-56.7717
-0.274293
-0.000891509
-2.1917e-06
-4.33098e-09
-1.11022e-12
-1.11022e-12
-1.11022e-12
0
2.22045e-12
2.22045e-12
0
4.44089e-12
4.36429e-09
2.19168e-06
0.000891509
0.274293
56.7717
5942.95
-5942.95
-56.7717
-0.274293
-0.000891509
-2.19169e-06
-4.34208e-09
1.11022e-12
4.44089e-12
-1.11022e-12
-3.33067e-12
-1.11022e-12
2.22045e-12
0
3.33067e-12
4.36762e-09
2.19173e-06
0.000891509
0.274293
56.7717
5942.95
-5942.95
-56.7717
-0.274293
-0.000891509
-2.19167e-06
-4.3554e-09
-3.33067e-12
0
-3.33067e-12
0
3.33067e-12
2.22045e-12
0
4.44089e-12
4.36429e-09
2.19168e-06
0.000891509
0.274293
56.7717
5942.95
-5942.95
-56.7717
-0.274293
-0.000891509
-2.19172e-06
-4.36873e-09
-7.77156e-12
-1.11022e-12
5.55112e-12
-4.44089e-12
-1.11022e-12
0
1.11022e-12
2.22045e-12
4.32654e-09
2.19169e-06
0.000891509
0.274293
56.7717
5942.95
-5942.95
-56.7717
-0.274293
-0.000891509
-2.19169e-06
-4.33875e-09
-4.44089e-12
0
0
0
-3.33067e-12
2.22045e-12
0
3.33067e-12
4.36873e-09
2.19169e-06
0.000891509
0.274293
56.7717
5942.95
-5942.95
-56.7717
-0.274293
-0.000891509
-2.19172e-06
-4.34652e-09
0
-1.11022e-12
-3.33067e-12
0
0
2.22045e-12
0
3.33067e-12
4.36873e-09
2.19171e-06
0.000891509
0.274293
56.7717
5942.95
-5942.95
-56.7717
-0.274293
-0.000891509
-2.19173e-06
-4.33875e-09
-3.33067e-12
1.11022e-12
0
-1.11022e-12
0
0
1.11022e-12
2.22045e-12
4.33764e-09
2.19171e-06
0.000891509
0.274293
56.7717
5942.95
-5942.95
-56.7717
-0.274293
-0.000891509
-2.19169e-06
-4.37206e-09
0
-3.33067e-12
-3.33067e-12
0
1.11022e-12
0
-1.11022e-12
2.22045e-12
4.34541e-09
2.19173e-06
0.000891509
0.274293
56.7717
5942.95
-5942.95
-56.7717
-0.274293
-0.000891509
-2.1917e-06
-4.36096e-09
-6.66134e-12
3.33067e-12
0
-3.33067e-12
0
0
1.11022e-12
2.22045e-12
4.32987e-09
2.19172e-06
0.000891509
0.274293
56.7717
5942.95
-5942.95
-56.7717
-0.274293
-0.000891509
-2.19169e-06
-4.37206e-09
2.22045e-12
-4.44089e-12
-4.44089e-12
1.11022e-12
0
0
1.11022e-12
1.11022e-12
4.35096e-09
2.19169e-06
0.000891509
0.274293
56.7717
5942.95
-5942.95
-56.7717
-0.274293
-0.000891509
-2.19172e-06
-4.36762e-09
-6.66134e-12
1.11022e-12
2.22045e-12
-3.33067e-12
-2.22045e-12
0
1.11022e-12
2.22045e-12
4.32987e-09
2.19172e-06
0.000891509
0.274293
56.7717
5942.95
-5942.95
-56.7717
-0.274293
-0.000891509
-2.19172e-06
-4.33875e-09
-6.66134e-12
3.33067e-12
0
-3.33067e-12
0
0
0
2.22045e-12
4.33098e-09
2.1917e-06
0.000891509
0.274293
56.7717
5942.95
-5942.95
-56.7717
-0.274293
-0.000891509
-2.19172e-06
-4.36318e-09
-6.66134e-12
-5.55112e-12
0
0
3.33067e-12
1.11022e-12
-3.33067e-12
2.22045e-12
4.3554e-09
2.19168e-06
0.000891509
0.274293
56.7717
5942.95
-5942.95
-56.7717
-0.274293
-0.000891509
-2.19172e-06
-4.35985e-09
-3.33067e-12
1.11022e-12
0
-1.11022e-12
0
0
1.11022e-12
2.22045e-12
4.3654e-09
2.19172e-06
0.000891509
0.274293
56.7717
5942.95
-5942.95
-56.7717
-0.274293
-0.000891509
-2.19169e-06
-4.34319e-09
-2.22045e-12
0
-2.22045e-12
1.11022e-12
1.11022e-12
0
-3.33067e-12
2.22045e-12
4.35096e-09
2.19168e-06
0.000891509
0.274293
56.7717
5942.95
-5942.95
-56.7717
-0.274293
-0.000891513
-2.19168e-06
-4.36096e-09
-2.66454e-11
2.22045e-11
0
-1.9984e-11
1.11022e-12
-2.22045e-12
7.66054e-11
2.22045e-12
4.26104e-09
2.19169e-06
0.000891509
0.274293
56.7717
5942.95
)
;
    }
}


// ************************************************************************* //
