/*--------------------------------*- C++ -*----------------------------------*\
  =========                 |
  \\      /  F ield         | OpenFOAM: The Open Source CFD Toolbox
   \\    /   O peration     | Website:  https://openfoam.org
    \\  /    A nd           | Version:  8
     \\/     M anipulation  |
\*---------------------------------------------------------------------------*/
FoamFile
{
    version     2.0;
    format      ascii;
    class       volScalarField;
    location    "0.6";
    object      gradTx;
}
// * * * * * * * * * * * * * * * * * * * * * * * * * * * * * * * * * * * * * //

dimensions      [0 -1 0 1 0 0 0];

internalField   nonuniform List<scalar> 
400
(
-1.72529e-09
-1.73084e-09
-6.10623e-11
-3.55271e-11
2.22045e-11
3.10862e-11
3.44169e-11
-2.22045e-12
-1.88738e-11
-1.88738e-11
-3.21965e-11
5.55112e-12
0
-1.88738e-11
2.66454e-11
-6.66134e-12
0
0
1.72862e-09
1.7486e-09
9.99201e-12
2.22045e-12
-3.77476e-11
-2.22045e-12
1.66533e-11
1.33227e-11
0
-2.66454e-11
2.88658e-11
1.22125e-11
-3.88578e-11
9.99201e-12
3.10862e-11
-2.22045e-11
-2.44249e-11
-8.88178e-12
1.77636e-11
1.72862e-09
3.57983e-07
3.56282e-07
-1.44329e-11
-9.99201e-12
0
-1.66533e-11
3.10862e-11
1.55431e-11
-9.99201e-12
0
-6.66134e-12
6.66134e-12
-2.22045e-11
8.88178e-12
0
-4.10783e-11
2.9976e-11
1.77636e-11
-5.55112e-12
4.10783e-11
3.475e-09
3.44835e-09
1.11022e-11
5.55112e-12
-1.88738e-11
9.99201e-12
1.33227e-11
-2.88658e-11
2.77556e-11
1.9984e-11
-2.22045e-12
3.55271e-11
-2.66454e-11
-2.55351e-11
0
1.88738e-11
2.88658e-11
3.33067e-12
0
-3.21965e-11
-1.77636e-11
1.22125e-11
-9.99201e-12
-4.44089e-12
0
-1.66533e-11
0
2.33147e-11
3.33067e-11
-1.44329e-11
-2.77556e-11
-1.11022e-12
2.66454e-11
2.22045e-11
-1.11022e-12
8.88178e-12
-3.55271e-11
-2.22045e-12
2.10942e-11
-2.55351e-11
0
1.9984e-11
0
3.33067e-12
1.11022e-12
-3.33067e-12
0
3.33067e-12
4.44089e-12
0
-4.44089e-12
-4.44089e-12
1.11022e-12
3.33067e-12
0
0
3.33067e-12
0
-3.33067e-12
0
2.22045e-11
1.9984e-11
-1.33227e-11
-1.55431e-11
-2.22045e-12
-2.22045e-12
1.11022e-12
-1.11022e-12
5.55112e-12
0
-2.22045e-12
-1.11022e-12
1.11022e-12
0
0
2.22045e-12
-3.33067e-12
2.22045e-12
0
-4.44089e-12
0
0
-3.10862e-11
-3.33067e-11
-4.44089e-12
0
3.33067e-12
0
-3.33067e-12
0
3.33067e-12
-3.33067e-12
0
0
1.11022e-12
0
-4.44089e-12
0
1.11022e-12
3.33067e-12
0
-4.44089e-12
-1.44329e-11
-1.66533e-11
-2.22045e-12
-1.11022e-12
4.44089e-12
1.11022e-12
-1.11022e-12
0
-2.22045e-12
0
-1.11022e-12
2.22045e-12
0
0
3.33067e-12
-3.33067e-12
-2.22045e-12
0
2.10942e-11
2.33147e-11
1.11022e-12
0
0
1.11022e-12
2.22045e-12
-1.11022e-12
2.22045e-12
3.33067e-12
-4.44089e-12
-3.33067e-12
0
0
0
2.22045e-12
0
-2.22045e-12
0
2.22045e-12
0
-2.22045e-12
0
-1.11022e-12
2.22045e-12
0
-3.33067e-12
0
-1.11022e-12
0
1.11022e-12
-1.11022e-12
-1.11022e-12
0
1.11022e-12
0
-1.11022e-12
0
0
1.11022e-12
2.22045e-12
1.11022e-12
0
0
4.44089e-12
4.44089e-12
-4.44089e-12
0
2.22045e-12
-3.33067e-12
-3.33067e-12
0
1.11022e-12
0
-1.11022e-12
0
0
3.33067e-12
0
0
1.11022e-12
-2.22045e-12
2.22045e-12
3.33067e-12
-2.22045e-12
0
3.33067e-12
0
-3.33067e-12
0
3.33067e-12
-3.33067e-12
-3.33067e-12
0
1.11022e-12
0
-1.11022e-12
1.11022e-12
0
0
0
-1.11022e-12
0
0
1.11022e-12
3.33067e-12
0
0
4.44089e-12
-4.44089e-12
-4.44089e-12
1.11022e-12
0
0
1.11022e-12
0
-1.11022e-12
0
1.11022e-12
-1.11022e-12
7.66054e-11
7.66054e-11
0
3.33067e-12
5.55112e-12
0
-1.11022e-12
0
-5.55112e-12
0
5.55112e-12
-4.44089e-12
-4.44089e-12
0
-1.11022e-12
1.11022e-12
-1.11022e-12
1.11022e-12
0
-1.11022e-12
1.11022e-12
0
-8.88178e-12
5.55112e-12
2.22045e-11
0
-6.66134e-12
0
-3.55271e-11
0
3.55271e-11
-3.10862e-11
-2.44249e-11
-5.55112e-12
6.66134e-12
1.11022e-12
-1.9984e-11
2.33147e-11
3.44169e-11
-3.33067e-12
-2.9976e-11
-1.33227e-11
-3.9968e-11
-3.9968e-11
2.33147e-11
1.11022e-12
2.88658e-11
0
-4.77396e-11
1.55431e-11
2.77556e-11
1.77636e-11
1.9984e-11
1.11022e-12
-4.996e-11
0
1.55431e-11
-3.44169e-11
1.55431e-11
0
-2.33147e-11
1.11022e-11
-3.47722e-09
-3.49165e-09
4.44089e-12
0
-1.66533e-11
0
2.33147e-11
-1.11022e-12
-2.22045e-11
-3.10862e-11
-1.22125e-11
5.44009e-11
4.44089e-12
0
-2.44249e-11
-2.44249e-11
3.21965e-11
-4.44089e-12
2.88658e-11
3.77476e-11
-3.56313e-07
-3.58e-07
-1.68532e-09
-1.9984e-11
-1.55431e-11
0
4.66294e-11
4.32987e-11
-1.44329e-11
-1.55431e-11
1.66533e-11
0
-4.66294e-11
0
1.55431e-11
-2.66454e-11
6.66134e-12
0
4.996e-11
7.43849e-11
-1.72862e-09
-1.70086e-09
-2.9976e-11
-3.33067e-12
2.33147e-11
2.22045e-12
-1.77636e-11
-3.55271e-11
5.21805e-11
-9.99201e-12
-1.9984e-11
-5.55112e-12
1.9984e-11
-1.11022e-12
-5.55112e-11
5.55112e-12
3.33067e-12
5.32907e-11
1.74749e-09
1.68865e-09
)
;

boundaryField
{
    front
    {
        type            calculated;
        value           nonuniform List<scalar> 
20
(
-1.72529e-09
-1.73084e-09
-6.10623e-11
-3.55271e-11
2.22045e-11
3.10862e-11
3.44169e-11
-2.22045e-12
-1.88738e-11
-1.88738e-11
-3.21965e-11
5.55112e-12
0
-1.88738e-11
2.66454e-11
-6.66134e-12
0
0
1.72862e-09
1.7486e-09
)
;
    }
    back
    {
        type            calculated;
        value           nonuniform List<scalar> 
20
(
-1.72862e-09
-1.70086e-09
-2.9976e-11
-3.33067e-12
2.33147e-11
2.22045e-12
-1.77636e-11
-3.55271e-11
5.21805e-11
-9.99201e-12
-1.9984e-11
-5.55112e-12
1.9984e-11
-1.11022e-12
-5.55112e-11
5.55112e-12
3.33067e-12
5.32907e-11
1.74749e-09
1.68865e-09
)
;
    }
    left
    {
        type            calculated;
        value           uniform 0;
    }
    right
    {
        type            calculated;
        value           uniform 0;
    }
    top
    {
        type            calculated;
        value           nonuniform List<scalar> 
400
(
-1.72529e-09
9.99201e-12
-1.44329e-11
1.11022e-11
-9.99201e-12
0
-1.33227e-11
-3.10862e-11
-1.44329e-11
1.11022e-12
0
0
2.22045e-12
0
0
-8.88178e-12
-3.9968e-11
-3.47722e-09
-3.56313e-07
-1.72862e-09
-1.73084e-09
2.22045e-12
-9.99201e-12
5.55112e-12
-4.44089e-12
3.33067e-12
-1.55431e-11
-3.33067e-11
-1.66533e-11
0
-1.11022e-12
0
3.33067e-12
0
3.33067e-12
5.55112e-12
-3.9968e-11
-3.49165e-09
-3.58e-07
-1.70086e-09
-6.10623e-11
-3.77476e-11
0
-1.88738e-11
0
1.11022e-12
-2.22045e-12
-4.44089e-12
-2.22045e-12
0
2.22045e-12
4.44089e-12
-2.22045e-12
1.11022e-12
5.55112e-12
2.22045e-11
2.33147e-11
4.44089e-12
-1.68532e-09
-2.9976e-11
-3.55271e-11
-2.22045e-12
-1.66533e-11
9.99201e-12
-1.66533e-11
-3.33067e-12
-2.22045e-12
0
-1.11022e-12
1.11022e-12
0
4.44089e-12
0
3.33067e-12
0
0
1.11022e-12
0
-1.9984e-11
-3.33067e-12
2.22045e-11
1.66533e-11
3.10862e-11
1.33227e-11
0
0
1.11022e-12
3.33067e-12
4.44089e-12
2.22045e-12
-3.33067e-12
-4.44089e-12
3.33067e-12
0
-1.11022e-12
-6.66134e-12
2.88658e-11
-1.66533e-11
-1.55431e-11
2.33147e-11
3.10862e-11
1.33227e-11
1.55431e-11
-2.88658e-11
2.33147e-11
3.33067e-12
-1.11022e-12
0
1.11022e-12
-1.11022e-12
0
0
0
0
0
0
0
0
0
2.22045e-12
3.44169e-11
0
-9.99201e-12
2.77556e-11
3.33067e-11
4.44089e-12
5.55112e-12
-3.33067e-12
-1.11022e-12
2.22045e-12
-1.11022e-12
2.22045e-12
-3.33067e-12
4.44089e-12
-5.55112e-12
-3.55271e-11
-4.77396e-11
2.33147e-11
4.66294e-11
-1.77636e-11
-2.22045e-12
-2.66454e-11
0
1.9984e-11
-1.44329e-11
0
0
0
0
3.33067e-12
0
-3.33067e-12
0
-4.44089e-12
0
0
1.55431e-11
-1.11022e-12
4.32987e-11
-3.55271e-11
-1.88738e-11
2.88658e-11
-6.66134e-12
-2.22045e-12
-2.77556e-11
-4.44089e-12
-2.22045e-12
3.33067e-12
-2.22045e-12
-4.44089e-12
1.11022e-12
-3.33067e-12
3.33067e-12
-4.44089e-12
5.55112e-12
3.55271e-11
2.77556e-11
-2.22045e-11
-1.44329e-11
5.21805e-11
-1.88738e-11
1.22125e-11
6.66134e-12
3.55271e-11
-1.11022e-12
-4.44089e-12
-1.11022e-12
-3.33067e-12
0
-3.33067e-12
-1.11022e-12
0
-3.33067e-12
1.11022e-12
-4.44089e-12
-3.10862e-11
1.77636e-11
-3.10862e-11
-1.55431e-11
-9.99201e-12
-3.21965e-11
-3.88578e-11
-2.22045e-11
-2.66454e-11
2.66454e-11
1.11022e-12
1.11022e-12
0
-1.11022e-12
0
-1.11022e-12
1.11022e-12
-3.33067e-12
0
-4.44089e-12
-2.44249e-11
1.9984e-11
-1.22125e-11
1.66533e-11
-1.9984e-11
5.55112e-12
9.99201e-12
8.88178e-12
-2.55351e-11
2.22045e-11
3.33067e-12
0
0
2.22045e-12
0
0
0
0
0
0
-5.55112e-12
1.11022e-12
5.44009e-11
0
-5.55112e-12
0
3.10862e-11
0
0
-1.11022e-12
0
0
1.11022e-12
0
0
1.11022e-12
-1.11022e-12
1.11022e-12
1.11022e-12
-1.11022e-12
6.66134e-12
-4.996e-11
4.44089e-12
-4.66294e-11
1.9984e-11
-1.88738e-11
-2.22045e-11
-4.10783e-11
1.88738e-11
8.88178e-12
0
2.22045e-12
0
0
2.22045e-12
0
0
0
0
1.11022e-12
1.11022e-12
0
0
0
-1.11022e-12
2.66454e-11
-2.44249e-11
2.9976e-11
2.88658e-11
-3.55271e-11
3.33067e-12
-3.33067e-12
-4.44089e-12
3.33067e-12
0
-1.11022e-12
0
-1.11022e-12
-1.11022e-12
-1.11022e-12
-1.9984e-11
1.55431e-11
-2.44249e-11
1.55431e-11
-5.55112e-11
-6.66134e-12
-8.88178e-12
1.77636e-11
3.33067e-12
-2.22045e-12
0
2.22045e-12
0
-3.33067e-12
-2.22045e-12
0
3.33067e-12
1.11022e-12
0
1.11022e-12
2.33147e-11
-3.44169e-11
-2.44249e-11
-2.66454e-11
5.55112e-12
0
1.77636e-11
-5.55112e-12
0
2.10942e-11
-3.33067e-12
0
1.11022e-12
-2.22045e-12
0
0
0
0
1.11022e-12
0
3.44169e-11
1.55431e-11
3.21965e-11
6.66134e-12
3.33067e-12
0
1.72862e-09
4.10783e-11
-3.21965e-11
-2.55351e-11
0
-4.44089e-12
3.33067e-12
0
2.22045e-12
1.11022e-12
0
0
-1.11022e-12
-1.11022e-12
-3.33067e-12
0
-4.44089e-12
0
5.32907e-11
1.72862e-09
3.57983e-07
3.475e-09
-1.77636e-11
0
2.22045e-11
0
0
2.10942e-11
0
2.22045e-12
1.11022e-12
0
7.66054e-11
1.11022e-12
-2.9976e-11
-2.33147e-11
2.88658e-11
4.996e-11
1.74749e-09
1.7486e-09
3.56282e-07
3.44835e-09
1.22125e-11
1.9984e-11
1.9984e-11
0
-4.44089e-12
2.33147e-11
-2.22045e-12
1.11022e-12
-2.22045e-12
-1.11022e-12
7.66054e-11
0
-1.33227e-11
1.11022e-11
3.77476e-11
7.43849e-11
1.68865e-09
)
;
    }
    bottom
    {
        type            calculated;
        value           nonuniform List<scalar> 
400
(
-1.72529e-09
9.99201e-12
-1.44329e-11
1.11022e-11
-9.99201e-12
0
-1.33227e-11
-3.10862e-11
-1.44329e-11
1.11022e-12
0
0
2.22045e-12
0
0
-8.88178e-12
-3.9968e-11
-3.47722e-09
-3.56313e-07
-1.72862e-09
-1.73084e-09
2.22045e-12
-9.99201e-12
5.55112e-12
-4.44089e-12
3.33067e-12
-1.55431e-11
-3.33067e-11
-1.66533e-11
0
-1.11022e-12
0
3.33067e-12
0
3.33067e-12
5.55112e-12
-3.9968e-11
-3.49165e-09
-3.58e-07
-1.70086e-09
-6.10623e-11
-3.77476e-11
0
-1.88738e-11
0
1.11022e-12
-2.22045e-12
-4.44089e-12
-2.22045e-12
0
2.22045e-12
4.44089e-12
-2.22045e-12
1.11022e-12
5.55112e-12
2.22045e-11
2.33147e-11
4.44089e-12
-1.68532e-09
-2.9976e-11
-3.55271e-11
-2.22045e-12
-1.66533e-11
9.99201e-12
-1.66533e-11
-3.33067e-12
-2.22045e-12
0
-1.11022e-12
1.11022e-12
0
4.44089e-12
0
3.33067e-12
0
0
1.11022e-12
0
-1.9984e-11
-3.33067e-12
2.22045e-11
1.66533e-11
3.10862e-11
1.33227e-11
0
0
1.11022e-12
3.33067e-12
4.44089e-12
2.22045e-12
-3.33067e-12
-4.44089e-12
3.33067e-12
0
-1.11022e-12
-6.66134e-12
2.88658e-11
-1.66533e-11
-1.55431e-11
2.33147e-11
3.10862e-11
1.33227e-11
1.55431e-11
-2.88658e-11
2.33147e-11
3.33067e-12
-1.11022e-12
0
1.11022e-12
-1.11022e-12
0
0
0
0
0
0
0
0
0
2.22045e-12
3.44169e-11
0
-9.99201e-12
2.77556e-11
3.33067e-11
4.44089e-12
5.55112e-12
-3.33067e-12
-1.11022e-12
2.22045e-12
-1.11022e-12
2.22045e-12
-3.33067e-12
4.44089e-12
-5.55112e-12
-3.55271e-11
-4.77396e-11
2.33147e-11
4.66294e-11
-1.77636e-11
-2.22045e-12
-2.66454e-11
0
1.9984e-11
-1.44329e-11
0
0
0
0
3.33067e-12
0
-3.33067e-12
0
-4.44089e-12
0
0
1.55431e-11
-1.11022e-12
4.32987e-11
-3.55271e-11
-1.88738e-11
2.88658e-11
-6.66134e-12
-2.22045e-12
-2.77556e-11
-4.44089e-12
-2.22045e-12
3.33067e-12
-2.22045e-12
-4.44089e-12
1.11022e-12
-3.33067e-12
3.33067e-12
-4.44089e-12
5.55112e-12
3.55271e-11
2.77556e-11
-2.22045e-11
-1.44329e-11
5.21805e-11
-1.88738e-11
1.22125e-11
6.66134e-12
3.55271e-11
-1.11022e-12
-4.44089e-12
-1.11022e-12
-3.33067e-12
0
-3.33067e-12
-1.11022e-12
0
-3.33067e-12
1.11022e-12
-4.44089e-12
-3.10862e-11
1.77636e-11
-3.10862e-11
-1.55431e-11
-9.99201e-12
-3.21965e-11
-3.88578e-11
-2.22045e-11
-2.66454e-11
2.66454e-11
1.11022e-12
1.11022e-12
0
-1.11022e-12
0
-1.11022e-12
1.11022e-12
-3.33067e-12
0
-4.44089e-12
-2.44249e-11
1.9984e-11
-1.22125e-11
1.66533e-11
-1.9984e-11
5.55112e-12
9.99201e-12
8.88178e-12
-2.55351e-11
2.22045e-11
3.33067e-12
0
0
2.22045e-12
0
0
0
0
0
0
-5.55112e-12
1.11022e-12
5.44009e-11
0
-5.55112e-12
0
3.10862e-11
0
0
-1.11022e-12
0
0
1.11022e-12
0
0
1.11022e-12
-1.11022e-12
1.11022e-12
1.11022e-12
-1.11022e-12
6.66134e-12
-4.996e-11
4.44089e-12
-4.66294e-11
1.9984e-11
-1.88738e-11
-2.22045e-11
-4.10783e-11
1.88738e-11
8.88178e-12
0
2.22045e-12
0
0
2.22045e-12
0
0
0
0
1.11022e-12
1.11022e-12
0
0
0
-1.11022e-12
2.66454e-11
-2.44249e-11
2.9976e-11
2.88658e-11
-3.55271e-11
3.33067e-12
-3.33067e-12
-4.44089e-12
3.33067e-12
0
-1.11022e-12
0
-1.11022e-12
-1.11022e-12
-1.11022e-12
-1.9984e-11
1.55431e-11
-2.44249e-11
1.55431e-11
-5.55112e-11
-6.66134e-12
-8.88178e-12
1.77636e-11
3.33067e-12
-2.22045e-12
0
2.22045e-12
0
-3.33067e-12
-2.22045e-12
0
3.33067e-12
1.11022e-12
0
1.11022e-12
2.33147e-11
-3.44169e-11
-2.44249e-11
-2.66454e-11
5.55112e-12
0
1.77636e-11
-5.55112e-12
0
2.10942e-11
-3.33067e-12
0
1.11022e-12
-2.22045e-12
0
0
0
0
1.11022e-12
0
3.44169e-11
1.55431e-11
3.21965e-11
6.66134e-12
3.33067e-12
0
1.72862e-09
4.10783e-11
-3.21965e-11
-2.55351e-11
0
-4.44089e-12
3.33067e-12
0
2.22045e-12
1.11022e-12
0
0
-1.11022e-12
-1.11022e-12
-3.33067e-12
0
-4.44089e-12
0
5.32907e-11
1.72862e-09
3.57983e-07
3.475e-09
-1.77636e-11
0
2.22045e-11
0
0
2.10942e-11
0
2.22045e-12
1.11022e-12
0
7.66054e-11
1.11022e-12
-2.9976e-11
-2.33147e-11
2.88658e-11
4.996e-11
1.74749e-09
1.7486e-09
3.56282e-07
3.44835e-09
1.22125e-11
1.9984e-11
1.9984e-11
0
-4.44089e-12
2.33147e-11
-2.22045e-12
1.11022e-12
-2.22045e-12
-1.11022e-12
7.66054e-11
0
-1.33227e-11
1.11022e-11
3.77476e-11
7.43849e-11
1.68865e-09
)
;
    }
}


// ************************************************************************* //
