/*--------------------------------*- C++ -*----------------------------------*\
  =========                 |
  \\      /  F ield         | OpenFOAM: The Open Source CFD Toolbox
   \\    /   O peration     | Website:  https://openfoam.org
    \\  /    A nd           | Version:  8
     \\/     M anipulation  |
\*---------------------------------------------------------------------------*/
FoamFile
{
    version     2.0;
    format      ascii;
    class       volScalarField;
    location    "1.9";
    object      gradTy;
}
// * * * * * * * * * * * * * * * * * * * * * * * * * * * * * * * * * * * * * //

dimensions      [0 -1 0 1 0 0 0];

internalField   nonuniform List<scalar> 
400
(
-5823.02
-5823.02
-5823.02
-5823.02
-5823.02
-5823.02
-5823.02
-5823.02
-5823.02
-5823.02
-5823.02
-5823.02
-5823.02
-5823.02
-5823.02
-5823.02
-5823.02
-5823.02
-5823.02
-5823.02
-174.31
-174.31
-174.31
-174.31
-174.31
-174.31
-174.31
-174.31
-174.31
-174.31
-174.31
-174.31
-174.31
-174.31
-174.31
-174.31
-174.31
-174.31
-174.31
-174.31
-2.64243
-2.64243
-2.64243
-2.64243
-2.64243
-2.64243
-2.64243
-2.64243
-2.64243
-2.64243
-2.64243
-2.64243
-2.64243
-2.64243
-2.64243
-2.64243
-2.64243
-2.64243
-2.64243
-2.64243
-0.0268439
-0.0268439
-0.0268439
-0.0268439
-0.0268439
-0.0268439
-0.0268439
-0.0268439
-0.0268439
-0.0268439
-0.0268439
-0.0268439
-0.0268439
-0.0268439
-0.0268439
-0.0268439
-0.0268439
-0.0268439
-0.0268439
-0.0268439
-0.000205272
-0.000205272
-0.000205272
-0.000205272
-0.000205272
-0.000205272
-0.000205272
-0.000205272
-0.000205272
-0.000205272
-0.000205272
-0.000205272
-0.000205272
-0.000205272
-0.000205272
-0.000205272
-0.000205272
-0.000205272
-0.000205272
-0.000205273
-1.25967e-06
-1.25965e-06
-1.25966e-06
-1.25968e-06
-1.25961e-06
-1.25965e-06
-1.25971e-06
-1.25975e-06
-1.25965e-06
-1.25966e-06
-1.25965e-06
-1.25975e-06
-1.25972e-06
-1.25975e-06
-1.25972e-06
-1.25965e-06
-1.25973e-06
-1.25971e-06
-1.25965e-06
-1.25973e-06
-6.44484e-09
-6.45262e-09
-6.51923e-09
-6.45817e-09
-6.47482e-09
-6.47038e-09
-6.52034e-09
-6.50924e-09
-6.52034e-09
-6.43374e-09
-6.50369e-09
-6.49036e-09
-6.51035e-09
-6.48925e-09
-6.50924e-09
-6.50924e-09
-6.53033e-09
-6.50369e-09
-6.527e-09
-6.5703e-09
-3.88578e-11
-3.66374e-11
-3.88578e-11
-3.33067e-12
-2.77556e-11
-2.55351e-11
-2.10942e-11
-3.88578e-11
-2.9976e-11
-3.77476e-11
-2.66454e-11
-4.21885e-11
-2.77556e-11
-4.21885e-11
-3.33067e-11
-2.44249e-11
-3.88578e-11
-2.9976e-11
-2.9976e-11
-6.66134e-12
-3.55271e-11
-5.55112e-12
-3.33067e-12
0
-1.11022e-12
-1.11022e-12
-3.33067e-12
5.55112e-12
0
-3.33067e-12
0
-3.33067e-12
0
-4.44089e-12
2.22045e-12
0
0
0
-2.22045e-12
0
-1.55431e-11
0
0
4.44089e-12
0
-3.33067e-12
0
-4.44089e-12
0
0
-1.11022e-12
0
-3.33067e-12
1.11022e-12
-3.33067e-12
-3.33067e-12
0
-1.11022e-12
1.11022e-12
-1.9984e-11
0
0
0
4.44089e-12
2.22045e-12
-1.11022e-12
3.33067e-12
-1.11022e-12
-3.33067e-12
0
0
1.11022e-12
0
0
-2.22045e-12
0
3.33067e-12
0
1.11022e-12
1.11022e-12
-2.22045e-12
0
2.22045e-12
-4.44089e-12
2.22045e-12
2.22045e-12
2.22045e-12
0
2.22045e-12
2.22045e-12
0
0
0
0
0
0
1.11022e-12
0
0
-2.22045e-12
2.66454e-11
2.44249e-11
1.77636e-11
3.10862e-11
3.88578e-11
2.9976e-11
3.88578e-11
3.55271e-11
2.55351e-11
2.77556e-11
3.66374e-11
2.22045e-11
3.66374e-11
3.77476e-11
3.66374e-11
2.77556e-11
1.9984e-11
3.66374e-11
1.9984e-11
1.32117e-10
6.47704e-09
6.44373e-09
6.50591e-09
6.51257e-09
6.50702e-09
6.50702e-09
6.50702e-09
6.41376e-09
6.50702e-09
6.50813e-09
6.43596e-09
6.43596e-09
6.41376e-09
6.46927e-09
6.41265e-09
6.41376e-09
6.46816e-09
6.41709e-09
6.46816e-09
6.44707e-09
1.25974e-06
1.2597e-06
1.25975e-06
1.25975e-06
1.25972e-06
1.25973e-06
1.25972e-06
1.2596e-06
1.25973e-06
1.25973e-06
1.25962e-06
1.25968e-06
1.2596e-06
1.25967e-06
1.2596e-06
1.25961e-06
1.25971e-06
1.25974e-06
1.25969e-06
1.25954e-06
0.000205273
0.000205272
0.000205272
0.000205272
0.000205272
0.000205272
0.000205272
0.000205272
0.000205272
0.000205272
0.000205272
0.000205272
0.000205272
0.000205272
0.000205272
0.000205272
0.000205272
0.000205272
0.000205272
0.000205272
0.0268439
0.0268439
0.0268439
0.0268439
0.0268439
0.0268439
0.0268439
0.0268439
0.0268439
0.0268439
0.0268439
0.0268439
0.0268439
0.0268439
0.0268439
0.0268439
0.0268439
0.0268439
0.0268439
0.0268439
2.64243
2.64243
2.64243
2.64243
2.64243
2.64243
2.64243
2.64243
2.64243
2.64243
2.64243
2.64243
2.64243
2.64243
2.64243
2.64243
2.64243
2.64243
2.64243
2.64243
174.31
174.31
174.31
174.31
174.31
174.31
174.31
174.31
174.31
174.31
174.31
174.31
174.31
174.31
174.31
174.31
174.31
174.31
174.31
174.31
5823.02
5823.02
5823.02
5823.02
5823.02
5823.02
5823.02
5823.02
5823.02
5823.02
5823.02
5823.02
5823.02
5823.02
5823.02
5823.02
5823.02
5823.02
5823.02
5823.02
)
;

boundaryField
{
    front
    {
        type            calculated;
        value           nonuniform List<scalar> 
20
(
-11302.7
-11302.7
-11302.7
-11302.7
-11302.7
-11302.7
-11302.7
-11302.7
-11302.7
-11302.7
-11302.7
-11302.7
-11302.7
-11302.7
-11302.7
-11302.7
-11302.7
-11302.7
-11302.7
-11302.7
)
;
    }
    back
    {
        type            calculated;
        value           nonuniform List<scalar> 
20
(
11302.7
11302.7
11302.7
11302.7
11302.7
11302.7
11302.7
11302.7
11302.7
11302.7
11302.7
11302.7
11302.7
11302.7
11302.7
11302.7
11302.7
11302.7
11302.7
11302.7
)
;
    }
    left
    {
        type            calculated;
        value           nonuniform List<scalar> 
20
(
-5823.02
-174.31
-2.64243
-0.0268439
-0.000205272
-1.25967e-06
-6.44484e-09
-3.88578e-11
-3.55271e-11
-1.55431e-11
0
-2.22045e-12
2.66454e-11
6.47704e-09
1.25974e-06
0.000205273
0.0268439
2.64243
174.31
5823.02
)
;
    }
    right
    {
        type            calculated;
        value           nonuniform List<scalar> 
20
(
-5823.02
-174.31
-2.64243
-0.0268439
-0.000205273
-1.25973e-06
-6.5703e-09
-6.66134e-12
0
-1.9984e-11
1.11022e-12
-2.22045e-12
1.32117e-10
6.44707e-09
1.25954e-06
0.000205272
0.0268439
2.64243
174.31
5823.02
)
;
    }
    top
    {
        type            calculated;
        value           nonuniform List<scalar> 
400
(
-5823.02
-174.31
-2.64243
-0.0268439
-0.000205272
-1.25967e-06
-6.44484e-09
-3.88578e-11
-3.55271e-11
-1.55431e-11
0
-2.22045e-12
2.66454e-11
6.47704e-09
1.25974e-06
0.000205273
0.0268439
2.64243
174.31
5823.02
-5823.02
-174.31
-2.64243
-0.0268439
-0.000205272
-1.25965e-06
-6.45262e-09
-3.66374e-11
-5.55112e-12
0
0
0
2.44249e-11
6.44373e-09
1.2597e-06
0.000205272
0.0268439
2.64243
174.31
5823.02
-5823.02
-174.31
-2.64243
-0.0268439
-0.000205272
-1.25966e-06
-6.51923e-09
-3.88578e-11
-3.33067e-12
0
0
2.22045e-12
1.77636e-11
6.50591e-09
1.25975e-06
0.000205272
0.0268439
2.64243
174.31
5823.02
-5823.02
-174.31
-2.64243
-0.0268439
-0.000205272
-1.25968e-06
-6.45817e-09
-3.33067e-12
0
4.44089e-12
4.44089e-12
-4.44089e-12
3.10862e-11
6.51257e-09
1.25975e-06
0.000205272
0.0268439
2.64243
174.31
5823.02
-5823.02
-174.31
-2.64243
-0.0268439
-0.000205272
-1.25961e-06
-6.47482e-09
-2.77556e-11
-1.11022e-12
0
2.22045e-12
2.22045e-12
3.88578e-11
6.50702e-09
1.25972e-06
0.000205272
0.0268439
2.64243
174.31
5823.02
-5823.02
-174.31
-2.64243
-0.0268439
-0.000205272
-1.25965e-06
-6.47038e-09
-2.55351e-11
-1.11022e-12
-3.33067e-12
-1.11022e-12
2.22045e-12
2.9976e-11
6.50702e-09
1.25973e-06
0.000205272
0.0268439
2.64243
174.31
5823.02
-5823.02
-174.31
-2.64243
-0.0268439
-0.000205272
-1.25971e-06
-6.52034e-09
-2.10942e-11
-3.33067e-12
0
3.33067e-12
2.22045e-12
3.88578e-11
6.50702e-09
1.25972e-06
0.000205272
0.0268439
2.64243
174.31
5823.02
-5823.02
-174.31
-2.64243
-0.0268439
-0.000205272
-1.25975e-06
-6.50924e-09
-3.88578e-11
5.55112e-12
-4.44089e-12
-1.11022e-12
0
3.55271e-11
6.41376e-09
1.2596e-06
0.000205272
0.0268439
2.64243
174.31
5823.02
-5823.02
-174.31
-2.64243
-0.0268439
-0.000205272
-1.25965e-06
-6.52034e-09
-2.9976e-11
0
0
-3.33067e-12
2.22045e-12
2.55351e-11
6.50702e-09
1.25973e-06
0.000205272
0.0268439
2.64243
174.31
5823.02
-5823.02
-174.31
-2.64243
-0.0268439
-0.000205272
-1.25966e-06
-6.43374e-09
-3.77476e-11
-3.33067e-12
0
0
2.22045e-12
2.77556e-11
6.50813e-09
1.25973e-06
0.000205272
0.0268439
2.64243
174.31
5823.02
-5823.02
-174.31
-2.64243
-0.0268439
-0.000205272
-1.25965e-06
-6.50369e-09
-2.66454e-11
0
-1.11022e-12
0
0
3.66374e-11
6.43596e-09
1.25962e-06
0.000205272
0.0268439
2.64243
174.31
5823.02
-5823.02
-174.31
-2.64243
-0.0268439
-0.000205272
-1.25975e-06
-6.49036e-09
-4.21885e-11
-3.33067e-12
0
1.11022e-12
0
2.22045e-11
6.43596e-09
1.25968e-06
0.000205272
0.0268439
2.64243
174.31
5823.02
-5823.02
-174.31
-2.64243
-0.0268439
-0.000205272
-1.25972e-06
-6.51035e-09
-2.77556e-11
0
-3.33067e-12
0
0
3.66374e-11
6.41376e-09
1.2596e-06
0.000205272
0.0268439
2.64243
174.31
5823.02
-5823.02
-174.31
-2.64243
-0.0268439
-0.000205272
-1.25975e-06
-6.48925e-09
-4.21885e-11
-4.44089e-12
1.11022e-12
0
0
3.77476e-11
6.46927e-09
1.25967e-06
0.000205272
0.0268439
2.64243
174.31
5823.02
-5823.02
-174.31
-2.64243
-0.0268439
-0.000205272
-1.25972e-06
-6.50924e-09
-3.33067e-11
2.22045e-12
-3.33067e-12
-2.22045e-12
0
3.66374e-11
6.41265e-09
1.2596e-06
0.000205272
0.0268439
2.64243
174.31
5823.02
-5823.02
-174.31
-2.64243
-0.0268439
-0.000205272
-1.25965e-06
-6.50924e-09
-2.44249e-11
0
-3.33067e-12
0
0
2.77556e-11
6.41376e-09
1.25961e-06
0.000205272
0.0268439
2.64243
174.31
5823.02
-5823.02
-174.31
-2.64243
-0.0268439
-0.000205272
-1.25973e-06
-6.53033e-09
-3.88578e-11
0
0
3.33067e-12
1.11022e-12
1.9984e-11
6.46816e-09
1.25971e-06
0.000205272
0.0268439
2.64243
174.31
5823.02
-5823.02
-174.31
-2.64243
-0.0268439
-0.000205272
-1.25971e-06
-6.50369e-09
-2.9976e-11
0
-1.11022e-12
0
0
3.66374e-11
6.41709e-09
1.25974e-06
0.000205272
0.0268439
2.64243
174.31
5823.02
-5823.02
-174.31
-2.64243
-0.0268439
-0.000205272
-1.25965e-06
-6.527e-09
-2.9976e-11
-2.22045e-12
1.11022e-12
1.11022e-12
0
1.9984e-11
6.46816e-09
1.25969e-06
0.000205272
0.0268439
2.64243
174.31
5823.02
-5823.02
-174.31
-2.64243
-0.0268439
-0.000205273
-1.25973e-06
-6.5703e-09
-6.66134e-12
0
-1.9984e-11
1.11022e-12
-2.22045e-12
1.32117e-10
6.44707e-09
1.25954e-06
0.000205272
0.0268439
2.64243
174.31
5823.02
)
;
    }
    bottom
    {
        type            calculated;
        value           nonuniform List<scalar> 
400
(
-5823.02
-174.31
-2.64243
-0.0268439
-0.000205272
-1.25967e-06
-6.44484e-09
-3.88578e-11
-3.55271e-11
-1.55431e-11
0
-2.22045e-12
2.66454e-11
6.47704e-09
1.25974e-06
0.000205273
0.0268439
2.64243
174.31
5823.02
-5823.02
-174.31
-2.64243
-0.0268439
-0.000205272
-1.25965e-06
-6.45262e-09
-3.66374e-11
-5.55112e-12
0
0
0
2.44249e-11
6.44373e-09
1.2597e-06
0.000205272
0.0268439
2.64243
174.31
5823.02
-5823.02
-174.31
-2.64243
-0.0268439
-0.000205272
-1.25966e-06
-6.51923e-09
-3.88578e-11
-3.33067e-12
0
0
2.22045e-12
1.77636e-11
6.50591e-09
1.25975e-06
0.000205272
0.0268439
2.64243
174.31
5823.02
-5823.02
-174.31
-2.64243
-0.0268439
-0.000205272
-1.25968e-06
-6.45817e-09
-3.33067e-12
0
4.44089e-12
4.44089e-12
-4.44089e-12
3.10862e-11
6.51257e-09
1.25975e-06
0.000205272
0.0268439
2.64243
174.31
5823.02
-5823.02
-174.31
-2.64243
-0.0268439
-0.000205272
-1.25961e-06
-6.47482e-09
-2.77556e-11
-1.11022e-12
0
2.22045e-12
2.22045e-12
3.88578e-11
6.50702e-09
1.25972e-06
0.000205272
0.0268439
2.64243
174.31
5823.02
-5823.02
-174.31
-2.64243
-0.0268439
-0.000205272
-1.25965e-06
-6.47038e-09
-2.55351e-11
-1.11022e-12
-3.33067e-12
-1.11022e-12
2.22045e-12
2.9976e-11
6.50702e-09
1.25973e-06
0.000205272
0.0268439
2.64243
174.31
5823.02
-5823.02
-174.31
-2.64243
-0.0268439
-0.000205272
-1.25971e-06
-6.52034e-09
-2.10942e-11
-3.33067e-12
0
3.33067e-12
2.22045e-12
3.88578e-11
6.50702e-09
1.25972e-06
0.000205272
0.0268439
2.64243
174.31
5823.02
-5823.02
-174.31
-2.64243
-0.0268439
-0.000205272
-1.25975e-06
-6.50924e-09
-3.88578e-11
5.55112e-12
-4.44089e-12
-1.11022e-12
0
3.55271e-11
6.41376e-09
1.2596e-06
0.000205272
0.0268439
2.64243
174.31
5823.02
-5823.02
-174.31
-2.64243
-0.0268439
-0.000205272
-1.25965e-06
-6.52034e-09
-2.9976e-11
0
0
-3.33067e-12
2.22045e-12
2.55351e-11
6.50702e-09
1.25973e-06
0.000205272
0.0268439
2.64243
174.31
5823.02
-5823.02
-174.31
-2.64243
-0.0268439
-0.000205272
-1.25966e-06
-6.43374e-09
-3.77476e-11
-3.33067e-12
0
0
2.22045e-12
2.77556e-11
6.50813e-09
1.25973e-06
0.000205272
0.0268439
2.64243
174.31
5823.02
-5823.02
-174.31
-2.64243
-0.0268439
-0.000205272
-1.25965e-06
-6.50369e-09
-2.66454e-11
0
-1.11022e-12
0
0
3.66374e-11
6.43596e-09
1.25962e-06
0.000205272
0.0268439
2.64243
174.31
5823.02
-5823.02
-174.31
-2.64243
-0.0268439
-0.000205272
-1.25975e-06
-6.49036e-09
-4.21885e-11
-3.33067e-12
0
1.11022e-12
0
2.22045e-11
6.43596e-09
1.25968e-06
0.000205272
0.0268439
2.64243
174.31
5823.02
-5823.02
-174.31
-2.64243
-0.0268439
-0.000205272
-1.25972e-06
-6.51035e-09
-2.77556e-11
0
-3.33067e-12
0
0
3.66374e-11
6.41376e-09
1.2596e-06
0.000205272
0.0268439
2.64243
174.31
5823.02
-5823.02
-174.31
-2.64243
-0.0268439
-0.000205272
-1.25975e-06
-6.48925e-09
-4.21885e-11
-4.44089e-12
1.11022e-12
0
0
3.77476e-11
6.46927e-09
1.25967e-06
0.000205272
0.0268439
2.64243
174.31
5823.02
-5823.02
-174.31
-2.64243
-0.0268439
-0.000205272
-1.25972e-06
-6.50924e-09
-3.33067e-11
2.22045e-12
-3.33067e-12
-2.22045e-12
0
3.66374e-11
6.41265e-09
1.2596e-06
0.000205272
0.0268439
2.64243
174.31
5823.02
-5823.02
-174.31
-2.64243
-0.0268439
-0.000205272
-1.25965e-06
-6.50924e-09
-2.44249e-11
0
-3.33067e-12
0
0
2.77556e-11
6.41376e-09
1.25961e-06
0.000205272
0.0268439
2.64243
174.31
5823.02
-5823.02
-174.31
-2.64243
-0.0268439
-0.000205272
-1.25973e-06
-6.53033e-09
-3.88578e-11
0
0
3.33067e-12
1.11022e-12
1.9984e-11
6.46816e-09
1.25971e-06
0.000205272
0.0268439
2.64243
174.31
5823.02
-5823.02
-174.31
-2.64243
-0.0268439
-0.000205272
-1.25971e-06
-6.50369e-09
-2.9976e-11
0
-1.11022e-12
0
0
3.66374e-11
6.41709e-09
1.25974e-06
0.000205272
0.0268439
2.64243
174.31
5823.02
-5823.02
-174.31
-2.64243
-0.0268439
-0.000205272
-1.25965e-06
-6.527e-09
-2.9976e-11
-2.22045e-12
1.11022e-12
1.11022e-12
0
1.9984e-11
6.46816e-09
1.25969e-06
0.000205272
0.0268439
2.64243
174.31
5823.02
-5823.02
-174.31
-2.64243
-0.0268439
-0.000205273
-1.25973e-06
-6.5703e-09
-6.66134e-12
0
-1.9984e-11
1.11022e-12
-2.22045e-12
1.32117e-10
6.44707e-09
1.25954e-06
0.000205272
0.0268439
2.64243
174.31
5823.02
)
;
    }
}


// ************************************************************************* //
