/*--------------------------------*- C++ -*----------------------------------*\
  =========                 |
  \\      /  F ield         | OpenFOAM: The Open Source CFD Toolbox
   \\    /   O peration     | Website:  https://openfoam.org
    \\  /    A nd           | Version:  8
     \\/     M anipulation  |
\*---------------------------------------------------------------------------*/
FoamFile
{
    version     2.0;
    format      ascii;
    class       volScalarField;
    location    "1.9";
    object      gradTx;
}
// * * * * * * * * * * * * * * * * * * * * * * * * * * * * * * * * * * * * * //

dimensions      [0 -1 0 1 0 0 0];

internalField   nonuniform List<scalar> 
400
(
-1.60794e-08
-1.62503e-08
-3.23075e-10
-9.76996e-11
5.32907e-11
7.77156e-11
1.07692e-10
0
-4.996e-11
-3.44169e-11
-1.03251e-10
1.11022e-11
1.11022e-12
-5.9952e-11
8.77076e-11
-2.22045e-11
0
3.04201e-10
1.6066e-08
1.58329e-08
-2.83107e-10
-3.05311e-10
-1.15463e-10
-3.33067e-12
4.88498e-11
4.10783e-11
4.44089e-12
-8.32667e-11
7.88258e-11
4.996e-11
-1.19904e-10
1.55431e-11
9.65894e-11
-6.77236e-11
-6.21725e-11
-3.33067e-11
2.08722e-10
1.60927e-08
1.06565e-06
1.0498e-06
-3.55271e-11
-6.66134e-12
-7.77156e-12
-6.21725e-11
9.76996e-11
6.10623e-11
-2.55351e-11
0
-2.10942e-11
1.9984e-11
-6.32827e-11
1.9984e-11
-2.22045e-12
-1.32117e-10
8.99281e-11
6.21725e-11
-1.44329e-11
5.78426e-10
3.26239e-08
3.20988e-08
1.77636e-11
0
-6.32827e-11
3.33067e-11
4.44089e-11
-8.43769e-11
9.4369e-11
6.21725e-11
-1.55431e-11
1.02141e-10
-8.32667e-11
-8.43769e-11
0
6.43929e-11
9.54792e-11
4.44089e-12
0
-8.77076e-11
4.07452e-10
4.90719e-10
-4.21885e-11
-2.66454e-11
-4.44089e-12
-6.10623e-11
0
8.88178e-11
1.07692e-10
-5.32907e-11
-9.21485e-11
-3.33067e-12
9.32587e-11
7.32747e-11
0
1.22125e-11
-1.16573e-10
6.66134e-12
6.32827e-11
-8.43769e-11
1.9984e-11
7.54952e-11
-2.22045e-11
4.10783e-11
0
-4.55191e-11
1.44329e-11
4.55191e-11
3.66374e-11
0
-7.21645e-11
-1.88738e-11
5.55112e-11
6.66134e-12
-1.11022e-12
0
1.77636e-11
1.9984e-11
-5.55112e-12
0
6.66134e-11
3.88578e-11
-1.55431e-11
-1.66533e-11
-3.44169e-11
-1.22125e-11
2.77556e-11
-5.55112e-12
1.11022e-11
8.88178e-12
-3.33067e-12
-4.44089e-12
3.33067e-12
3.33067e-12
0
5.55112e-12
-1.44329e-11
2.22045e-12
3.33067e-12
-8.88178e-12
-2.22045e-12
0
-3.10862e-11
-3.33067e-11
-4.44089e-12
0
3.33067e-12
0
-3.33067e-12
0
3.33067e-12
-3.33067e-12
0
0
1.11022e-12
0
-4.44089e-12
0
1.11022e-12
3.33067e-12
0
-4.44089e-12
-1.44329e-11
-1.66533e-11
-2.22045e-12
-1.11022e-12
4.44089e-12
1.11022e-12
-1.11022e-12
0
-2.22045e-12
0
-1.11022e-12
2.22045e-12
0
0
3.33067e-12
-3.33067e-12
-2.22045e-12
0
2.10942e-11
2.33147e-11
1.11022e-12
0
0
1.11022e-12
2.22045e-12
-1.11022e-12
2.22045e-12
3.33067e-12
-4.44089e-12
-3.33067e-12
0
0
0
2.22045e-12
0
-2.22045e-12
0
2.22045e-12
0
-2.22045e-12
0
-1.11022e-12
2.22045e-12
0
-3.33067e-12
0
-1.11022e-12
0
1.11022e-12
-1.11022e-12
-1.11022e-12
0
1.11022e-12
0
-1.11022e-12
0
0
1.11022e-12
2.22045e-12
1.11022e-12
0
0
4.44089e-12
4.44089e-12
-4.44089e-12
0
2.22045e-12
-3.33067e-12
-3.33067e-12
0
1.11022e-12
0
-1.11022e-12
0
0
3.33067e-12
0
0
1.11022e-12
-2.22045e-12
2.22045e-12
3.33067e-12
-2.22045e-12
0
3.33067e-12
0
-3.33067e-12
0
3.33067e-12
-3.33067e-12
-3.33067e-12
0
1.11022e-12
0
-1.11022e-12
1.11022e-12
0
0
0
-1.11022e-12
-2.22045e-12
-9.99201e-12
1.11022e-11
2.44249e-11
-3.33067e-12
0
6.66134e-12
-1.66533e-11
-7.77156e-12
8.88178e-12
-5.55112e-12
0
1.33227e-11
1.11022e-12
-9.99201e-12
-1.44329e-11
9.99201e-12
-1.11022e-12
9.76996e-11
1.08802e-10
-2.9976e-11
3.33067e-11
6.66134e-11
0
-3.33067e-12
0
-9.54792e-11
0
9.54792e-11
-7.43849e-11
-7.43849e-11
-2.10942e-11
3.44169e-11
-1.11022e-12
-5.66214e-11
5.66214e-11
4.44089e-12
0
2.88658e-11
-2.22045e-11
-4.55191e-11
-2.22045e-12
6.21725e-11
0
-1.9984e-11
-4.44089e-12
-1.24345e-10
0
1.21014e-10
-1.06581e-10
-5.32907e-11
-1.44329e-11
5.55112e-12
0
-7.21645e-11
9.10383e-11
1.35447e-10
-1.44329e-11
-9.88098e-11
-3.9968e-11
-5.4845e-10
-5.55112e-10
4.88498e-11
-1.55431e-11
7.77156e-11
-7.77156e-12
-1.37668e-10
5.9952e-11
9.21485e-11
4.996e-11
3.88578e-11
-1.11022e-12
-1.38778e-10
0
4.88498e-11
-9.88098e-11
4.32987e-11
-1.11022e-12
-5.66214e-11
4.10783e-11
-3.21998e-08
-3.26739e-08
-4.27436e-10
-5.55112e-12
-4.32987e-11
2.22045e-12
5.32907e-11
3.33067e-12
-5.21805e-11
-1.07692e-10
-3.9968e-11
1.60982e-10
3.33067e-12
0
-7.21645e-11
-6.99441e-11
1.0103e-10
-1.66533e-11
1.06581e-10
1.35447e-10
-1.04991e-06
-1.0657e-06
-1.59406e-08
-2.0095e-10
-4.32987e-11
0
1.28786e-10
1.27676e-10
-3.77476e-11
-5.66214e-11
4.66294e-11
1.11022e-12
-1.31006e-10
0
4.44089e-11
-6.66134e-11
5.55112e-12
2.22045e-12
4.57412e-10
5.21805e-10
-1.57985e-08
-1.60094e-08
-3.60822e-10
0
5.10703e-11
-1.11022e-12
-4.55191e-11
-1.0103e-10
1.46549e-10
-2.66454e-11
-4.44089e-11
-1.88738e-11
5.21805e-11
-1.11022e-12
-1.56541e-10
1.33227e-11
4.44089e-12
3.05311e-10
1.62814e-08
1.59606e-08
)
;

boundaryField
{
    front
    {
        type            calculated;
        value           nonuniform List<scalar> 
20
(
-1.60794e-08
-1.62503e-08
-3.23075e-10
-9.76996e-11
5.32907e-11
7.77156e-11
1.07692e-10
0
-4.996e-11
-3.44169e-11
-1.03251e-10
1.11022e-11
1.11022e-12
-5.9952e-11
8.77076e-11
-2.22045e-11
0
3.04201e-10
1.6066e-08
1.58329e-08
)
;
    }
    back
    {
        type            calculated;
        value           nonuniform List<scalar> 
20
(
-1.57985e-08
-1.60094e-08
-3.60822e-10
0
5.10703e-11
-1.11022e-12
-4.55191e-11
-1.0103e-10
1.46549e-10
-2.66454e-11
-4.44089e-11
-1.88738e-11
5.21805e-11
-1.11022e-12
-1.56541e-10
1.33227e-11
4.44089e-12
3.05311e-10
1.62814e-08
1.59606e-08
)
;
    }
    left
    {
        type            calculated;
        value           uniform 0;
    }
    right
    {
        type            calculated;
        value           uniform 0;
    }
    top
    {
        type            calculated;
        value           nonuniform List<scalar> 
400
(
-1.60794e-08
-2.83107e-10
-3.55271e-11
1.77636e-11
-4.21885e-11
-2.22045e-11
-1.55431e-11
-3.10862e-11
-1.44329e-11
1.11022e-12
0
0
2.22045e-12
-2.22045e-12
-2.9976e-11
-4.55191e-11
-5.4845e-10
-3.21998e-08
-1.04991e-06
-1.57985e-08
-1.62503e-08
-3.05311e-10
-6.66134e-12
0
-2.66454e-11
4.10783e-11
-1.66533e-11
-3.33067e-11
-1.66533e-11
0
-1.11022e-12
0
3.33067e-12
-9.99201e-12
3.33067e-11
-2.22045e-12
-5.55112e-10
-3.26739e-08
-1.0657e-06
-1.60094e-08
-3.23075e-10
-1.15463e-10
-7.77156e-12
-6.32827e-11
-4.44089e-12
0
-3.44169e-11
-4.44089e-12
-2.22045e-12
0
2.22045e-12
4.44089e-12
-2.22045e-12
1.11022e-11
6.66134e-11
6.21725e-11
4.88498e-11
-4.27436e-10
-1.59406e-08
-3.60822e-10
-9.76996e-11
-3.33067e-12
-6.21725e-11
3.33067e-11
-6.10623e-11
-4.55191e-11
-1.22125e-11
0
-1.11022e-12
1.11022e-12
0
4.44089e-12
0
2.44249e-11
0
0
-1.55431e-11
-5.55112e-12
-2.0095e-10
0
5.32907e-11
4.88498e-11
9.76996e-11
4.44089e-11
0
1.44329e-11
2.77556e-11
3.33067e-12
4.44089e-12
2.22045e-12
-3.33067e-12
-4.44089e-12
3.33067e-12
-3.33067e-12
-3.33067e-12
-1.9984e-11
7.77156e-11
-4.32987e-11
-4.32987e-11
5.10703e-11
7.77156e-11
4.10783e-11
6.10623e-11
-8.43769e-11
8.88178e-11
4.55191e-11
-5.55112e-12
0
1.11022e-12
-1.11022e-12
0
0
0
0
0
-4.44089e-12
-7.77156e-12
2.22045e-12
0
-1.11022e-12
1.07692e-10
4.44089e-12
-2.55351e-11
9.4369e-11
1.07692e-10
3.66374e-11
1.11022e-11
-3.33067e-12
-1.11022e-12
2.22045e-12
-1.11022e-12
2.22045e-12
-3.33067e-12
6.66134e-12
-9.54792e-11
-1.24345e-10
-1.37668e-10
5.32907e-11
1.28786e-10
-4.55191e-11
0
-8.32667e-11
0
6.21725e-11
-5.32907e-11
0
8.88178e-12
0
0
3.33067e-12
0
-3.33067e-12
0
-1.66533e-11
0
0
5.9952e-11
3.33067e-12
1.27676e-10
-1.0103e-10
-4.996e-11
7.88258e-11
-2.10942e-11
-1.55431e-11
-9.21485e-11
-7.21645e-11
-3.33067e-12
3.33067e-12
-2.22045e-12
-4.44089e-12
1.11022e-12
-3.33067e-12
3.33067e-12
-7.77156e-12
9.54792e-11
1.21014e-10
9.21485e-11
-5.21805e-11
-3.77476e-11
1.46549e-10
-3.44169e-11
4.996e-11
1.9984e-11
1.02141e-10
-3.33067e-12
-1.88738e-11
-4.44089e-12
-3.33067e-12
0
-3.33067e-12
-1.11022e-12
0
-3.33067e-12
8.88178e-12
-7.43849e-11
-1.06581e-10
4.996e-11
-1.07692e-10
-5.66214e-11
-2.66454e-11
-1.03251e-10
-1.19904e-10
-6.32827e-11
-8.32667e-11
9.32587e-11
5.55112e-11
3.33067e-12
0
-1.11022e-12
0
-1.11022e-12
1.11022e-12
-3.33067e-12
-5.55112e-12
-7.43849e-11
-5.32907e-11
3.88578e-11
-3.9968e-11
4.66294e-11
-4.44089e-11
1.11022e-11
1.55431e-11
1.9984e-11
-8.43769e-11
7.32747e-11
6.66134e-12
3.33067e-12
0
2.22045e-12
0
0
0
0
0
-2.10942e-11
-1.44329e-11
-1.11022e-12
1.60982e-10
1.11022e-12
-1.88738e-11
1.11022e-12
9.65894e-11
-2.22045e-12
0
0
-1.11022e-12
0
1.11022e-12
0
0
1.11022e-12
-1.11022e-12
1.11022e-12
1.33227e-11
3.44169e-11
5.55112e-12
-1.38778e-10
3.33067e-12
-1.31006e-10
5.21805e-11
-5.9952e-11
-6.77236e-11
-1.32117e-10
6.43929e-11
1.22125e-11
0
5.55112e-12
0
0
2.22045e-12
0
0
0
1.11022e-12
-1.11022e-12
0
0
0
0
-1.11022e-12
8.77076e-11
-6.21725e-11
8.99281e-11
9.54792e-11
-1.16573e-10
1.77636e-11
-1.44329e-11
-4.44089e-12
3.33067e-12
0
-1.11022e-12
0
-1.11022e-12
-9.99201e-12
-5.66214e-11
-7.21645e-11
4.88498e-11
-7.21645e-11
4.44089e-11
-1.56541e-10
-2.22045e-11
-3.33067e-11
6.21725e-11
4.44089e-12
6.66134e-12
1.9984e-11
2.22045e-12
0
-3.33067e-12
-2.22045e-12
0
3.33067e-12
1.11022e-12
-1.44329e-11
5.66214e-11
9.10383e-11
-9.88098e-11
-6.99441e-11
-6.66134e-11
1.33227e-11
0
2.08722e-10
-1.44329e-11
0
6.32827e-11
-5.55112e-12
3.33067e-12
1.11022e-12
-2.22045e-12
0
0
0
0
9.99201e-12
4.44089e-12
1.35447e-10
4.32987e-11
1.0103e-10
5.55112e-12
4.44089e-12
3.04201e-10
1.60927e-08
5.78426e-10
-8.77076e-11
-8.43769e-11
0
-8.88178e-12
3.33067e-12
0
2.22045e-12
1.11022e-12
0
0
-1.11022e-12
0
-1.44329e-11
-1.11022e-12
-1.66533e-11
2.22045e-12
3.05311e-10
1.6066e-08
1.06565e-06
3.26239e-08
4.07452e-10
1.9984e-11
6.66134e-11
-2.22045e-12
0
2.10942e-11
0
2.22045e-12
1.11022e-12
0
9.76996e-11
2.88658e-11
-9.88098e-11
-5.66214e-11
1.06581e-10
4.57412e-10
1.62814e-08
1.58329e-08
1.0498e-06
3.20988e-08
4.90719e-10
7.54952e-11
3.88578e-11
0
-4.44089e-12
2.33147e-11
-2.22045e-12
1.11022e-12
-2.22045e-12
-1.11022e-12
1.08802e-10
-2.22045e-11
-3.9968e-11
4.10783e-11
1.35447e-10
5.21805e-10
1.59606e-08
)
;
    }
    bottom
    {
        type            calculated;
        value           nonuniform List<scalar> 
400
(
-1.60794e-08
-2.83107e-10
-3.55271e-11
1.77636e-11
-4.21885e-11
-2.22045e-11
-1.55431e-11
-3.10862e-11
-1.44329e-11
1.11022e-12
0
0
2.22045e-12
-2.22045e-12
-2.9976e-11
-4.55191e-11
-5.4845e-10
-3.21998e-08
-1.04991e-06
-1.57985e-08
-1.62503e-08
-3.05311e-10
-6.66134e-12
0
-2.66454e-11
4.10783e-11
-1.66533e-11
-3.33067e-11
-1.66533e-11
0
-1.11022e-12
0
3.33067e-12
-9.99201e-12
3.33067e-11
-2.22045e-12
-5.55112e-10
-3.26739e-08
-1.0657e-06
-1.60094e-08
-3.23075e-10
-1.15463e-10
-7.77156e-12
-6.32827e-11
-4.44089e-12
0
-3.44169e-11
-4.44089e-12
-2.22045e-12
0
2.22045e-12
4.44089e-12
-2.22045e-12
1.11022e-11
6.66134e-11
6.21725e-11
4.88498e-11
-4.27436e-10
-1.59406e-08
-3.60822e-10
-9.76996e-11
-3.33067e-12
-6.21725e-11
3.33067e-11
-6.10623e-11
-4.55191e-11
-1.22125e-11
0
-1.11022e-12
1.11022e-12
0
4.44089e-12
0
2.44249e-11
0
0
-1.55431e-11
-5.55112e-12
-2.0095e-10
0
5.32907e-11
4.88498e-11
9.76996e-11
4.44089e-11
0
1.44329e-11
2.77556e-11
3.33067e-12
4.44089e-12
2.22045e-12
-3.33067e-12
-4.44089e-12
3.33067e-12
-3.33067e-12
-3.33067e-12
-1.9984e-11
7.77156e-11
-4.32987e-11
-4.32987e-11
5.10703e-11
7.77156e-11
4.10783e-11
6.10623e-11
-8.43769e-11
8.88178e-11
4.55191e-11
-5.55112e-12
0
1.11022e-12
-1.11022e-12
0
0
0
0
0
-4.44089e-12
-7.77156e-12
2.22045e-12
0
-1.11022e-12
1.07692e-10
4.44089e-12
-2.55351e-11
9.4369e-11
1.07692e-10
3.66374e-11
1.11022e-11
-3.33067e-12
-1.11022e-12
2.22045e-12
-1.11022e-12
2.22045e-12
-3.33067e-12
6.66134e-12
-9.54792e-11
-1.24345e-10
-1.37668e-10
5.32907e-11
1.28786e-10
-4.55191e-11
0
-8.32667e-11
0
6.21725e-11
-5.32907e-11
0
8.88178e-12
0
0
3.33067e-12
0
-3.33067e-12
0
-1.66533e-11
0
0
5.9952e-11
3.33067e-12
1.27676e-10
-1.0103e-10
-4.996e-11
7.88258e-11
-2.10942e-11
-1.55431e-11
-9.21485e-11
-7.21645e-11
-3.33067e-12
3.33067e-12
-2.22045e-12
-4.44089e-12
1.11022e-12
-3.33067e-12
3.33067e-12
-7.77156e-12
9.54792e-11
1.21014e-10
9.21485e-11
-5.21805e-11
-3.77476e-11
1.46549e-10
-3.44169e-11
4.996e-11
1.9984e-11
1.02141e-10
-3.33067e-12
-1.88738e-11
-4.44089e-12
-3.33067e-12
0
-3.33067e-12
-1.11022e-12
0
-3.33067e-12
8.88178e-12
-7.43849e-11
-1.06581e-10
4.996e-11
-1.07692e-10
-5.66214e-11
-2.66454e-11
-1.03251e-10
-1.19904e-10
-6.32827e-11
-8.32667e-11
9.32587e-11
5.55112e-11
3.33067e-12
0
-1.11022e-12
0
-1.11022e-12
1.11022e-12
-3.33067e-12
-5.55112e-12
-7.43849e-11
-5.32907e-11
3.88578e-11
-3.9968e-11
4.66294e-11
-4.44089e-11
1.11022e-11
1.55431e-11
1.9984e-11
-8.43769e-11
7.32747e-11
6.66134e-12
3.33067e-12
0
2.22045e-12
0
0
0
0
0
-2.10942e-11
-1.44329e-11
-1.11022e-12
1.60982e-10
1.11022e-12
-1.88738e-11
1.11022e-12
9.65894e-11
-2.22045e-12
0
0
-1.11022e-12
0
1.11022e-12
0
0
1.11022e-12
-1.11022e-12
1.11022e-12
1.33227e-11
3.44169e-11
5.55112e-12
-1.38778e-10
3.33067e-12
-1.31006e-10
5.21805e-11
-5.9952e-11
-6.77236e-11
-1.32117e-10
6.43929e-11
1.22125e-11
0
5.55112e-12
0
0
2.22045e-12
0
0
0
1.11022e-12
-1.11022e-12
0
0
0
0
-1.11022e-12
8.77076e-11
-6.21725e-11
8.99281e-11
9.54792e-11
-1.16573e-10
1.77636e-11
-1.44329e-11
-4.44089e-12
3.33067e-12
0
-1.11022e-12
0
-1.11022e-12
-9.99201e-12
-5.66214e-11
-7.21645e-11
4.88498e-11
-7.21645e-11
4.44089e-11
-1.56541e-10
-2.22045e-11
-3.33067e-11
6.21725e-11
4.44089e-12
6.66134e-12
1.9984e-11
2.22045e-12
0
-3.33067e-12
-2.22045e-12
0
3.33067e-12
1.11022e-12
-1.44329e-11
5.66214e-11
9.10383e-11
-9.88098e-11
-6.99441e-11
-6.66134e-11
1.33227e-11
0
2.08722e-10
-1.44329e-11
0
6.32827e-11
-5.55112e-12
3.33067e-12
1.11022e-12
-2.22045e-12
0
0
0
0
9.99201e-12
4.44089e-12
1.35447e-10
4.32987e-11
1.0103e-10
5.55112e-12
4.44089e-12
3.04201e-10
1.60927e-08
5.78426e-10
-8.77076e-11
-8.43769e-11
0
-8.88178e-12
3.33067e-12
0
2.22045e-12
1.11022e-12
0
0
-1.11022e-12
0
-1.44329e-11
-1.11022e-12
-1.66533e-11
2.22045e-12
3.05311e-10
1.6066e-08
1.06565e-06
3.26239e-08
4.07452e-10
1.9984e-11
6.66134e-11
-2.22045e-12
0
2.10942e-11
0
2.22045e-12
1.11022e-12
0
9.76996e-11
2.88658e-11
-9.88098e-11
-5.66214e-11
1.06581e-10
4.57412e-10
1.62814e-08
1.58329e-08
1.0498e-06
3.20988e-08
4.90719e-10
7.54952e-11
3.88578e-11
0
-4.44089e-12
2.33147e-11
-2.22045e-12
1.11022e-12
-2.22045e-12
-1.11022e-12
1.08802e-10
-2.22045e-11
-3.9968e-11
4.10783e-11
1.35447e-10
5.21805e-10
1.59606e-08
)
;
    }
}


// ************************************************************************* //
