/*--------------------------------*- C++ -*----------------------------------*\
  =========                 |
  \\      /  F ield         | OpenFOAM: The Open Source CFD Toolbox
   \\    /   O peration     | Website:  https://openfoam.org
    \\  /    A nd           | Version:  8
     \\/     M anipulation  |
\*---------------------------------------------------------------------------*/
FoamFile
{
    version     2.0;
    format      ascii;
    class       volScalarField;
    location    "1.9";
    object      T;
}
// * * * * * * * * * * * * * * * * * * * * * * * * * * * * * * * * * * * * * //

dimensions      [0 0 0 1 0 0 0];

internalField   nonuniform List<scalar> 
400
(
290.434
290.434
290.434
290.434
290.434
290.434
290.434
290.434
290.434
290.434
290.434
290.434
290.434
290.434
290.434
290.434
290.434
290.434
290.434
290.434
273.264
273.264
273.264
273.264
273.264
273.264
273.264
273.264
273.264
273.264
273.264
273.264
273.264
273.264
273.264
273.264
273.264
273.264
273.264
273.264
273.003
273.003
273.003
273.003
273.003
273.003
273.003
273.003
273.003
273.003
273.003
273.003
273.003
273.003
273.003
273.003
273.003
273.003
273.003
273.003
273
273
273
273
273
273
273
273
273
273
273
273
273
273
273
273
273
273
273
273
273
273
273
273
273
273
273
273
273
273
273
273
273
273
273
273
273
273
273
273
273
273
273
273
273
273
273
273
273
273
273
273
273
273
273
273
273
273
273
273
273
273
273
273
273
273
273
273
273
273
273
273
273
273
273
273
273
273
273
273
273
273
273
273
273
273
273
273
273
273
273
273
273
273
273
273
273
273
273
273
273
273
273
273
273
273
273
273
273
273
273
273
273
273
273
273
273
273
273
273
273
273
273
273
273
273
273
273
273
273
273
273
273
273
273
273
273
273
273
273
273
273
273
273
273
273
273
273
273
273
273
273
273
273
273
273
273
273
273
273
273
273
273
273
273
273
273
273
273
273
273
273
273
273
273
273
273
273
273
273
273
273
273
273
273
273
273
273
273
273
273
273
273
273
273
273
273
273
273
273
273
273
273
273
273
273
273
273
273
273
273
273
273
273
273
273
273
273
273
273
273
273
273
273
273
273
273
273
273
273
273
273
273
273
273
273
273
273
273
273
273
273
273
273
273
273
273
273
273
273
273
273
273
273
273
273
273
273
273
273
273
273
273
273
273
273
273
273
273
273
273
273
273
273
273
273
273
273
273
273
273.003
273.003
273.003
273.003
273.003
273.003
273.003
273.003
273.003
273.003
273.003
273.003
273.003
273.003
273.003
273.003
273.003
273.003
273.003
273.003
273.264
273.264
273.264
273.264
273.264
273.264
273.264
273.264
273.264
273.264
273.264
273.264
273.264
273.264
273.264
273.264
273.264
273.264
273.264
273.264
290.434
290.434
290.434
290.434
290.434
290.434
290.434
290.434
290.434
290.434
290.434
290.434
290.434
290.434
290.434
290.434
290.434
290.434
290.434
290.434
)
;

boundaryField
{
    front
    {
        type            fixedValue;
        value           uniform 573;
    }
    back
    {
        type            fixedValue;
        value           uniform 573;
    }
    left
    {
        type            zeroGradient;
    }
    right
    {
        type            zeroGradient;
    }
    top
    {
        type            zeroGradient;
    }
    bottom
    {
        type            zeroGradient;
    }
}


// ************************************************************************* //
