/*--------------------------------*- C++ -*----------------------------------*\
  =========                 |
  \\      /  F ield         | OpenFOAM: The Open Source CFD Toolbox
   \\    /   O peration     | Website:  https://openfoam.org
    \\  /    A nd           | Version:  8
     \\/     M anipulation  |
\*---------------------------------------------------------------------------*/
FoamFile
{
    version     2.0;
    format      ascii;
    class       volScalarField;
    location    "0.8";
    object      gradTx;
}
// * * * * * * * * * * * * * * * * * * * * * * * * * * * * * * * * * * * * * //

dimensions      [0 -1 0 1 0 0 0];

internalField   nonuniform List<scalar> 
400
(
-3.03091e-09
-3.04645e-09
-8.54872e-11
-4.44089e-11
2.77556e-11
3.77476e-11
4.21885e-11
-3.33067e-12
-1.9984e-11
-1.9984e-11
-4.55191e-11
8.88178e-12
0
-2.77556e-11
3.66374e-11
-5.55112e-12
0
1.22125e-11
3.0298e-09
3.04312e-09
-1.11022e-12
-8.88178e-12
-4.996e-11
-1.11022e-12
2.22045e-11
1.66533e-11
-3.33067e-12
-3.33067e-11
3.88578e-11
1.66533e-11
-5.10703e-11
8.88178e-12
4.21885e-11
-3.21965e-11
-2.77556e-11
-1.55431e-11
3.21965e-11
3.03535e-09
4.72774e-07
4.69784e-07
-1.66533e-11
-7.77156e-12
-1.11022e-12
-2.22045e-11
3.77476e-11
2.10942e-11
-1.11022e-11
0
-8.88178e-12
7.77156e-12
-2.88658e-11
1.11022e-11
1.11022e-12
-5.55112e-11
3.55271e-11
2.77556e-11
-6.66134e-12
7.32747e-11
6.1029e-09
6.04738e-09
1.11022e-11
4.44089e-12
-2.77556e-11
9.99201e-12
1.9984e-11
-3.66374e-11
3.55271e-11
2.66454e-11
-4.44089e-12
4.44089e-11
-3.21965e-11
-3.33067e-11
0
2.44249e-11
3.77476e-11
5.55112e-12
0
-4.21885e-11
-1.11022e-12
3.33067e-11
-1.33227e-11
-5.55112e-12
1.11022e-12
-2.44249e-11
0
3.33067e-11
4.21885e-11
-1.77636e-11
-3.44169e-11
-2.22045e-12
3.21965e-11
2.88658e-11
-1.11022e-12
7.77156e-12
-4.44089e-11
2.22045e-12
2.88658e-11
-3.66374e-11
0
2.55351e-11
-2.22045e-12
1.22125e-11
0
-6.66134e-12
0
6.66134e-12
1.11022e-11
0
-1.11022e-11
-6.66134e-12
4.44089e-12
5.55112e-12
-1.11022e-12
0
7.77156e-12
1.11022e-12
-4.44089e-12
0
2.22045e-11
1.88738e-11
-1.33227e-11
-1.55431e-11
-2.22045e-12
-2.22045e-12
1.11022e-12
-1.11022e-12
5.55112e-12
0
-2.22045e-12
-1.11022e-12
1.11022e-12
0
0
2.22045e-12
-3.33067e-12
2.22045e-12
0
-4.44089e-12
0
0
-3.10862e-11
-3.33067e-11
-4.44089e-12
0
3.33067e-12
0
-3.33067e-12
0
3.33067e-12
-3.33067e-12
0
0
1.11022e-12
0
-4.44089e-12
0
1.11022e-12
3.33067e-12
0
-4.44089e-12
-1.44329e-11
-1.66533e-11
-2.22045e-12
-1.11022e-12
4.44089e-12
1.11022e-12
-1.11022e-12
0
-2.22045e-12
0
-1.11022e-12
2.22045e-12
0
0
3.33067e-12
-3.33067e-12
-2.22045e-12
0
2.10942e-11
2.33147e-11
1.11022e-12
0
0
1.11022e-12
2.22045e-12
-1.11022e-12
2.22045e-12
3.33067e-12
-4.44089e-12
-3.33067e-12
0
0
0
2.22045e-12
0
-2.22045e-12
0
2.22045e-12
0
-2.22045e-12
0
-1.11022e-12
2.22045e-12
0
-3.33067e-12
0
-1.11022e-12
0
1.11022e-12
-1.11022e-12
-1.11022e-12
0
1.11022e-12
0
-1.11022e-12
0
0
1.11022e-12
2.22045e-12
1.11022e-12
0
0
4.44089e-12
4.44089e-12
-4.44089e-12
0
2.22045e-12
-3.33067e-12
-3.33067e-12
0
1.11022e-12
0
-1.11022e-12
0
0
3.33067e-12
0
0
1.11022e-12
-2.22045e-12
2.22045e-12
3.33067e-12
-2.22045e-12
0
3.33067e-12
0
-3.33067e-12
0
3.33067e-12
-3.33067e-12
-3.33067e-12
0
1.11022e-12
0
-1.11022e-12
1.11022e-12
0
0
0
-1.11022e-12
0
0
1.11022e-12
3.33067e-12
0
0
4.44089e-12
-4.44089e-12
-4.44089e-12
1.11022e-12
0
0
1.11022e-12
0
-1.11022e-12
0
1.11022e-12
-1.11022e-12
9.54792e-11
9.4369e-11
-3.33067e-12
7.77156e-12
1.22125e-11
0
-1.11022e-12
0
-2.77556e-11
0
2.77556e-11
-1.44329e-11
-1.33227e-11
-1.44329e-11
2.22045e-12
0
-1.55431e-11
1.55431e-11
0
0
1.11022e-11
-4.44089e-12
-1.44329e-11
6.66134e-12
3.10862e-11
0
-1.11022e-11
1.11022e-12
-4.996e-11
0
4.88498e-11
-4.21885e-11
-2.9976e-11
-5.55112e-12
8.88178e-12
0
-2.9976e-11
3.44169e-11
4.88498e-11
-5.55112e-12
-3.66374e-11
-1.66533e-11
-6.88338e-11
-6.77236e-11
2.88658e-11
0
3.88578e-11
-4.44089e-12
-6.32827e-11
2.33147e-11
3.77476e-11
2.33147e-11
1.88738e-11
3.33067e-12
-5.88418e-11
0
1.9984e-11
-4.88498e-11
2.10942e-11
0
-2.9976e-11
1.88738e-11
-6.08957e-09
-6.12288e-09
-8.88178e-12
0
-2.44249e-11
0
2.77556e-11
0
-2.88658e-11
-4.10783e-11
-1.55431e-11
7.10543e-11
6.66134e-12
-1.11022e-12
-3.44169e-11
-2.9976e-11
4.21885e-11
-3.33067e-12
4.32987e-11
5.10703e-11
-4.69825e-07
-4.72792e-07
-2.9754e-09
-3.21965e-11
-2.10942e-11
0
6.21725e-11
5.55112e-11
-1.88738e-11
-2.10942e-11
2.10942e-11
2.22045e-12
-5.88418e-11
0
1.77636e-11
-3.55271e-11
1.11022e-11
0
7.43849e-11
1.09912e-10
-3.02203e-09
-2.99982e-09
-5.10703e-11
0
2.77556e-11
0
-2.22045e-11
-4.44089e-11
6.66134e-11
-1.33227e-11
-2.44249e-11
-7.77156e-12
2.44249e-11
-1.11022e-12
-6.88338e-11
5.55112e-12
3.33067e-12
7.43849e-11
3.06755e-09
2.9865e-09
)
;

boundaryField
{
    front
    {
        type            calculated;
        value           nonuniform List<scalar> 
20
(
-3.03091e-09
-3.04645e-09
-8.54872e-11
-4.44089e-11
2.77556e-11
3.77476e-11
4.21885e-11
-3.33067e-12
-1.9984e-11
-1.9984e-11
-4.55191e-11
8.88178e-12
0
-2.77556e-11
3.66374e-11
-5.55112e-12
0
1.22125e-11
3.0298e-09
3.04312e-09
)
;
    }
    back
    {
        type            calculated;
        value           nonuniform List<scalar> 
20
(
-3.02203e-09
-2.99982e-09
-5.10703e-11
0
2.77556e-11
0
-2.22045e-11
-4.44089e-11
6.66134e-11
-1.33227e-11
-2.44249e-11
-7.77156e-12
2.44249e-11
-1.11022e-12
-6.88338e-11
5.55112e-12
3.33067e-12
7.43849e-11
3.06755e-09
2.9865e-09
)
;
    }
    left
    {
        type            calculated;
        value           uniform 0;
    }
    right
    {
        type            calculated;
        value           uniform 0;
    }
    top
    {
        type            calculated;
        value           nonuniform List<scalar> 
400
(
-3.03091e-09
-1.11022e-12
-1.66533e-11
1.11022e-11
-1.33227e-11
-2.22045e-12
-1.33227e-11
-3.10862e-11
-1.44329e-11
1.11022e-12
0
0
2.22045e-12
0
-3.33067e-12
-1.44329e-11
-6.88338e-11
-6.08957e-09
-4.69825e-07
-3.02203e-09
-3.04645e-09
-8.88178e-12
-7.77156e-12
4.44089e-12
-5.55112e-12
1.22125e-11
-1.55431e-11
-3.33067e-11
-1.66533e-11
0
-1.11022e-12
0
3.33067e-12
0
7.77156e-12
6.66134e-12
-6.77236e-11
-6.12288e-09
-4.72792e-07
-2.99982e-09
-8.54872e-11
-4.996e-11
-1.11022e-12
-2.77556e-11
1.11022e-12
0
-2.22045e-12
-4.44089e-12
-2.22045e-12
0
2.22045e-12
4.44089e-12
-2.22045e-12
1.11022e-12
1.22125e-11
3.10862e-11
2.88658e-11
-8.88178e-12
-2.9754e-09
-5.10703e-11
-4.44089e-11
-1.11022e-12
-2.22045e-11
9.99201e-12
-2.44249e-11
-6.66134e-12
-2.22045e-12
0
-1.11022e-12
1.11022e-12
0
4.44089e-12
0
3.33067e-12
0
0
0
0
-3.21965e-11
0
2.77556e-11
2.22045e-11
3.77476e-11
1.9984e-11
0
0
1.11022e-12
3.33067e-12
4.44089e-12
2.22045e-12
-3.33067e-12
-4.44089e-12
3.33067e-12
0
-1.11022e-12
-1.11022e-11
3.88578e-11
-2.44249e-11
-2.10942e-11
2.77556e-11
3.77476e-11
1.66533e-11
2.10942e-11
-3.66374e-11
3.33067e-11
6.66134e-12
-1.11022e-12
0
1.11022e-12
-1.11022e-12
0
0
0
0
0
1.11022e-12
-4.44089e-12
0
0
0
4.21885e-11
-3.33067e-12
-1.11022e-11
3.55271e-11
4.21885e-11
1.11022e-11
5.55112e-12
-3.33067e-12
-1.11022e-12
2.22045e-12
-1.11022e-12
2.22045e-12
-3.33067e-12
4.44089e-12
-2.77556e-11
-4.996e-11
-6.32827e-11
2.77556e-11
6.21725e-11
-2.22045e-11
-3.33067e-12
-3.33067e-11
0
2.66454e-11
-1.77636e-11
0
0
0
0
3.33067e-12
0
-3.33067e-12
0
-4.44089e-12
0
0
2.33147e-11
0
5.55112e-11
-4.44089e-11
-1.9984e-11
3.88578e-11
-8.88178e-12
-4.44089e-12
-3.44169e-11
-1.11022e-11
-2.22045e-12
3.33067e-12
-2.22045e-12
-4.44089e-12
1.11022e-12
-3.33067e-12
3.33067e-12
-4.44089e-12
2.77556e-11
4.88498e-11
3.77476e-11
-2.88658e-11
-1.88738e-11
6.66134e-11
-1.9984e-11
1.66533e-11
7.77156e-12
4.44089e-11
-2.22045e-12
-6.66134e-12
-1.11022e-12
-3.33067e-12
0
-3.33067e-12
-1.11022e-12
0
-3.33067e-12
1.11022e-12
-1.44329e-11
-4.21885e-11
2.33147e-11
-4.10783e-11
-2.10942e-11
-1.33227e-11
-4.55191e-11
-5.10703e-11
-2.88658e-11
-3.21965e-11
3.21965e-11
4.44089e-12
1.11022e-12
0
-1.11022e-12
0
-1.11022e-12
1.11022e-12
-3.33067e-12
0
-1.33227e-11
-2.9976e-11
1.88738e-11
-1.55431e-11
2.10942e-11
-2.44249e-11
8.88178e-12
8.88178e-12
1.11022e-11
-3.33067e-11
2.88658e-11
5.55112e-12
0
0
2.22045e-12
0
0
0
0
0
-1.44329e-11
-5.55112e-12
3.33067e-12
7.10543e-11
2.22045e-12
-7.77156e-12
0
4.21885e-11
1.11022e-12
0
-1.11022e-12
-1.11022e-12
0
1.11022e-12
0
0
1.11022e-12
-1.11022e-12
1.11022e-12
1.11022e-12
2.22045e-12
8.88178e-12
-5.88418e-11
6.66134e-12
-5.88418e-11
2.44249e-11
-2.77556e-11
-3.21965e-11
-5.55112e-11
2.44249e-11
7.77156e-12
0
2.22045e-12
0
0
2.22045e-12
0
0
0
0
0
0
0
-1.11022e-12
0
-1.11022e-12
3.66374e-11
-2.77556e-11
3.55271e-11
3.77476e-11
-4.44089e-11
7.77156e-12
-3.33067e-12
-4.44089e-12
3.33067e-12
0
-1.11022e-12
0
-1.11022e-12
-1.11022e-12
-1.55431e-11
-2.9976e-11
1.9984e-11
-3.44169e-11
1.77636e-11
-6.88338e-11
-5.55112e-12
-1.55431e-11
2.77556e-11
5.55112e-12
2.22045e-12
1.11022e-12
2.22045e-12
0
-3.33067e-12
-2.22045e-12
0
3.33067e-12
1.11022e-12
0
1.55431e-11
3.44169e-11
-4.88498e-11
-2.9976e-11
-3.55271e-11
5.55112e-12
0
3.21965e-11
-6.66134e-12
0
2.88658e-11
-4.44089e-12
0
1.11022e-12
-2.22045e-12
0
0
0
0
1.11022e-12
0
4.88498e-11
2.10942e-11
4.21885e-11
1.11022e-11
3.33067e-12
1.22125e-11
3.03535e-09
7.32747e-11
-4.21885e-11
-3.66374e-11
0
-4.44089e-12
3.33067e-12
0
2.22045e-12
1.11022e-12
0
0
-1.11022e-12
0
-5.55112e-12
0
-3.33067e-12
0
7.43849e-11
3.0298e-09
4.72774e-07
6.1029e-09
-1.11022e-12
0
2.22045e-11
0
0
2.10942e-11
0
2.22045e-12
1.11022e-12
0
9.54792e-11
1.11022e-11
-3.66374e-11
-2.9976e-11
4.32987e-11
7.43849e-11
3.06755e-09
3.04312e-09
4.69784e-07
6.04738e-09
3.33067e-11
2.55351e-11
1.88738e-11
0
-4.44089e-12
2.33147e-11
-2.22045e-12
1.11022e-12
-2.22045e-12
-1.11022e-12
9.4369e-11
-4.44089e-12
-1.66533e-11
1.88738e-11
5.10703e-11
1.09912e-10
2.9865e-09
)
;
    }
    bottom
    {
        type            calculated;
        value           nonuniform List<scalar> 
400
(
-3.03091e-09
-1.11022e-12
-1.66533e-11
1.11022e-11
-1.33227e-11
-2.22045e-12
-1.33227e-11
-3.10862e-11
-1.44329e-11
1.11022e-12
0
0
2.22045e-12
0
-3.33067e-12
-1.44329e-11
-6.88338e-11
-6.08957e-09
-4.69825e-07
-3.02203e-09
-3.04645e-09
-8.88178e-12
-7.77156e-12
4.44089e-12
-5.55112e-12
1.22125e-11
-1.55431e-11
-3.33067e-11
-1.66533e-11
0
-1.11022e-12
0
3.33067e-12
0
7.77156e-12
6.66134e-12
-6.77236e-11
-6.12288e-09
-4.72792e-07
-2.99982e-09
-8.54872e-11
-4.996e-11
-1.11022e-12
-2.77556e-11
1.11022e-12
0
-2.22045e-12
-4.44089e-12
-2.22045e-12
0
2.22045e-12
4.44089e-12
-2.22045e-12
1.11022e-12
1.22125e-11
3.10862e-11
2.88658e-11
-8.88178e-12
-2.9754e-09
-5.10703e-11
-4.44089e-11
-1.11022e-12
-2.22045e-11
9.99201e-12
-2.44249e-11
-6.66134e-12
-2.22045e-12
0
-1.11022e-12
1.11022e-12
0
4.44089e-12
0
3.33067e-12
0
0
0
0
-3.21965e-11
0
2.77556e-11
2.22045e-11
3.77476e-11
1.9984e-11
0
0
1.11022e-12
3.33067e-12
4.44089e-12
2.22045e-12
-3.33067e-12
-4.44089e-12
3.33067e-12
0
-1.11022e-12
-1.11022e-11
3.88578e-11
-2.44249e-11
-2.10942e-11
2.77556e-11
3.77476e-11
1.66533e-11
2.10942e-11
-3.66374e-11
3.33067e-11
6.66134e-12
-1.11022e-12
0
1.11022e-12
-1.11022e-12
0
0
0
0
0
1.11022e-12
-4.44089e-12
0
0
0
4.21885e-11
-3.33067e-12
-1.11022e-11
3.55271e-11
4.21885e-11
1.11022e-11
5.55112e-12
-3.33067e-12
-1.11022e-12
2.22045e-12
-1.11022e-12
2.22045e-12
-3.33067e-12
4.44089e-12
-2.77556e-11
-4.996e-11
-6.32827e-11
2.77556e-11
6.21725e-11
-2.22045e-11
-3.33067e-12
-3.33067e-11
0
2.66454e-11
-1.77636e-11
0
0
0
0
3.33067e-12
0
-3.33067e-12
0
-4.44089e-12
0
0
2.33147e-11
0
5.55112e-11
-4.44089e-11
-1.9984e-11
3.88578e-11
-8.88178e-12
-4.44089e-12
-3.44169e-11
-1.11022e-11
-2.22045e-12
3.33067e-12
-2.22045e-12
-4.44089e-12
1.11022e-12
-3.33067e-12
3.33067e-12
-4.44089e-12
2.77556e-11
4.88498e-11
3.77476e-11
-2.88658e-11
-1.88738e-11
6.66134e-11
-1.9984e-11
1.66533e-11
7.77156e-12
4.44089e-11
-2.22045e-12
-6.66134e-12
-1.11022e-12
-3.33067e-12
0
-3.33067e-12
-1.11022e-12
0
-3.33067e-12
1.11022e-12
-1.44329e-11
-4.21885e-11
2.33147e-11
-4.10783e-11
-2.10942e-11
-1.33227e-11
-4.55191e-11
-5.10703e-11
-2.88658e-11
-3.21965e-11
3.21965e-11
4.44089e-12
1.11022e-12
0
-1.11022e-12
0
-1.11022e-12
1.11022e-12
-3.33067e-12
0
-1.33227e-11
-2.9976e-11
1.88738e-11
-1.55431e-11
2.10942e-11
-2.44249e-11
8.88178e-12
8.88178e-12
1.11022e-11
-3.33067e-11
2.88658e-11
5.55112e-12
0
0
2.22045e-12
0
0
0
0
0
-1.44329e-11
-5.55112e-12
3.33067e-12
7.10543e-11
2.22045e-12
-7.77156e-12
0
4.21885e-11
1.11022e-12
0
-1.11022e-12
-1.11022e-12
0
1.11022e-12
0
0
1.11022e-12
-1.11022e-12
1.11022e-12
1.11022e-12
2.22045e-12
8.88178e-12
-5.88418e-11
6.66134e-12
-5.88418e-11
2.44249e-11
-2.77556e-11
-3.21965e-11
-5.55112e-11
2.44249e-11
7.77156e-12
0
2.22045e-12
0
0
2.22045e-12
0
0
0
0
0
0
0
-1.11022e-12
0
-1.11022e-12
3.66374e-11
-2.77556e-11
3.55271e-11
3.77476e-11
-4.44089e-11
7.77156e-12
-3.33067e-12
-4.44089e-12
3.33067e-12
0
-1.11022e-12
0
-1.11022e-12
-1.11022e-12
-1.55431e-11
-2.9976e-11
1.9984e-11
-3.44169e-11
1.77636e-11
-6.88338e-11
-5.55112e-12
-1.55431e-11
2.77556e-11
5.55112e-12
2.22045e-12
1.11022e-12
2.22045e-12
0
-3.33067e-12
-2.22045e-12
0
3.33067e-12
1.11022e-12
0
1.55431e-11
3.44169e-11
-4.88498e-11
-2.9976e-11
-3.55271e-11
5.55112e-12
0
3.21965e-11
-6.66134e-12
0
2.88658e-11
-4.44089e-12
0
1.11022e-12
-2.22045e-12
0
0
0
0
1.11022e-12
0
4.88498e-11
2.10942e-11
4.21885e-11
1.11022e-11
3.33067e-12
1.22125e-11
3.03535e-09
7.32747e-11
-4.21885e-11
-3.66374e-11
0
-4.44089e-12
3.33067e-12
0
2.22045e-12
1.11022e-12
0
0
-1.11022e-12
0
-5.55112e-12
0
-3.33067e-12
0
7.43849e-11
3.0298e-09
4.72774e-07
6.1029e-09
-1.11022e-12
0
2.22045e-11
0
0
2.10942e-11
0
2.22045e-12
1.11022e-12
0
9.54792e-11
1.11022e-11
-3.66374e-11
-2.9976e-11
4.32987e-11
7.43849e-11
3.06755e-09
3.04312e-09
4.69784e-07
6.04738e-09
3.33067e-11
2.55351e-11
1.88738e-11
0
-4.44089e-12
2.33147e-11
-2.22045e-12
1.11022e-12
-2.22045e-12
-1.11022e-12
9.4369e-11
-4.44089e-12
-1.66533e-11
1.88738e-11
5.10703e-11
1.09912e-10
2.9865e-09
)
;
    }
}


// ************************************************************************* //
