/*--------------------------------*- C++ -*----------------------------------*\
  =========                 |
  \\      /  F ield         | OpenFOAM: The Open Source CFD Toolbox
   \\    /   O peration     | Website:  https://openfoam.org
    \\  /    A nd           | Version:  8
     \\/     M anipulation  |
\*---------------------------------------------------------------------------*/
FoamFile
{
    version     2.0;
    format      ascii;
    class       volScalarField;
    location    "0.8";
    object      gradTy;
}
// * * * * * * * * * * * * * * * * * * * * * * * * * * * * * * * * * * * * * //

dimensions      [0 -1 0 1 0 0 0];

internalField   nonuniform List<scalar> 
400
(
-5924.18
-5924.18
-5924.18
-5924.18
-5924.18
-5924.18
-5924.18
-5924.18
-5924.18
-5924.18
-5924.18
-5924.18
-5924.18
-5924.18
-5924.18
-5924.18
-5924.18
-5924.18
-5924.18
-5924.18
-75.3353
-75.3353
-75.3353
-75.3353
-75.3353
-75.3353
-75.3353
-75.3353
-75.3353
-75.3353
-75.3353
-75.3353
-75.3353
-75.3353
-75.3353
-75.3353
-75.3353
-75.3353
-75.3353
-75.3353
-0.484046
-0.484046
-0.484046
-0.484046
-0.484046
-0.484046
-0.484046
-0.484046
-0.484046
-0.484046
-0.484046
-0.484046
-0.484046
-0.484046
-0.484046
-0.484046
-0.484046
-0.484046
-0.484046
-0.484047
-0.00208851
-0.00208851
-0.00208851
-0.00208851
-0.00208851
-0.00208851
-0.00208851
-0.00208851
-0.00208851
-0.00208851
-0.00208851
-0.00208851
-0.00208851
-0.00208851
-0.00208851
-0.00208851
-0.00208851
-0.00208851
-0.00208851
-0.00208851
-6.80303e-06
-6.80304e-06
-6.80301e-06
-6.80301e-06
-6.80303e-06
-6.80303e-06
-6.80299e-06
-6.80305e-06
-6.80302e-06
-6.80306e-06
-6.80307e-06
-6.80302e-06
-6.80303e-06
-6.80302e-06
-6.80305e-06
-6.80305e-06
-6.80306e-06
-6.80306e-06
-6.80302e-06
-6.80303e-06
-1.78313e-08
-1.78324e-08
-1.78435e-08
-1.78346e-08
-1.78224e-08
-1.78346e-08
-1.78546e-08
-1.78735e-08
-1.78335e-08
-1.78424e-08
-1.78313e-08
-1.78746e-08
-1.78613e-08
-1.78746e-08
-1.78668e-08
-1.78324e-08
-1.78668e-08
-1.7859e-08
-1.78357e-08
-1.78602e-08
-7.77156e-12
-3.77476e-11
-5.21805e-11
-4.21885e-11
-4.44089e-11
-3.88578e-11
-5.10703e-11
-5.44009e-11
-5.21805e-11
-3.88578e-11
-4.88498e-11
-4.32987e-11
-5.32907e-11
-4.10783e-11
-5.32907e-11
-5.32907e-11
-5.44009e-11
-4.88498e-11
-4.996e-11
-7.32747e-11
0
1.11022e-12
-1.11022e-12
0
-1.11022e-12
4.44089e-12
0
-1.11022e-12
0
-1.11022e-12
1.11022e-12
-3.33067e-12
3.33067e-12
-4.44089e-12
1.11022e-12
3.33067e-12
-5.55112e-12
1.11022e-12
0
2.22045e-11
-3.55271e-11
-5.55112e-12
-3.33067e-12
0
-1.11022e-12
-1.11022e-12
-3.33067e-12
5.55112e-12
0
-3.33067e-12
0
-3.33067e-12
0
-4.44089e-12
2.22045e-12
0
0
0
-2.22045e-12
0
-1.55431e-11
0
0
4.44089e-12
0
-3.33067e-12
0
-4.44089e-12
0
0
-1.11022e-12
0
-3.33067e-12
1.11022e-12
-3.33067e-12
-3.33067e-12
0
-1.11022e-12
1.11022e-12
-1.9984e-11
0
0
0
4.44089e-12
2.22045e-12
-1.11022e-12
3.33067e-12
-1.11022e-12
-3.33067e-12
0
0
1.11022e-12
0
0
-2.22045e-12
0
3.33067e-12
0
1.11022e-12
1.11022e-12
-2.22045e-12
0
2.22045e-12
-4.44089e-12
2.22045e-12
2.22045e-12
2.22045e-12
0
2.22045e-12
2.22045e-12
0
0
0
0
0
0
1.11022e-12
0
0
-2.22045e-12
0
0
0
-3.33067e-12
0
0
0
1.11022e-12
0
0
1.11022e-12
-1.11022e-12
1.11022e-12
1.11022e-12
1.11022e-12
0
-3.33067e-12
1.11022e-12
-3.33067e-12
9.4369e-11
4.55191e-11
3.9968e-11
5.10703e-11
5.44009e-11
4.996e-11
4.996e-11
4.996e-11
2.66454e-11
4.996e-11
4.996e-11
3.9968e-11
3.9968e-11
2.66454e-11
4.10783e-11
2.66454e-11
2.66454e-11
4.10783e-11
2.66454e-11
4.10783e-11
3.66374e-11
1.78624e-08
1.78468e-08
1.78679e-08
1.78768e-08
1.78657e-08
1.78679e-08
1.78657e-08
1.78146e-08
1.7869e-08
1.7869e-08
1.78235e-08
1.78402e-08
1.7818e-08
1.78468e-08
1.7818e-08
1.78191e-08
1.78546e-08
1.78668e-08
1.78479e-08
1.77358e-08
6.80308e-06
6.80301e-06
6.803e-06
6.80303e-06
6.803e-06
6.80307e-06
6.803e-06
6.80303e-06
6.80302e-06
6.80305e-06
6.80306e-06
6.80308e-06
6.80307e-06
6.80302e-06
6.80307e-06
6.80305e-06
6.80301e-06
6.80307e-06
6.80301e-06
6.80303e-06
0.00208851
0.00208851
0.00208851
0.00208851
0.00208851
0.00208851
0.00208851
0.00208851
0.00208851
0.00208851
0.00208851
0.00208851
0.00208851
0.00208851
0.00208851
0.00208851
0.00208851
0.00208851
0.00208851
0.00208851
0.484047
0.484046
0.484046
0.484046
0.484046
0.484046
0.484046
0.484046
0.484046
0.484046
0.484046
0.484046
0.484046
0.484046
0.484046
0.484046
0.484046
0.484046
0.484046
0.484046
75.3353
75.3353
75.3353
75.3353
75.3353
75.3353
75.3353
75.3353
75.3353
75.3353
75.3353
75.3353
75.3353
75.3353
75.3353
75.3353
75.3353
75.3353
75.3353
75.3353
5924.18
5924.18
5924.18
5924.18
5924.18
5924.18
5924.18
5924.18
5924.18
5924.18
5924.18
5924.18
5924.18
5924.18
5924.18
5924.18
5924.18
5924.18
5924.18
5924.18
)
;

boundaryField
{
    front
    {
        type            calculated;
        value           nonuniform List<scalar> 
20
(
-11698.7
-11698.7
-11698.7
-11698.7
-11698.7
-11698.7
-11698.7
-11698.7
-11698.7
-11698.7
-11698.7
-11698.7
-11698.7
-11698.7
-11698.7
-11698.7
-11698.7
-11698.7
-11698.7
-11698.7
)
;
    }
    back
    {
        type            calculated;
        value           nonuniform List<scalar> 
20
(
11698.7
11698.7
11698.7
11698.7
11698.7
11698.7
11698.7
11698.7
11698.7
11698.7
11698.7
11698.7
11698.7
11698.7
11698.7
11698.7
11698.7
11698.7
11698.7
11698.7
)
;
    }
    left
    {
        type            calculated;
        value           nonuniform List<scalar> 
20
(
-5924.18
-75.3353
-0.484046
-0.00208851
-6.80303e-06
-1.78313e-08
-7.77156e-12
0
-3.55271e-11
-1.55431e-11
0
-2.22045e-12
0
4.55191e-11
1.78624e-08
6.80308e-06
0.00208851
0.484047
75.3353
5924.18
)
;
    }
    right
    {
        type            calculated;
        value           nonuniform List<scalar> 
20
(
-5924.18
-75.3353
-0.484047
-0.00208851
-6.80303e-06
-1.78602e-08
-7.32747e-11
2.22045e-11
0
-1.9984e-11
1.11022e-12
-2.22045e-12
9.4369e-11
3.66374e-11
1.77358e-08
6.80303e-06
0.00208851
0.484046
75.3353
5924.18
)
;
    }
    top
    {
        type            calculated;
        value           nonuniform List<scalar> 
400
(
-5924.18
-75.3353
-0.484046
-0.00208851
-6.80303e-06
-1.78313e-08
-7.77156e-12
0
-3.55271e-11
-1.55431e-11
0
-2.22045e-12
0
4.55191e-11
1.78624e-08
6.80308e-06
0.00208851
0.484047
75.3353
5924.18
-5924.18
-75.3353
-0.484046
-0.00208851
-6.80304e-06
-1.78324e-08
-3.77476e-11
1.11022e-12
-5.55112e-12
0
0
0
0
3.9968e-11
1.78468e-08
6.80301e-06
0.00208851
0.484046
75.3353
5924.18
-5924.18
-75.3353
-0.484046
-0.00208851
-6.80301e-06
-1.78435e-08
-5.21805e-11
-1.11022e-12
-3.33067e-12
0
0
2.22045e-12
0
5.10703e-11
1.78679e-08
6.803e-06
0.00208851
0.484046
75.3353
5924.18
-5924.18
-75.3353
-0.484046
-0.00208851
-6.80301e-06
-1.78346e-08
-4.21885e-11
0
0
4.44089e-12
4.44089e-12
-4.44089e-12
-3.33067e-12
5.44009e-11
1.78768e-08
6.80303e-06
0.00208851
0.484046
75.3353
5924.18
-5924.18
-75.3353
-0.484046
-0.00208851
-6.80303e-06
-1.78224e-08
-4.44089e-11
-1.11022e-12
-1.11022e-12
0
2.22045e-12
2.22045e-12
0
4.996e-11
1.78657e-08
6.803e-06
0.00208851
0.484046
75.3353
5924.18
-5924.18
-75.3353
-0.484046
-0.00208851
-6.80303e-06
-1.78346e-08
-3.88578e-11
4.44089e-12
-1.11022e-12
-3.33067e-12
-1.11022e-12
2.22045e-12
0
4.996e-11
1.78679e-08
6.80307e-06
0.00208851
0.484046
75.3353
5924.18
-5924.18
-75.3353
-0.484046
-0.00208851
-6.80299e-06
-1.78546e-08
-5.10703e-11
0
-3.33067e-12
0
3.33067e-12
2.22045e-12
0
4.996e-11
1.78657e-08
6.803e-06
0.00208851
0.484046
75.3353
5924.18
-5924.18
-75.3353
-0.484046
-0.00208851
-6.80305e-06
-1.78735e-08
-5.44009e-11
-1.11022e-12
5.55112e-12
-4.44089e-12
-1.11022e-12
0
1.11022e-12
2.66454e-11
1.78146e-08
6.80303e-06
0.00208851
0.484046
75.3353
5924.18
-5924.18
-75.3353
-0.484046
-0.00208851
-6.80302e-06
-1.78335e-08
-5.21805e-11
0
0
0
-3.33067e-12
2.22045e-12
0
4.996e-11
1.7869e-08
6.80302e-06
0.00208851
0.484046
75.3353
5924.18
-5924.18
-75.3353
-0.484046
-0.00208851
-6.80306e-06
-1.78424e-08
-3.88578e-11
-1.11022e-12
-3.33067e-12
0
0
2.22045e-12
0
4.996e-11
1.7869e-08
6.80305e-06
0.00208851
0.484046
75.3353
5924.18
-5924.18
-75.3353
-0.484046
-0.00208851
-6.80307e-06
-1.78313e-08
-4.88498e-11
1.11022e-12
0
-1.11022e-12
0
0
1.11022e-12
3.9968e-11
1.78235e-08
6.80306e-06
0.00208851
0.484046
75.3353
5924.18
-5924.18
-75.3353
-0.484046
-0.00208851
-6.80302e-06
-1.78746e-08
-4.32987e-11
-3.33067e-12
-3.33067e-12
0
1.11022e-12
0
-1.11022e-12
3.9968e-11
1.78402e-08
6.80308e-06
0.00208851
0.484046
75.3353
5924.18
-5924.18
-75.3353
-0.484046
-0.00208851
-6.80303e-06
-1.78613e-08
-5.32907e-11
3.33067e-12
0
-3.33067e-12
0
0
1.11022e-12
2.66454e-11
1.7818e-08
6.80307e-06
0.00208851
0.484046
75.3353
5924.18
-5924.18
-75.3353
-0.484046
-0.00208851
-6.80302e-06
-1.78746e-08
-4.10783e-11
-4.44089e-12
-4.44089e-12
1.11022e-12
0
0
1.11022e-12
4.10783e-11
1.78468e-08
6.80302e-06
0.00208851
0.484046
75.3353
5924.18
-5924.18
-75.3353
-0.484046
-0.00208851
-6.80305e-06
-1.78668e-08
-5.32907e-11
1.11022e-12
2.22045e-12
-3.33067e-12
-2.22045e-12
0
1.11022e-12
2.66454e-11
1.7818e-08
6.80307e-06
0.00208851
0.484046
75.3353
5924.18
-5924.18
-75.3353
-0.484046
-0.00208851
-6.80305e-06
-1.78324e-08
-5.32907e-11
3.33067e-12
0
-3.33067e-12
0
0
0
2.66454e-11
1.78191e-08
6.80305e-06
0.00208851
0.484046
75.3353
5924.18
-5924.18
-75.3353
-0.484046
-0.00208851
-6.80306e-06
-1.78668e-08
-5.44009e-11
-5.55112e-12
0
0
3.33067e-12
1.11022e-12
-3.33067e-12
4.10783e-11
1.78546e-08
6.80301e-06
0.00208851
0.484046
75.3353
5924.18
-5924.18
-75.3353
-0.484046
-0.00208851
-6.80306e-06
-1.7859e-08
-4.88498e-11
1.11022e-12
0
-1.11022e-12
0
0
1.11022e-12
2.66454e-11
1.78668e-08
6.80307e-06
0.00208851
0.484046
75.3353
5924.18
-5924.18
-75.3353
-0.484046
-0.00208851
-6.80302e-06
-1.78357e-08
-4.996e-11
0
-2.22045e-12
1.11022e-12
1.11022e-12
0
-3.33067e-12
4.10783e-11
1.78479e-08
6.80301e-06
0.00208851
0.484046
75.3353
5924.18
-5924.18
-75.3353
-0.484047
-0.00208851
-6.80303e-06
-1.78602e-08
-7.32747e-11
2.22045e-11
0
-1.9984e-11
1.11022e-12
-2.22045e-12
9.4369e-11
3.66374e-11
1.77358e-08
6.80303e-06
0.00208851
0.484046
75.3353
5924.18
)
;
    }
    bottom
    {
        type            calculated;
        value           nonuniform List<scalar> 
400
(
-5924.18
-75.3353
-0.484046
-0.00208851
-6.80303e-06
-1.78313e-08
-7.77156e-12
0
-3.55271e-11
-1.55431e-11
0
-2.22045e-12
0
4.55191e-11
1.78624e-08
6.80308e-06
0.00208851
0.484047
75.3353
5924.18
-5924.18
-75.3353
-0.484046
-0.00208851
-6.80304e-06
-1.78324e-08
-3.77476e-11
1.11022e-12
-5.55112e-12
0
0
0
0
3.9968e-11
1.78468e-08
6.80301e-06
0.00208851
0.484046
75.3353
5924.18
-5924.18
-75.3353
-0.484046
-0.00208851
-6.80301e-06
-1.78435e-08
-5.21805e-11
-1.11022e-12
-3.33067e-12
0
0
2.22045e-12
0
5.10703e-11
1.78679e-08
6.803e-06
0.00208851
0.484046
75.3353
5924.18
-5924.18
-75.3353
-0.484046
-0.00208851
-6.80301e-06
-1.78346e-08
-4.21885e-11
0
0
4.44089e-12
4.44089e-12
-4.44089e-12
-3.33067e-12
5.44009e-11
1.78768e-08
6.80303e-06
0.00208851
0.484046
75.3353
5924.18
-5924.18
-75.3353
-0.484046
-0.00208851
-6.80303e-06
-1.78224e-08
-4.44089e-11
-1.11022e-12
-1.11022e-12
0
2.22045e-12
2.22045e-12
0
4.996e-11
1.78657e-08
6.803e-06
0.00208851
0.484046
75.3353
5924.18
-5924.18
-75.3353
-0.484046
-0.00208851
-6.80303e-06
-1.78346e-08
-3.88578e-11
4.44089e-12
-1.11022e-12
-3.33067e-12
-1.11022e-12
2.22045e-12
0
4.996e-11
1.78679e-08
6.80307e-06
0.00208851
0.484046
75.3353
5924.18
-5924.18
-75.3353
-0.484046
-0.00208851
-6.80299e-06
-1.78546e-08
-5.10703e-11
0
-3.33067e-12
0
3.33067e-12
2.22045e-12
0
4.996e-11
1.78657e-08
6.803e-06
0.00208851
0.484046
75.3353
5924.18
-5924.18
-75.3353
-0.484046
-0.00208851
-6.80305e-06
-1.78735e-08
-5.44009e-11
-1.11022e-12
5.55112e-12
-4.44089e-12
-1.11022e-12
0
1.11022e-12
2.66454e-11
1.78146e-08
6.80303e-06
0.00208851
0.484046
75.3353
5924.18
-5924.18
-75.3353
-0.484046
-0.00208851
-6.80302e-06
-1.78335e-08
-5.21805e-11
0
0
0
-3.33067e-12
2.22045e-12
0
4.996e-11
1.7869e-08
6.80302e-06
0.00208851
0.484046
75.3353
5924.18
-5924.18
-75.3353
-0.484046
-0.00208851
-6.80306e-06
-1.78424e-08
-3.88578e-11
-1.11022e-12
-3.33067e-12
0
0
2.22045e-12
0
4.996e-11
1.7869e-08
6.80305e-06
0.00208851
0.484046
75.3353
5924.18
-5924.18
-75.3353
-0.484046
-0.00208851
-6.80307e-06
-1.78313e-08
-4.88498e-11
1.11022e-12
0
-1.11022e-12
0
0
1.11022e-12
3.9968e-11
1.78235e-08
6.80306e-06
0.00208851
0.484046
75.3353
5924.18
-5924.18
-75.3353
-0.484046
-0.00208851
-6.80302e-06
-1.78746e-08
-4.32987e-11
-3.33067e-12
-3.33067e-12
0
1.11022e-12
0
-1.11022e-12
3.9968e-11
1.78402e-08
6.80308e-06
0.00208851
0.484046
75.3353
5924.18
-5924.18
-75.3353
-0.484046
-0.00208851
-6.80303e-06
-1.78613e-08
-5.32907e-11
3.33067e-12
0
-3.33067e-12
0
0
1.11022e-12
2.66454e-11
1.7818e-08
6.80307e-06
0.00208851
0.484046
75.3353
5924.18
-5924.18
-75.3353
-0.484046
-0.00208851
-6.80302e-06
-1.78746e-08
-4.10783e-11
-4.44089e-12
-4.44089e-12
1.11022e-12
0
0
1.11022e-12
4.10783e-11
1.78468e-08
6.80302e-06
0.00208851
0.484046
75.3353
5924.18
-5924.18
-75.3353
-0.484046
-0.00208851
-6.80305e-06
-1.78668e-08
-5.32907e-11
1.11022e-12
2.22045e-12
-3.33067e-12
-2.22045e-12
0
1.11022e-12
2.66454e-11
1.7818e-08
6.80307e-06
0.00208851
0.484046
75.3353
5924.18
-5924.18
-75.3353
-0.484046
-0.00208851
-6.80305e-06
-1.78324e-08
-5.32907e-11
3.33067e-12
0
-3.33067e-12
0
0
0
2.66454e-11
1.78191e-08
6.80305e-06
0.00208851
0.484046
75.3353
5924.18
-5924.18
-75.3353
-0.484046
-0.00208851
-6.80306e-06
-1.78668e-08
-5.44009e-11
-5.55112e-12
0
0
3.33067e-12
1.11022e-12
-3.33067e-12
4.10783e-11
1.78546e-08
6.80301e-06
0.00208851
0.484046
75.3353
5924.18
-5924.18
-75.3353
-0.484046
-0.00208851
-6.80306e-06
-1.7859e-08
-4.88498e-11
1.11022e-12
0
-1.11022e-12
0
0
1.11022e-12
2.66454e-11
1.78668e-08
6.80307e-06
0.00208851
0.484046
75.3353
5924.18
-5924.18
-75.3353
-0.484046
-0.00208851
-6.80302e-06
-1.78357e-08
-4.996e-11
0
-2.22045e-12
1.11022e-12
1.11022e-12
0
-3.33067e-12
4.10783e-11
1.78479e-08
6.80301e-06
0.00208851
0.484046
75.3353
5924.18
-5924.18
-75.3353
-0.484047
-0.00208851
-6.80303e-06
-1.78602e-08
-7.32747e-11
2.22045e-11
0
-1.9984e-11
1.11022e-12
-2.22045e-12
9.4369e-11
3.66374e-11
1.77358e-08
6.80303e-06
0.00208851
0.484046
75.3353
5924.18
)
;
    }
}


// ************************************************************************* //
