/*--------------------------------*- C++ -*----------------------------------*\
  =========                 |
  \\      /  F ield         | OpenFOAM: The Open Source CFD Toolbox
   \\    /   O peration     | Website:  https://openfoam.org
    \\  /    A nd           | Version:  8
     \\/     M anipulation  |
\*---------------------------------------------------------------------------*/
FoamFile
{
    version     2.0;
    format      ascii;
    class       volScalarField;
    location    "2.8";
    object      gradTx;
}
// * * * * * * * * * * * * * * * * * * * * * * * * * * * * * * * * * * * * * //

dimensions      [0 -1 0 1 0 0 0];

internalField   nonuniform List<scalar> 
400
(
-3.32734e-08
-3.37752e-08
-7.24976e-10
-1.45439e-10
8.21565e-11
1.25455e-10
1.64313e-10
-6.66134e-12
-7.99361e-11
-5.32907e-11
-1.4988e-10
1.66533e-11
2.22045e-12
-9.4369e-11
1.26565e-10
-2.55351e-11
1.55431e-11
9.4369e-10
3.32412e-08
3.24141e-08
-9.58122e-10
-9.9698e-10
-1.79856e-10
-1.22125e-11
7.88258e-11
6.43929e-11
-1.11022e-12
-1.14353e-10
1.15463e-10
6.32827e-11
-1.78746e-10
2.88658e-11
1.36557e-10
-1.02141e-10
-8.54872e-11
-4.996e-11
5.63993e-10
3.33167e-08
1.50514e-06
1.47244e-06
-5.55112e-11
-2.33147e-11
-2.10942e-11
-7.88258e-11
1.45439e-10
8.77076e-11
-3.55271e-11
-8.88178e-12
-3.21965e-11
4.66294e-11
-9.21485e-11
1.22125e-11
-1.11022e-12
-1.82077e-10
1.27676e-10
8.88178e-11
2.22045e-12
1.61648e-09
6.79845e-08
6.64646e-08
2.77556e-11
7.77156e-12
-8.77076e-11
4.10783e-11
6.32827e-11
-1.15463e-10
1.34337e-10
8.54872e-11
-2.22045e-11
1.39888e-10
-1.15463e-10
-1.11022e-10
2.22045e-12
8.43769e-11
1.35447e-10
9.99201e-12
4.44089e-12
-1.06581e-10
1.39444e-09
1.49991e-09
-5.10703e-11
-3.66374e-11
-1.33227e-11
-8.88178e-11
3.33067e-12
1.33227e-10
1.54321e-10
-8.10463e-11
-1.28786e-10
-1.11022e-12
1.36557e-10
1.11022e-10
0
1.55431e-11
-1.73195e-10
7.77156e-12
1.0103e-10
-1.23235e-10
3.66374e-11
1.27676e-10
-4.10783e-11
5.88418e-11
1.11022e-12
-6.88338e-11
2.44249e-11
6.88338e-11
6.32827e-11
0
-1.12133e-10
-2.9976e-11
8.43769e-11
1.66533e-11
-1.11022e-12
0
2.9976e-11
3.44169e-11
-1.33227e-11
-1.11022e-12
9.88098e-11
4.77396e-11
-3.10862e-11
-3.10862e-11
-1.02141e-10
-3.33067e-11
8.88178e-11
-3.21965e-11
3.21965e-11
5.32907e-11
-2.22045e-11
-2.88658e-11
2.22045e-11
3.44169e-11
0
-4.44089e-12
-6.55032e-11
1.77636e-11
3.33067e-11
-3.44169e-11
-3.44169e-11
-8.88178e-12
-3.10862e-11
-3.33067e-11
-4.44089e-12
0
3.33067e-12
0
-3.33067e-12
0
3.33067e-12
-3.33067e-12
0
0
1.11022e-12
0
-4.44089e-12
0
1.11022e-12
3.33067e-12
0
-4.44089e-12
-1.44329e-11
-1.66533e-11
-2.22045e-12
-1.11022e-12
4.44089e-12
1.11022e-12
-1.11022e-12
0
-2.22045e-12
0
-1.11022e-12
2.22045e-12
0
0
3.33067e-12
-3.33067e-12
-2.22045e-12
0
2.10942e-11
2.33147e-11
1.11022e-12
0
0
1.11022e-12
2.22045e-12
-1.11022e-12
2.22045e-12
3.33067e-12
-4.44089e-12
-3.33067e-12
0
0
0
2.22045e-12
0
-2.22045e-12
0
2.22045e-12
0
-2.22045e-12
0
-1.11022e-12
2.22045e-12
0
-3.33067e-12
0
-1.11022e-12
0
1.11022e-12
-1.11022e-12
-1.11022e-12
0
1.11022e-12
0
-1.11022e-12
0
0
1.11022e-12
2.22045e-12
1.11022e-12
0
0
4.44089e-12
4.44089e-12
-4.44089e-12
0
2.22045e-12
-3.33067e-12
-3.33067e-12
0
1.11022e-12
0
-1.11022e-12
0
0
3.33067e-12
0
0
1.11022e-12
-2.22045e-12
2.22045e-12
3.33067e-12
-2.22045e-12
0
3.33067e-12
0
-3.33067e-12
0
3.33067e-12
-3.33067e-12
-3.33067e-12
0
1.11022e-12
0
-1.11022e-12
1.11022e-12
0
0
0
-1.11022e-12
-9.99201e-12
-3.77476e-11
3.66374e-11
1.05471e-10
7.77156e-12
0
2.55351e-11
-7.21645e-11
-4.10783e-11
3.21965e-11
-5.9952e-11
0
8.77076e-11
0
-2.55351e-11
-5.77316e-11
1.22125e-11
-1.11022e-12
1.38778e-10
1.95399e-10
-4.77396e-11
5.10703e-11
1.06581e-10
3.33067e-12
-4.44089e-12
-4.44089e-12
-1.53211e-10
0
1.4988e-10
-1.24345e-10
-1.24345e-10
-2.66454e-11
5.44009e-11
0
-7.88258e-11
7.88258e-11
6.66134e-12
3.33067e-12
4.996e-11
-2.55351e-11
-8.77076e-11
-2.9976e-11
8.77076e-11
0
-2.9976e-11
-4.44089e-12
-1.77636e-10
0
1.76525e-10
-1.5099e-10
-7.88258e-11
-2.10942e-11
2.22045e-12
-4.44089e-12
-1.02141e-10
1.33227e-10
2.06501e-10
-1.9984e-11
-1.53211e-10
-6.10623e-11
-1.58873e-09
-1.61426e-09
5.55112e-11
-1.66533e-11
1.02141e-10
-1.22125e-11
-1.90958e-10
7.88258e-11
1.31006e-10
6.66134e-11
6.21725e-11
1.11022e-12
-1.9873e-10
-2.22045e-12
5.9952e-11
-1.37668e-10
6.77236e-11
0
-7.77156e-11
5.88418e-11
-6.66056e-08
-6.80578e-08
-1.40887e-09
-2.10942e-11
-5.66214e-11
1.11022e-12
7.32747e-11
6.66134e-12
-7.43849e-11
-1.54321e-10
-5.88418e-11
2.24265e-10
1.44329e-11
0
-1.05471e-10
-9.65894e-11
1.39888e-10
-1.88738e-11
1.63203e-10
1.95399e-10
-1.47258e-06
-1.50519e-06
-3.30846e-08
-5.59552e-10
-6.66134e-11
2.22045e-12
1.83187e-10
1.83187e-10
-4.55191e-11
-7.66054e-11
5.77316e-11
0
-1.90958e-10
-1.11022e-12
5.9952e-11
-1.09912e-10
2.10942e-11
1.88738e-11
1.19904e-09
1.28342e-09
-3.23608e-08
-3.31613e-08
-1.02807e-09
-1.55431e-11
8.10463e-11
-1.11022e-12
-7.54952e-11
-1.36557e-10
2.16493e-10
-4.10783e-11
-6.88338e-11
-2.66454e-11
7.21645e-11
-3.33067e-12
-2.30926e-10
1.77636e-11
2.10942e-11
7.07212e-10
3.38152e-08
3.31002e-08
)
;

boundaryField
{
    front
    {
        type            calculated;
        value           nonuniform List<scalar> 
20
(
-3.32734e-08
-3.37752e-08
-7.24976e-10
-1.45439e-10
8.21565e-11
1.25455e-10
1.64313e-10
-6.66134e-12
-7.99361e-11
-5.32907e-11
-1.4988e-10
1.66533e-11
2.22045e-12
-9.4369e-11
1.26565e-10
-2.55351e-11
1.55431e-11
9.4369e-10
3.32412e-08
3.24141e-08
)
;
    }
    back
    {
        type            calculated;
        value           nonuniform List<scalar> 
20
(
-3.23608e-08
-3.31613e-08
-1.02807e-09
-1.55431e-11
8.10463e-11
-1.11022e-12
-7.54952e-11
-1.36557e-10
2.16493e-10
-4.10783e-11
-6.88338e-11
-2.66454e-11
7.21645e-11
-3.33067e-12
-2.30926e-10
1.77636e-11
2.10942e-11
7.07212e-10
3.38152e-08
3.31002e-08
)
;
    }
    left
    {
        type            calculated;
        value           uniform 0;
    }
    right
    {
        type            calculated;
        value           uniform 0;
    }
    top
    {
        type            calculated;
        value           nonuniform List<scalar> 
400
(
-3.32734e-08
-9.58122e-10
-5.55112e-11
2.77556e-11
-5.10703e-11
-4.10783e-11
-3.10862e-11
-3.10862e-11
-1.44329e-11
1.11022e-12
0
0
2.22045e-12
-9.99201e-12
-4.77396e-11
-8.77076e-11
-1.58873e-09
-6.66056e-08
-1.47258e-06
-3.23608e-08
-3.37752e-08
-9.9698e-10
-2.33147e-11
7.77156e-12
-3.66374e-11
5.88418e-11
-3.10862e-11
-3.33067e-11
-1.66533e-11
0
-1.11022e-12
0
3.33067e-12
-3.77476e-11
5.10703e-11
-2.9976e-11
-1.61426e-09
-6.80578e-08
-1.50519e-06
-3.31613e-08
-7.24976e-10
-1.79856e-10
-2.10942e-11
-8.77076e-11
-1.33227e-11
1.11022e-12
-1.02141e-10
-4.44089e-12
-2.22045e-12
0
2.22045e-12
4.44089e-12
-2.22045e-12
3.66374e-11
1.06581e-10
8.77076e-11
5.55112e-11
-1.40887e-09
-3.30846e-08
-1.02807e-09
-1.45439e-10
-1.22125e-11
-7.88258e-11
4.10783e-11
-8.88178e-11
-6.88338e-11
-3.33067e-11
0
-1.11022e-12
1.11022e-12
0
4.44089e-12
0
1.05471e-10
3.33067e-12
0
-1.66533e-11
-2.10942e-11
-5.59552e-10
-1.55431e-11
8.21565e-11
7.88258e-11
1.45439e-10
6.32827e-11
3.33067e-12
2.44249e-11
8.88178e-11
3.33067e-12
4.44089e-12
2.22045e-12
-3.33067e-12
-4.44089e-12
3.33067e-12
7.77156e-12
-4.44089e-12
-2.9976e-11
1.02141e-10
-5.66214e-11
-6.66134e-11
8.10463e-11
1.25455e-10
6.43929e-11
8.77076e-11
-1.15463e-10
1.33227e-10
6.88338e-11
-3.21965e-11
0
1.11022e-12
-1.11022e-12
0
0
0
0
-4.44089e-12
-4.44089e-12
-1.22125e-11
1.11022e-12
2.22045e-12
-1.11022e-12
1.64313e-10
-1.11022e-12
-3.55271e-11
1.34337e-10
1.54321e-10
6.32827e-11
3.21965e-11
-3.33067e-12
-1.11022e-12
2.22045e-12
-1.11022e-12
2.22045e-12
-3.33067e-12
2.55351e-11
-1.53211e-10
-1.77636e-10
-1.90958e-10
7.32747e-11
1.83187e-10
-7.54952e-11
-6.66134e-12
-1.14353e-10
-8.88178e-12
8.54872e-11
-8.10463e-11
0
5.32907e-11
0
0
3.33067e-12
0
-3.33067e-12
0
-7.21645e-11
0
0
7.88258e-11
6.66134e-12
1.83187e-10
-1.36557e-10
-7.99361e-11
1.15463e-10
-3.21965e-11
-2.22045e-11
-1.28786e-10
-1.12133e-10
-2.22045e-11
3.33067e-12
-2.22045e-12
-4.44089e-12
1.11022e-12
-3.33067e-12
3.33067e-12
-4.10783e-11
1.4988e-10
1.76525e-10
1.31006e-10
-7.43849e-11
-4.55191e-11
2.16493e-10
-5.32907e-11
6.32827e-11
4.66294e-11
1.39888e-10
-1.11022e-12
-2.9976e-11
-2.88658e-11
-3.33067e-12
0
-3.33067e-12
-1.11022e-12
0
-3.33067e-12
3.21965e-11
-1.24345e-10
-1.5099e-10
6.66134e-11
-1.54321e-10
-7.66054e-11
-4.10783e-11
-1.4988e-10
-1.78746e-10
-9.21485e-11
-1.15463e-10
1.36557e-10
8.43769e-11
2.22045e-11
0
-1.11022e-12
0
-1.11022e-12
1.11022e-12
-3.33067e-12
-5.9952e-11
-1.24345e-10
-7.88258e-11
6.21725e-11
-5.88418e-11
5.77316e-11
-6.88338e-11
1.66533e-11
2.88658e-11
1.22125e-11
-1.11022e-10
1.11022e-10
1.66533e-11
3.44169e-11
0
2.22045e-12
0
0
0
0
0
-2.66454e-11
-2.10942e-11
1.11022e-12
2.24265e-10
0
-2.66454e-11
2.22045e-12
1.36557e-10
-1.11022e-12
2.22045e-12
0
-1.11022e-12
0
1.11022e-12
0
0
1.11022e-12
-1.11022e-12
1.11022e-12
8.77076e-11
5.44009e-11
2.22045e-12
-1.9873e-10
1.44329e-11
-1.90958e-10
7.21645e-11
-9.4369e-11
-1.02141e-10
-1.82077e-10
8.43769e-11
1.55431e-11
0
-4.44089e-12
0
0
2.22045e-12
0
0
0
0
0
-4.44089e-12
-2.22045e-12
0
-1.11022e-12
-3.33067e-12
1.26565e-10
-8.54872e-11
1.27676e-10
1.35447e-10
-1.73195e-10
2.9976e-11
-6.55032e-11
-4.44089e-12
3.33067e-12
0
-1.11022e-12
0
-1.11022e-12
-2.55351e-11
-7.88258e-11
-1.02141e-10
5.9952e-11
-1.05471e-10
5.9952e-11
-2.30926e-10
-2.55351e-11
-4.996e-11
8.88178e-11
9.99201e-12
7.77156e-12
3.44169e-11
1.77636e-11
0
-3.33067e-12
-2.22045e-12
0
3.33067e-12
1.11022e-12
-5.77316e-11
7.88258e-11
1.33227e-10
-1.37668e-10
-9.65894e-11
-1.09912e-10
1.77636e-11
1.55431e-11
5.63993e-10
2.22045e-12
4.44089e-12
1.0103e-10
-1.33227e-11
3.33067e-11
1.11022e-12
-2.22045e-12
0
0
0
0
1.22125e-11
6.66134e-12
2.06501e-10
6.77236e-11
1.39888e-10
2.10942e-11
2.10942e-11
9.4369e-10
3.33167e-08
1.61648e-09
-1.06581e-10
-1.23235e-10
-1.11022e-12
-3.44169e-11
3.33067e-12
0
2.22045e-12
1.11022e-12
0
0
-1.11022e-12
3.33067e-12
-1.9984e-11
0
-1.88738e-11
1.88738e-11
7.07212e-10
3.32412e-08
1.50514e-06
6.79845e-08
1.39444e-09
3.66374e-11
9.88098e-11
-3.44169e-11
0
2.10942e-11
0
2.22045e-12
1.11022e-12
0
1.38778e-10
4.996e-11
-1.53211e-10
-7.77156e-11
1.63203e-10
1.19904e-09
3.38152e-08
3.24141e-08
1.47244e-06
6.64646e-08
1.49991e-09
1.27676e-10
4.77396e-11
-8.88178e-12
-4.44089e-12
2.33147e-11
-2.22045e-12
1.11022e-12
-2.22045e-12
-1.11022e-12
1.95399e-10
-2.55351e-11
-6.10623e-11
5.88418e-11
1.95399e-10
1.28342e-09
3.31002e-08
)
;
    }
    bottom
    {
        type            calculated;
        value           nonuniform List<scalar> 
400
(
-3.32734e-08
-9.58122e-10
-5.55112e-11
2.77556e-11
-5.10703e-11
-4.10783e-11
-3.10862e-11
-3.10862e-11
-1.44329e-11
1.11022e-12
0
0
2.22045e-12
-9.99201e-12
-4.77396e-11
-8.77076e-11
-1.58873e-09
-6.66056e-08
-1.47258e-06
-3.23608e-08
-3.37752e-08
-9.9698e-10
-2.33147e-11
7.77156e-12
-3.66374e-11
5.88418e-11
-3.10862e-11
-3.33067e-11
-1.66533e-11
0
-1.11022e-12
0
3.33067e-12
-3.77476e-11
5.10703e-11
-2.9976e-11
-1.61426e-09
-6.80578e-08
-1.50519e-06
-3.31613e-08
-7.24976e-10
-1.79856e-10
-2.10942e-11
-8.77076e-11
-1.33227e-11
1.11022e-12
-1.02141e-10
-4.44089e-12
-2.22045e-12
0
2.22045e-12
4.44089e-12
-2.22045e-12
3.66374e-11
1.06581e-10
8.77076e-11
5.55112e-11
-1.40887e-09
-3.30846e-08
-1.02807e-09
-1.45439e-10
-1.22125e-11
-7.88258e-11
4.10783e-11
-8.88178e-11
-6.88338e-11
-3.33067e-11
0
-1.11022e-12
1.11022e-12
0
4.44089e-12
0
1.05471e-10
3.33067e-12
0
-1.66533e-11
-2.10942e-11
-5.59552e-10
-1.55431e-11
8.21565e-11
7.88258e-11
1.45439e-10
6.32827e-11
3.33067e-12
2.44249e-11
8.88178e-11
3.33067e-12
4.44089e-12
2.22045e-12
-3.33067e-12
-4.44089e-12
3.33067e-12
7.77156e-12
-4.44089e-12
-2.9976e-11
1.02141e-10
-5.66214e-11
-6.66134e-11
8.10463e-11
1.25455e-10
6.43929e-11
8.77076e-11
-1.15463e-10
1.33227e-10
6.88338e-11
-3.21965e-11
0
1.11022e-12
-1.11022e-12
0
0
0
0
-4.44089e-12
-4.44089e-12
-1.22125e-11
1.11022e-12
2.22045e-12
-1.11022e-12
1.64313e-10
-1.11022e-12
-3.55271e-11
1.34337e-10
1.54321e-10
6.32827e-11
3.21965e-11
-3.33067e-12
-1.11022e-12
2.22045e-12
-1.11022e-12
2.22045e-12
-3.33067e-12
2.55351e-11
-1.53211e-10
-1.77636e-10
-1.90958e-10
7.32747e-11
1.83187e-10
-7.54952e-11
-6.66134e-12
-1.14353e-10
-8.88178e-12
8.54872e-11
-8.10463e-11
0
5.32907e-11
0
0
3.33067e-12
0
-3.33067e-12
0
-7.21645e-11
0
0
7.88258e-11
6.66134e-12
1.83187e-10
-1.36557e-10
-7.99361e-11
1.15463e-10
-3.21965e-11
-2.22045e-11
-1.28786e-10
-1.12133e-10
-2.22045e-11
3.33067e-12
-2.22045e-12
-4.44089e-12
1.11022e-12
-3.33067e-12
3.33067e-12
-4.10783e-11
1.4988e-10
1.76525e-10
1.31006e-10
-7.43849e-11
-4.55191e-11
2.16493e-10
-5.32907e-11
6.32827e-11
4.66294e-11
1.39888e-10
-1.11022e-12
-2.9976e-11
-2.88658e-11
-3.33067e-12
0
-3.33067e-12
-1.11022e-12
0
-3.33067e-12
3.21965e-11
-1.24345e-10
-1.5099e-10
6.66134e-11
-1.54321e-10
-7.66054e-11
-4.10783e-11
-1.4988e-10
-1.78746e-10
-9.21485e-11
-1.15463e-10
1.36557e-10
8.43769e-11
2.22045e-11
0
-1.11022e-12
0
-1.11022e-12
1.11022e-12
-3.33067e-12
-5.9952e-11
-1.24345e-10
-7.88258e-11
6.21725e-11
-5.88418e-11
5.77316e-11
-6.88338e-11
1.66533e-11
2.88658e-11
1.22125e-11
-1.11022e-10
1.11022e-10
1.66533e-11
3.44169e-11
0
2.22045e-12
0
0
0
0
0
-2.66454e-11
-2.10942e-11
1.11022e-12
2.24265e-10
0
-2.66454e-11
2.22045e-12
1.36557e-10
-1.11022e-12
2.22045e-12
0
-1.11022e-12
0
1.11022e-12
0
0
1.11022e-12
-1.11022e-12
1.11022e-12
8.77076e-11
5.44009e-11
2.22045e-12
-1.9873e-10
1.44329e-11
-1.90958e-10
7.21645e-11
-9.4369e-11
-1.02141e-10
-1.82077e-10
8.43769e-11
1.55431e-11
0
-4.44089e-12
0
0
2.22045e-12
0
0
0
0
0
-4.44089e-12
-2.22045e-12
0
-1.11022e-12
-3.33067e-12
1.26565e-10
-8.54872e-11
1.27676e-10
1.35447e-10
-1.73195e-10
2.9976e-11
-6.55032e-11
-4.44089e-12
3.33067e-12
0
-1.11022e-12
0
-1.11022e-12
-2.55351e-11
-7.88258e-11
-1.02141e-10
5.9952e-11
-1.05471e-10
5.9952e-11
-2.30926e-10
-2.55351e-11
-4.996e-11
8.88178e-11
9.99201e-12
7.77156e-12
3.44169e-11
1.77636e-11
0
-3.33067e-12
-2.22045e-12
0
3.33067e-12
1.11022e-12
-5.77316e-11
7.88258e-11
1.33227e-10
-1.37668e-10
-9.65894e-11
-1.09912e-10
1.77636e-11
1.55431e-11
5.63993e-10
2.22045e-12
4.44089e-12
1.0103e-10
-1.33227e-11
3.33067e-11
1.11022e-12
-2.22045e-12
0
0
0
0
1.22125e-11
6.66134e-12
2.06501e-10
6.77236e-11
1.39888e-10
2.10942e-11
2.10942e-11
9.4369e-10
3.33167e-08
1.61648e-09
-1.06581e-10
-1.23235e-10
-1.11022e-12
-3.44169e-11
3.33067e-12
0
2.22045e-12
1.11022e-12
0
0
-1.11022e-12
3.33067e-12
-1.9984e-11
0
-1.88738e-11
1.88738e-11
7.07212e-10
3.32412e-08
1.50514e-06
6.79845e-08
1.39444e-09
3.66374e-11
9.88098e-11
-3.44169e-11
0
2.10942e-11
0
2.22045e-12
1.11022e-12
0
1.38778e-10
4.996e-11
-1.53211e-10
-7.77156e-11
1.63203e-10
1.19904e-09
3.38152e-08
3.24141e-08
1.47244e-06
6.64646e-08
1.49991e-09
1.27676e-10
4.77396e-11
-8.88178e-12
-4.44089e-12
2.33147e-11
-2.22045e-12
1.11022e-12
-2.22045e-12
-1.11022e-12
1.95399e-10
-2.55351e-11
-6.10623e-11
5.88418e-11
1.95399e-10
1.28342e-09
3.31002e-08
)
;
    }
}


// ************************************************************************* //
