/*--------------------------------*- C++ -*----------------------------------*\
  =========                 |
  \\      /  F ield         | OpenFOAM: The Open Source CFD Toolbox
   \\    /   O peration     | Website:  https://openfoam.org
    \\  /    A nd           | Version:  8
     \\/     M anipulation  |
\*---------------------------------------------------------------------------*/
FoamFile
{
    version     2.0;
    format      ascii;
    class       volScalarField;
    location    "2.8";
    object      gradTy;
}
// * * * * * * * * * * * * * * * * * * * * * * * * * * * * * * * * * * * * * //

dimensions      [0 -1 0 1 0 0 0];

internalField   nonuniform List<scalar> 
400
(
-5742.83
-5742.83
-5742.83
-5742.83
-5742.83
-5742.83
-5742.83
-5742.83
-5742.83
-5742.83
-5742.83
-5742.83
-5742.83
-5742.83
-5742.83
-5742.83
-5742.83
-5742.83
-5742.83
-5742.83
-251.49
-251.49
-251.49
-251.49
-251.49
-251.49
-251.49
-251.49
-251.49
-251.49
-251.49
-251.49
-251.49
-251.49
-251.49
-251.49
-251.49
-251.49
-251.49
-251.49
-5.59957
-5.59957
-5.59957
-5.59957
-5.59957
-5.59957
-5.59957
-5.59957
-5.59957
-5.59957
-5.59957
-5.59957
-5.59957
-5.59957
-5.59957
-5.59957
-5.59957
-5.59957
-5.59957
-5.59957
-0.0835836
-0.0835836
-0.0835836
-0.0835836
-0.0835836
-0.0835836
-0.0835836
-0.0835836
-0.0835836
-0.0835836
-0.0835836
-0.0835836
-0.0835836
-0.0835836
-0.0835836
-0.0835836
-0.0835836
-0.0835836
-0.0835836
-0.0835836
-0.000938826
-0.000938826
-0.000938825
-0.000938825
-0.000938826
-0.000938826
-0.000938825
-0.000938826
-0.000938825
-0.000938826
-0.000938826
-0.000938825
-0.000938826
-0.000938825
-0.000938826
-0.000938826
-0.000938826
-0.000938826
-0.000938825
-0.000938827
-8.45745e-06
-8.45743e-06
-8.45744e-06
-8.45751e-06
-8.45739e-06
-8.45743e-06
-8.45755e-06
-8.45755e-06
-8.45742e-06
-8.45744e-06
-8.45745e-06
-8.45756e-06
-8.45752e-06
-8.45756e-06
-8.45755e-06
-8.45745e-06
-8.45754e-06
-8.45751e-06
-8.45745e-06
-8.45759e-06
-6.36291e-08
-6.3618e-08
-6.37213e-08
-6.36247e-08
-6.36524e-08
-6.36458e-08
-6.37201e-08
-6.37124e-08
-6.37213e-08
-6.35958e-08
-6.36968e-08
-6.36791e-08
-6.37124e-08
-6.3678e-08
-6.37124e-08
-6.37124e-08
-6.37479e-08
-6.36968e-08
-6.37423e-08
-6.37967e-08
-4.80727e-10
-4.64073e-10
-4.67404e-10
-3.64153e-10
-4.34097e-10
-4.4853e-10
-3.9968e-10
-4.84057e-10
-4.50751e-10
-4.64073e-10
-4.21885e-10
-4.89608e-10
-4.55191e-10
-4.89608e-10
-4.4964e-10
-4.19664e-10
-4.70735e-10
-4.57412e-10
-4.35207e-10
-4.01901e-10
-3.55271e-11
-5.55112e-12
-3.33067e-12
0
-1.11022e-12
-1.11022e-12
-3.33067e-12
5.55112e-12
0
-3.33067e-12
0
-3.33067e-12
0
-4.44089e-12
2.22045e-12
0
0
0
-2.22045e-12
0
-1.55431e-11
0
0
4.44089e-12
0
-3.33067e-12
0
-4.44089e-12
0
0
-1.11022e-12
0
-3.33067e-12
1.11022e-12
-3.33067e-12
-3.33067e-12
0
-1.11022e-12
1.11022e-12
-1.9984e-11
0
0
0
4.44089e-12
2.22045e-12
-1.11022e-12
3.33067e-12
-1.11022e-12
-3.33067e-12
0
0
1.11022e-12
0
0
-2.22045e-12
0
3.33067e-12
0
1.11022e-12
1.11022e-12
-2.22045e-12
0
2.22045e-12
-4.44089e-12
2.22045e-12
2.22045e-12
2.22045e-12
0
2.22045e-12
2.22045e-12
0
0
0
0
0
0
1.11022e-12
0
0
-2.22045e-12
4.19664e-10
4.08562e-10
3.81917e-10
4.40759e-10
4.85167e-10
4.51861e-10
4.85167e-10
4.75175e-10
4.17444e-10
4.36318e-10
4.50751e-10
3.75255e-10
4.50751e-10
4.64073e-10
4.50751e-10
4.37428e-10
3.89688e-10
4.50751e-10
3.89688e-10
5.86198e-10
6.36569e-08
6.3608e-08
6.37046e-08
6.37168e-08
6.3709e-08
6.37079e-08
6.37046e-08
6.3558e-08
6.37035e-08
6.37046e-08
6.35825e-08
6.35836e-08
6.35569e-08
6.36369e-08
6.35569e-08
6.35592e-08
6.36358e-08
6.35625e-08
6.36402e-08
6.36158e-08
8.45761e-06
8.45753e-06
8.45762e-06
8.45758e-06
8.45751e-06
8.45755e-06
8.45751e-06
8.45734e-06
8.45758e-06
8.45756e-06
8.45739e-06
8.45754e-06
8.45737e-06
8.45746e-06
8.45737e-06
8.45738e-06
8.45756e-06
8.45758e-06
8.45754e-06
8.45728e-06
0.000938827
0.000938826
0.000938825
0.000938826
0.000938825
0.000938826
0.000938825
0.000938826
0.000938825
0.000938826
0.000938826
0.000938826
0.000938826
0.000938825
0.000938826
0.000938826
0.000938825
0.000938826
0.000938825
0.000938826
0.0835836
0.0835836
0.0835836
0.0835836
0.0835836
0.0835836
0.0835836
0.0835836
0.0835836
0.0835836
0.0835836
0.0835836
0.0835836
0.0835836
0.0835836
0.0835836
0.0835836
0.0835836
0.0835836
0.0835836
5.59957
5.59957
5.59957
5.59957
5.59957
5.59957
5.59957
5.59957
5.59957
5.59957
5.59957
5.59957
5.59957
5.59957
5.59957
5.59957
5.59957
5.59957
5.59957
5.59957
251.49
251.49
251.49
251.49
251.49
251.49
251.49
251.49
251.49
251.49
251.49
251.49
251.49
251.49
251.49
251.49
251.49
251.49
251.49
251.49
5742.83
5742.83
5742.83
5742.83
5742.83
5742.83
5742.83
5742.83
5742.83
5742.83
5742.83
5742.83
5742.83
5742.83
5742.83
5742.83
5742.83
5742.83
5742.83
5742.83
)
;

boundaryField
{
    front
    {
        type            calculated;
        value           nonuniform List<scalar> 
20
(
-10993.7
-10993.7
-10993.7
-10993.7
-10993.7
-10993.7
-10993.7
-10993.7
-10993.7
-10993.7
-10993.7
-10993.7
-10993.7
-10993.7
-10993.7
-10993.7
-10993.7
-10993.7
-10993.7
-10993.7
)
;
    }
    back
    {
        type            calculated;
        value           nonuniform List<scalar> 
20
(
10993.7
10993.7
10993.7
10993.7
10993.7
10993.7
10993.7
10993.7
10993.7
10993.7
10993.7
10993.7
10993.7
10993.7
10993.7
10993.7
10993.7
10993.7
10993.7
10993.7
)
;
    }
    left
    {
        type            calculated;
        value           nonuniform List<scalar> 
20
(
-5742.83
-251.49
-5.59957
-0.0835836
-0.000938826
-8.45745e-06
-6.36291e-08
-4.80727e-10
-3.55271e-11
-1.55431e-11
0
-2.22045e-12
4.19664e-10
6.36569e-08
8.45761e-06
0.000938827
0.0835836
5.59957
251.49
5742.83
)
;
    }
    right
    {
        type            calculated;
        value           nonuniform List<scalar> 
20
(
-5742.83
-251.49
-5.59957
-0.0835836
-0.000938827
-8.45759e-06
-6.37967e-08
-4.01901e-10
0
-1.9984e-11
1.11022e-12
-2.22045e-12
5.86198e-10
6.36158e-08
8.45728e-06
0.000938826
0.0835836
5.59957
251.49
5742.83
)
;
    }
    top
    {
        type            calculated;
        value           nonuniform List<scalar> 
400
(
-5742.83
-251.49
-5.59957
-0.0835836
-0.000938826
-8.45745e-06
-6.36291e-08
-4.80727e-10
-3.55271e-11
-1.55431e-11
0
-2.22045e-12
4.19664e-10
6.36569e-08
8.45761e-06
0.000938827
0.0835836
5.59957
251.49
5742.83
-5742.83
-251.49
-5.59957
-0.0835836
-0.000938826
-8.45743e-06
-6.3618e-08
-4.64073e-10
-5.55112e-12
0
0
0
4.08562e-10
6.3608e-08
8.45753e-06
0.000938826
0.0835836
5.59957
251.49
5742.83
-5742.83
-251.49
-5.59957
-0.0835836
-0.000938825
-8.45744e-06
-6.37213e-08
-4.67404e-10
-3.33067e-12
0
0
2.22045e-12
3.81917e-10
6.37046e-08
8.45762e-06
0.000938825
0.0835836
5.59957
251.49
5742.83
-5742.83
-251.49
-5.59957
-0.0835836
-0.000938825
-8.45751e-06
-6.36247e-08
-3.64153e-10
0
4.44089e-12
4.44089e-12
-4.44089e-12
4.40759e-10
6.37168e-08
8.45758e-06
0.000938826
0.0835836
5.59957
251.49
5742.83
-5742.83
-251.49
-5.59957
-0.0835836
-0.000938826
-8.45739e-06
-6.36524e-08
-4.34097e-10
-1.11022e-12
0
2.22045e-12
2.22045e-12
4.85167e-10
6.3709e-08
8.45751e-06
0.000938825
0.0835836
5.59957
251.49
5742.83
-5742.83
-251.49
-5.59957
-0.0835836
-0.000938826
-8.45743e-06
-6.36458e-08
-4.4853e-10
-1.11022e-12
-3.33067e-12
-1.11022e-12
2.22045e-12
4.51861e-10
6.37079e-08
8.45755e-06
0.000938826
0.0835836
5.59957
251.49
5742.83
-5742.83
-251.49
-5.59957
-0.0835836
-0.000938825
-8.45755e-06
-6.37201e-08
-3.9968e-10
-3.33067e-12
0
3.33067e-12
2.22045e-12
4.85167e-10
6.37046e-08
8.45751e-06
0.000938825
0.0835836
5.59957
251.49
5742.83
-5742.83
-251.49
-5.59957
-0.0835836
-0.000938826
-8.45755e-06
-6.37124e-08
-4.84057e-10
5.55112e-12
-4.44089e-12
-1.11022e-12
0
4.75175e-10
6.3558e-08
8.45734e-06
0.000938826
0.0835836
5.59957
251.49
5742.83
-5742.83
-251.49
-5.59957
-0.0835836
-0.000938825
-8.45742e-06
-6.37213e-08
-4.50751e-10
0
0
-3.33067e-12
2.22045e-12
4.17444e-10
6.37035e-08
8.45758e-06
0.000938825
0.0835836
5.59957
251.49
5742.83
-5742.83
-251.49
-5.59957
-0.0835836
-0.000938826
-8.45744e-06
-6.35958e-08
-4.64073e-10
-3.33067e-12
0
0
2.22045e-12
4.36318e-10
6.37046e-08
8.45756e-06
0.000938826
0.0835836
5.59957
251.49
5742.83
-5742.83
-251.49
-5.59957
-0.0835836
-0.000938826
-8.45745e-06
-6.36968e-08
-4.21885e-10
0
-1.11022e-12
0
0
4.50751e-10
6.35825e-08
8.45739e-06
0.000938826
0.0835836
5.59957
251.49
5742.83
-5742.83
-251.49
-5.59957
-0.0835836
-0.000938825
-8.45756e-06
-6.36791e-08
-4.89608e-10
-3.33067e-12
0
1.11022e-12
0
3.75255e-10
6.35836e-08
8.45754e-06
0.000938826
0.0835836
5.59957
251.49
5742.83
-5742.83
-251.49
-5.59957
-0.0835836
-0.000938826
-8.45752e-06
-6.37124e-08
-4.55191e-10
0
-3.33067e-12
0
0
4.50751e-10
6.35569e-08
8.45737e-06
0.000938826
0.0835836
5.59957
251.49
5742.83
-5742.83
-251.49
-5.59957
-0.0835836
-0.000938825
-8.45756e-06
-6.3678e-08
-4.89608e-10
-4.44089e-12
1.11022e-12
0
0
4.64073e-10
6.36369e-08
8.45746e-06
0.000938825
0.0835836
5.59957
251.49
5742.83
-5742.83
-251.49
-5.59957
-0.0835836
-0.000938826
-8.45755e-06
-6.37124e-08
-4.4964e-10
2.22045e-12
-3.33067e-12
-2.22045e-12
0
4.50751e-10
6.35569e-08
8.45737e-06
0.000938826
0.0835836
5.59957
251.49
5742.83
-5742.83
-251.49
-5.59957
-0.0835836
-0.000938826
-8.45745e-06
-6.37124e-08
-4.19664e-10
0
-3.33067e-12
0
0
4.37428e-10
6.35592e-08
8.45738e-06
0.000938826
0.0835836
5.59957
251.49
5742.83
-5742.83
-251.49
-5.59957
-0.0835836
-0.000938826
-8.45754e-06
-6.37479e-08
-4.70735e-10
0
0
3.33067e-12
1.11022e-12
3.89688e-10
6.36358e-08
8.45756e-06
0.000938825
0.0835836
5.59957
251.49
5742.83
-5742.83
-251.49
-5.59957
-0.0835836
-0.000938826
-8.45751e-06
-6.36968e-08
-4.57412e-10
0
-1.11022e-12
0
0
4.50751e-10
6.35625e-08
8.45758e-06
0.000938826
0.0835836
5.59957
251.49
5742.83
-5742.83
-251.49
-5.59957
-0.0835836
-0.000938825
-8.45745e-06
-6.37423e-08
-4.35207e-10
-2.22045e-12
1.11022e-12
1.11022e-12
0
3.89688e-10
6.36402e-08
8.45754e-06
0.000938825
0.0835836
5.59957
251.49
5742.83
-5742.83
-251.49
-5.59957
-0.0835836
-0.000938827
-8.45759e-06
-6.37967e-08
-4.01901e-10
0
-1.9984e-11
1.11022e-12
-2.22045e-12
5.86198e-10
6.36158e-08
8.45728e-06
0.000938826
0.0835836
5.59957
251.49
5742.83
)
;
    }
    bottom
    {
        type            calculated;
        value           nonuniform List<scalar> 
400
(
-5742.83
-251.49
-5.59957
-0.0835836
-0.000938826
-8.45745e-06
-6.36291e-08
-4.80727e-10
-3.55271e-11
-1.55431e-11
0
-2.22045e-12
4.19664e-10
6.36569e-08
8.45761e-06
0.000938827
0.0835836
5.59957
251.49
5742.83
-5742.83
-251.49
-5.59957
-0.0835836
-0.000938826
-8.45743e-06
-6.3618e-08
-4.64073e-10
-5.55112e-12
0
0
0
4.08562e-10
6.3608e-08
8.45753e-06
0.000938826
0.0835836
5.59957
251.49
5742.83
-5742.83
-251.49
-5.59957
-0.0835836
-0.000938825
-8.45744e-06
-6.37213e-08
-4.67404e-10
-3.33067e-12
0
0
2.22045e-12
3.81917e-10
6.37046e-08
8.45762e-06
0.000938825
0.0835836
5.59957
251.49
5742.83
-5742.83
-251.49
-5.59957
-0.0835836
-0.000938825
-8.45751e-06
-6.36247e-08
-3.64153e-10
0
4.44089e-12
4.44089e-12
-4.44089e-12
4.40759e-10
6.37168e-08
8.45758e-06
0.000938826
0.0835836
5.59957
251.49
5742.83
-5742.83
-251.49
-5.59957
-0.0835836
-0.000938826
-8.45739e-06
-6.36524e-08
-4.34097e-10
-1.11022e-12
0
2.22045e-12
2.22045e-12
4.85167e-10
6.3709e-08
8.45751e-06
0.000938825
0.0835836
5.59957
251.49
5742.83
-5742.83
-251.49
-5.59957
-0.0835836
-0.000938826
-8.45743e-06
-6.36458e-08
-4.4853e-10
-1.11022e-12
-3.33067e-12
-1.11022e-12
2.22045e-12
4.51861e-10
6.37079e-08
8.45755e-06
0.000938826
0.0835836
5.59957
251.49
5742.83
-5742.83
-251.49
-5.59957
-0.0835836
-0.000938825
-8.45755e-06
-6.37201e-08
-3.9968e-10
-3.33067e-12
0
3.33067e-12
2.22045e-12
4.85167e-10
6.37046e-08
8.45751e-06
0.000938825
0.0835836
5.59957
251.49
5742.83
-5742.83
-251.49
-5.59957
-0.0835836
-0.000938826
-8.45755e-06
-6.37124e-08
-4.84057e-10
5.55112e-12
-4.44089e-12
-1.11022e-12
0
4.75175e-10
6.3558e-08
8.45734e-06
0.000938826
0.0835836
5.59957
251.49
5742.83
-5742.83
-251.49
-5.59957
-0.0835836
-0.000938825
-8.45742e-06
-6.37213e-08
-4.50751e-10
0
0
-3.33067e-12
2.22045e-12
4.17444e-10
6.37035e-08
8.45758e-06
0.000938825
0.0835836
5.59957
251.49
5742.83
-5742.83
-251.49
-5.59957
-0.0835836
-0.000938826
-8.45744e-06
-6.35958e-08
-4.64073e-10
-3.33067e-12
0
0
2.22045e-12
4.36318e-10
6.37046e-08
8.45756e-06
0.000938826
0.0835836
5.59957
251.49
5742.83
-5742.83
-251.49
-5.59957
-0.0835836
-0.000938826
-8.45745e-06
-6.36968e-08
-4.21885e-10
0
-1.11022e-12
0
0
4.50751e-10
6.35825e-08
8.45739e-06
0.000938826
0.0835836
5.59957
251.49
5742.83
-5742.83
-251.49
-5.59957
-0.0835836
-0.000938825
-8.45756e-06
-6.36791e-08
-4.89608e-10
-3.33067e-12
0
1.11022e-12
0
3.75255e-10
6.35836e-08
8.45754e-06
0.000938826
0.0835836
5.59957
251.49
5742.83
-5742.83
-251.49
-5.59957
-0.0835836
-0.000938826
-8.45752e-06
-6.37124e-08
-4.55191e-10
0
-3.33067e-12
0
0
4.50751e-10
6.35569e-08
8.45737e-06
0.000938826
0.0835836
5.59957
251.49
5742.83
-5742.83
-251.49
-5.59957
-0.0835836
-0.000938825
-8.45756e-06
-6.3678e-08
-4.89608e-10
-4.44089e-12
1.11022e-12
0
0
4.64073e-10
6.36369e-08
8.45746e-06
0.000938825
0.0835836
5.59957
251.49
5742.83
-5742.83
-251.49
-5.59957
-0.0835836
-0.000938826
-8.45755e-06
-6.37124e-08
-4.4964e-10
2.22045e-12
-3.33067e-12
-2.22045e-12
0
4.50751e-10
6.35569e-08
8.45737e-06
0.000938826
0.0835836
5.59957
251.49
5742.83
-5742.83
-251.49
-5.59957
-0.0835836
-0.000938826
-8.45745e-06
-6.37124e-08
-4.19664e-10
0
-3.33067e-12
0
0
4.37428e-10
6.35592e-08
8.45738e-06
0.000938826
0.0835836
5.59957
251.49
5742.83
-5742.83
-251.49
-5.59957
-0.0835836
-0.000938826
-8.45754e-06
-6.37479e-08
-4.70735e-10
0
0
3.33067e-12
1.11022e-12
3.89688e-10
6.36358e-08
8.45756e-06
0.000938825
0.0835836
5.59957
251.49
5742.83
-5742.83
-251.49
-5.59957
-0.0835836
-0.000938826
-8.45751e-06
-6.36968e-08
-4.57412e-10
0
-1.11022e-12
0
0
4.50751e-10
6.35625e-08
8.45758e-06
0.000938826
0.0835836
5.59957
251.49
5742.83
-5742.83
-251.49
-5.59957
-0.0835836
-0.000938825
-8.45745e-06
-6.37423e-08
-4.35207e-10
-2.22045e-12
1.11022e-12
1.11022e-12
0
3.89688e-10
6.36402e-08
8.45754e-06
0.000938825
0.0835836
5.59957
251.49
5742.83
-5742.83
-251.49
-5.59957
-0.0835836
-0.000938827
-8.45759e-06
-6.37967e-08
-4.01901e-10
0
-1.9984e-11
1.11022e-12
-2.22045e-12
5.86198e-10
6.36158e-08
8.45728e-06
0.000938826
0.0835836
5.59957
251.49
5742.83
)
;
    }
}


// ************************************************************************* //
