/*--------------------------------*- C++ -*----------------------------------*\
  =========                 |
  \\      /  F ield         | OpenFOAM: The Open Source CFD Toolbox
   \\    /   O peration     | Website:  https://openfoam.org
    \\  /    A nd           | Version:  8
     \\/     M anipulation  |
\*---------------------------------------------------------------------------*/
FoamFile
{
    version     2.0;
    format      ascii;
    class       volScalarField;
    location    "1.8";
    object      gradTx;
}
// * * * * * * * * * * * * * * * * * * * * * * * * * * * * * * * * * * * * * //

dimensions      [0 -1 0 1 0 0 0];

internalField   nonuniform List<scalar> 
400
(
-1.45106e-08
-1.46572e-08
-2.88658e-10
-9.4369e-11
4.88498e-11
7.66054e-11
1.03251e-10
-3.33067e-12
-4.77396e-11
-2.9976e-11
-9.76996e-11
9.99201e-12
0
-5.66214e-11
8.43769e-11
-1.9984e-11
0
2.55351e-10
1.44984e-08
1.43097e-08
-2.36478e-10
-2.59792e-10
-1.09912e-10
-1.11022e-12
4.55191e-11
3.77476e-11
6.66134e-12
-8.21565e-11
7.54952e-11
4.77396e-11
-1.14353e-10
1.55431e-11
8.99281e-11
-6.43929e-11
-5.77316e-11
-3.21965e-11
1.83187e-10
1.45239e-08
1.01436e-06
1.00005e-06
-3.10862e-11
-4.44089e-12
-8.88178e-12
-5.66214e-11
9.21485e-11
5.66214e-11
-2.22045e-11
0
-2.10942e-11
1.9984e-11
-6.32827e-11
1.9984e-11
-1.11022e-12
-1.27676e-10
8.88178e-11
5.88418e-11
-1.44329e-11
5.04041e-10
2.94154e-08
2.89635e-08
1.44329e-11
-4.44089e-12
-5.66214e-11
3.21965e-11
4.10783e-11
-7.99361e-11
8.99281e-11
5.66214e-11
-1.22125e-11
9.65894e-11
-7.99361e-11
-7.88258e-11
0
6.21725e-11
9.10383e-11
3.33067e-12
0
-8.43769e-11
3.41949e-10
4.21885e-10
-4.21885e-11
-2.77556e-11
-1.11022e-12
-5.66214e-11
0
8.32667e-11
1.0103e-10
-4.996e-11
-8.54872e-11
-4.44089e-12
8.54872e-11
6.99441e-11
-1.11022e-12
1.55431e-11
-1.12133e-10
3.33067e-12
6.10623e-11
-7.66054e-11
1.9984e-11
7.21645e-11
-2.33147e-11
3.55271e-11
0
-3.88578e-11
1.11022e-11
3.9968e-11
3.33067e-11
0
-6.55032e-11
-1.77636e-11
5.21805e-11
4.44089e-12
-1.11022e-12
0
1.55431e-11
1.9984e-11
-3.33067e-12
1.11022e-12
6.32827e-11
3.77476e-11
-1.55431e-11
-1.55431e-11
-1.55431e-11
-6.66134e-12
9.99201e-12
1.11022e-12
7.77156e-12
2.22045e-12
-4.44089e-12
-1.11022e-12
2.22045e-12
0
0
6.66134e-12
-8.88178e-12
2.22045e-12
1.11022e-12
-7.77156e-12
-1.11022e-12
0
-3.10862e-11
-3.33067e-11
-4.44089e-12
0
3.33067e-12
0
-3.33067e-12
0
3.33067e-12
-3.33067e-12
0
0
1.11022e-12
0
-4.44089e-12
0
1.11022e-12
3.33067e-12
0
-4.44089e-12
-1.44329e-11
-1.66533e-11
-2.22045e-12
-1.11022e-12
4.44089e-12
1.11022e-12
-1.11022e-12
0
-2.22045e-12
0
-1.11022e-12
2.22045e-12
0
0
3.33067e-12
-3.33067e-12
-2.22045e-12
0
2.10942e-11
2.33147e-11
1.11022e-12
0
0
1.11022e-12
2.22045e-12
-1.11022e-12
2.22045e-12
3.33067e-12
-4.44089e-12
-3.33067e-12
0
0
0
2.22045e-12
0
-2.22045e-12
0
2.22045e-12
0
-2.22045e-12
0
-1.11022e-12
2.22045e-12
0
-3.33067e-12
0
-1.11022e-12
0
1.11022e-12
-1.11022e-12
-1.11022e-12
0
1.11022e-12
0
-1.11022e-12
0
0
1.11022e-12
2.22045e-12
1.11022e-12
0
0
4.44089e-12
4.44089e-12
-4.44089e-12
0
2.22045e-12
-3.33067e-12
-3.33067e-12
0
1.11022e-12
0
-1.11022e-12
0
0
3.33067e-12
0
0
1.11022e-12
-2.22045e-12
2.22045e-12
3.33067e-12
-2.22045e-12
0
3.33067e-12
0
-3.33067e-12
0
3.33067e-12
-3.33067e-12
-3.33067e-12
0
1.11022e-12
0
-1.11022e-12
1.11022e-12
0
0
0
-1.11022e-12
-1.11022e-12
-2.22045e-12
7.77156e-12
9.99201e-12
-3.33067e-12
0
4.44089e-12
-8.88178e-12
-5.55112e-12
4.44089e-12
-2.22045e-12
-2.22045e-12
7.77156e-12
0
-4.44089e-12
-3.33067e-12
4.44089e-12
-1.11022e-12
9.65894e-11
9.88098e-11
-2.9976e-11
2.88658e-11
6.21725e-11
0
-5.55112e-12
1.11022e-12
-8.88178e-11
0
8.88178e-11
-6.99441e-11
-6.99441e-11
-1.88738e-11
3.33067e-11
-2.22045e-12
-5.44009e-11
5.44009e-11
5.55112e-12
0
2.88658e-11
-1.9984e-11
-4.32987e-11
-1.11022e-12
5.77316e-11
1.11022e-12
-1.66533e-11
-5.55112e-12
-1.17684e-10
0
1.14353e-10
-1.0103e-10
-5.10703e-11
-1.44329e-11
4.44089e-12
0
-6.88338e-11
8.65974e-11
1.28786e-10
-1.44329e-11
-9.32587e-11
-3.55271e-11
-4.77396e-10
-4.85167e-10
4.77396e-11
-1.44329e-11
7.54952e-11
-7.77156e-12
-1.32117e-10
5.44009e-11
8.99281e-11
4.88498e-11
3.66374e-11
0
-1.31006e-10
0
4.55191e-11
-9.54792e-11
4.21885e-11
-1.11022e-12
-5.44009e-11
3.9968e-11
-2.90579e-08
-2.94642e-08
-3.63043e-10
-2.22045e-12
-4.21885e-11
0
5.10703e-11
3.33067e-12
-5.10703e-11
-1.02141e-10
-3.66374e-11
1.54321e-10
3.33067e-12
0
-6.88338e-11
-6.55032e-11
9.54792e-11
-1.66533e-11
9.99201e-11
1.26565e-10
-1.00015e-06
-1.0144e-06
-1.43774e-08
-1.74305e-10
-4.10783e-11
0
1.21014e-10
1.21014e-10
-3.77476e-11
-5.21805e-11
4.44089e-11
3.33067e-12
-1.24345e-10
0
4.32987e-11
-6.43929e-11
7.77156e-12
-1.11022e-12
4.00791e-10
4.61853e-10
-1.42752e-08
-1.4444e-08
-3.14193e-10
0
4.88498e-11
0
-4.44089e-11
-9.65894e-11
1.40998e-10
-2.55351e-11
-4.44089e-11
-1.77636e-11
5.21805e-11
0
-1.52101e-10
1.11022e-11
4.44089e-12
2.75335e-10
1.4686e-08
1.43985e-08
)
;

boundaryField
{
    front
    {
        type            calculated;
        value           nonuniform List<scalar> 
20
(
-1.45106e-08
-1.46572e-08
-2.88658e-10
-9.4369e-11
4.88498e-11
7.66054e-11
1.03251e-10
-3.33067e-12
-4.77396e-11
-2.9976e-11
-9.76996e-11
9.99201e-12
0
-5.66214e-11
8.43769e-11
-1.9984e-11
0
2.55351e-10
1.44984e-08
1.43097e-08
)
;
    }
    back
    {
        type            calculated;
        value           nonuniform List<scalar> 
20
(
-1.42752e-08
-1.4444e-08
-3.14193e-10
0
4.88498e-11
0
-4.44089e-11
-9.65894e-11
1.40998e-10
-2.55351e-11
-4.44089e-11
-1.77636e-11
5.21805e-11
0
-1.52101e-10
1.11022e-11
4.44089e-12
2.75335e-10
1.4686e-08
1.43985e-08
)
;
    }
    left
    {
        type            calculated;
        value           uniform 0;
    }
    right
    {
        type            calculated;
        value           uniform 0;
    }
    top
    {
        type            calculated;
        value           nonuniform List<scalar> 
400
(
-1.45106e-08
-2.36478e-10
-3.10862e-11
1.44329e-11
-4.21885e-11
-2.33147e-11
-1.55431e-11
-3.10862e-11
-1.44329e-11
1.11022e-12
0
0
2.22045e-12
-1.11022e-12
-2.9976e-11
-4.32987e-11
-4.77396e-10
-2.90579e-08
-1.00015e-06
-1.42752e-08
-1.46572e-08
-2.59792e-10
-4.44089e-12
-4.44089e-12
-2.77556e-11
3.55271e-11
-1.55431e-11
-3.33067e-11
-1.66533e-11
0
-1.11022e-12
0
3.33067e-12
-2.22045e-12
2.88658e-11
-1.11022e-12
-4.85167e-10
-2.94642e-08
-1.0144e-06
-1.4444e-08
-2.88658e-10
-1.09912e-10
-8.88178e-12
-5.66214e-11
-1.11022e-12
0
-1.55431e-11
-4.44089e-12
-2.22045e-12
0
2.22045e-12
4.44089e-12
-2.22045e-12
7.77156e-12
6.21725e-11
5.77316e-11
4.77396e-11
-3.63043e-10
-1.43774e-08
-3.14193e-10
-9.4369e-11
-1.11022e-12
-5.66214e-11
3.21965e-11
-5.66214e-11
-3.88578e-11
-6.66134e-12
0
-1.11022e-12
1.11022e-12
0
4.44089e-12
0
9.99201e-12
0
1.11022e-12
-1.44329e-11
-2.22045e-12
-1.74305e-10
0
4.88498e-11
4.55191e-11
9.21485e-11
4.10783e-11
0
1.11022e-11
9.99201e-12
3.33067e-12
4.44089e-12
2.22045e-12
-3.33067e-12
-4.44089e-12
3.33067e-12
-3.33067e-12
-5.55112e-12
-1.66533e-11
7.54952e-11
-4.21885e-11
-4.10783e-11
4.88498e-11
7.66054e-11
3.77476e-11
5.66214e-11
-7.99361e-11
8.32667e-11
3.9968e-11
1.11022e-12
0
1.11022e-12
-1.11022e-12
0
0
0
0
1.11022e-12
-5.55112e-12
-7.77156e-12
0
0
0
1.03251e-10
6.66134e-12
-2.22045e-11
8.99281e-11
1.0103e-10
3.33067e-11
7.77156e-12
-3.33067e-12
-1.11022e-12
2.22045e-12
-1.11022e-12
2.22045e-12
-3.33067e-12
4.44089e-12
-8.88178e-11
-1.17684e-10
-1.32117e-10
5.10703e-11
1.21014e-10
-4.44089e-11
-3.33067e-12
-8.21565e-11
0
5.66214e-11
-4.996e-11
0
2.22045e-12
0
0
3.33067e-12
0
-3.33067e-12
0
-8.88178e-12
0
0
5.44009e-11
3.33067e-12
1.21014e-10
-9.65894e-11
-4.77396e-11
7.54952e-11
-2.10942e-11
-1.22125e-11
-8.54872e-11
-6.55032e-11
-4.44089e-12
3.33067e-12
-2.22045e-12
-4.44089e-12
1.11022e-12
-3.33067e-12
3.33067e-12
-5.55112e-12
8.88178e-11
1.14353e-10
8.99281e-11
-5.10703e-11
-3.77476e-11
1.40998e-10
-2.9976e-11
4.77396e-11
1.9984e-11
9.65894e-11
-4.44089e-12
-1.77636e-11
-1.11022e-12
-3.33067e-12
0
-3.33067e-12
-1.11022e-12
0
-3.33067e-12
4.44089e-12
-6.99441e-11
-1.0103e-10
4.88498e-11
-1.02141e-10
-5.21805e-11
-2.55351e-11
-9.76996e-11
-1.14353e-10
-6.32827e-11
-7.99361e-11
8.54872e-11
5.21805e-11
2.22045e-12
0
-1.11022e-12
0
-1.11022e-12
1.11022e-12
-3.33067e-12
-2.22045e-12
-6.99441e-11
-5.10703e-11
3.66374e-11
-3.66374e-11
4.44089e-11
-4.44089e-11
9.99201e-12
1.55431e-11
1.9984e-11
-7.88258e-11
6.99441e-11
4.44089e-12
0
0
2.22045e-12
0
0
0
0
-2.22045e-12
-1.88738e-11
-1.44329e-11
0
1.54321e-10
3.33067e-12
-1.77636e-11
0
8.99281e-11
-1.11022e-12
0
-1.11022e-12
-1.11022e-12
0
1.11022e-12
0
0
1.11022e-12
-1.11022e-12
1.11022e-12
7.77156e-12
3.33067e-11
4.44089e-12
-1.31006e-10
3.33067e-12
-1.24345e-10
5.21805e-11
-5.66214e-11
-6.43929e-11
-1.27676e-10
6.21725e-11
1.55431e-11
0
6.66134e-12
0
0
2.22045e-12
0
0
0
0
-2.22045e-12
0
0
0
0
0
8.43769e-11
-5.77316e-11
8.88178e-11
9.10383e-11
-1.12133e-10
1.55431e-11
-8.88178e-12
-4.44089e-12
3.33067e-12
0
-1.11022e-12
0
-1.11022e-12
-4.44089e-12
-5.44009e-11
-6.88338e-11
4.55191e-11
-6.88338e-11
4.32987e-11
-1.52101e-10
-1.9984e-11
-3.21965e-11
5.88418e-11
3.33067e-12
3.33067e-12
1.9984e-11
2.22045e-12
0
-3.33067e-12
-2.22045e-12
0
3.33067e-12
1.11022e-12
-3.33067e-12
5.44009e-11
8.65974e-11
-9.54792e-11
-6.55032e-11
-6.43929e-11
1.11022e-11
0
1.83187e-10
-1.44329e-11
0
6.10623e-11
-3.33067e-12
1.11022e-12
1.11022e-12
-2.22045e-12
0
0
0
0
4.44089e-12
5.55112e-12
1.28786e-10
4.21885e-11
9.54792e-11
7.77156e-12
4.44089e-12
2.55351e-10
1.45239e-08
5.04041e-10
-8.43769e-11
-7.66054e-11
1.11022e-12
-7.77156e-12
3.33067e-12
0
2.22045e-12
1.11022e-12
0
0
-1.11022e-12
0
-1.44329e-11
-1.11022e-12
-1.66533e-11
-1.11022e-12
2.75335e-10
1.44984e-08
1.01436e-06
2.94154e-08
3.41949e-10
1.9984e-11
6.32827e-11
-1.11022e-12
0
2.10942e-11
0
2.22045e-12
1.11022e-12
0
9.65894e-11
2.88658e-11
-9.32587e-11
-5.44009e-11
9.99201e-11
4.00791e-10
1.4686e-08
1.43097e-08
1.00005e-06
2.89635e-08
4.21885e-10
7.21645e-11
3.77476e-11
0
-4.44089e-12
2.33147e-11
-2.22045e-12
1.11022e-12
-2.22045e-12
-1.11022e-12
9.88098e-11
-1.9984e-11
-3.55271e-11
3.9968e-11
1.26565e-10
4.61853e-10
1.43985e-08
)
;
    }
    bottom
    {
        type            calculated;
        value           nonuniform List<scalar> 
400
(
-1.45106e-08
-2.36478e-10
-3.10862e-11
1.44329e-11
-4.21885e-11
-2.33147e-11
-1.55431e-11
-3.10862e-11
-1.44329e-11
1.11022e-12
0
0
2.22045e-12
-1.11022e-12
-2.9976e-11
-4.32987e-11
-4.77396e-10
-2.90579e-08
-1.00015e-06
-1.42752e-08
-1.46572e-08
-2.59792e-10
-4.44089e-12
-4.44089e-12
-2.77556e-11
3.55271e-11
-1.55431e-11
-3.33067e-11
-1.66533e-11
0
-1.11022e-12
0
3.33067e-12
-2.22045e-12
2.88658e-11
-1.11022e-12
-4.85167e-10
-2.94642e-08
-1.0144e-06
-1.4444e-08
-2.88658e-10
-1.09912e-10
-8.88178e-12
-5.66214e-11
-1.11022e-12
0
-1.55431e-11
-4.44089e-12
-2.22045e-12
0
2.22045e-12
4.44089e-12
-2.22045e-12
7.77156e-12
6.21725e-11
5.77316e-11
4.77396e-11
-3.63043e-10
-1.43774e-08
-3.14193e-10
-9.4369e-11
-1.11022e-12
-5.66214e-11
3.21965e-11
-5.66214e-11
-3.88578e-11
-6.66134e-12
0
-1.11022e-12
1.11022e-12
0
4.44089e-12
0
9.99201e-12
0
1.11022e-12
-1.44329e-11
-2.22045e-12
-1.74305e-10
0
4.88498e-11
4.55191e-11
9.21485e-11
4.10783e-11
0
1.11022e-11
9.99201e-12
3.33067e-12
4.44089e-12
2.22045e-12
-3.33067e-12
-4.44089e-12
3.33067e-12
-3.33067e-12
-5.55112e-12
-1.66533e-11
7.54952e-11
-4.21885e-11
-4.10783e-11
4.88498e-11
7.66054e-11
3.77476e-11
5.66214e-11
-7.99361e-11
8.32667e-11
3.9968e-11
1.11022e-12
0
1.11022e-12
-1.11022e-12
0
0
0
0
1.11022e-12
-5.55112e-12
-7.77156e-12
0
0
0
1.03251e-10
6.66134e-12
-2.22045e-11
8.99281e-11
1.0103e-10
3.33067e-11
7.77156e-12
-3.33067e-12
-1.11022e-12
2.22045e-12
-1.11022e-12
2.22045e-12
-3.33067e-12
4.44089e-12
-8.88178e-11
-1.17684e-10
-1.32117e-10
5.10703e-11
1.21014e-10
-4.44089e-11
-3.33067e-12
-8.21565e-11
0
5.66214e-11
-4.996e-11
0
2.22045e-12
0
0
3.33067e-12
0
-3.33067e-12
0
-8.88178e-12
0
0
5.44009e-11
3.33067e-12
1.21014e-10
-9.65894e-11
-4.77396e-11
7.54952e-11
-2.10942e-11
-1.22125e-11
-8.54872e-11
-6.55032e-11
-4.44089e-12
3.33067e-12
-2.22045e-12
-4.44089e-12
1.11022e-12
-3.33067e-12
3.33067e-12
-5.55112e-12
8.88178e-11
1.14353e-10
8.99281e-11
-5.10703e-11
-3.77476e-11
1.40998e-10
-2.9976e-11
4.77396e-11
1.9984e-11
9.65894e-11
-4.44089e-12
-1.77636e-11
-1.11022e-12
-3.33067e-12
0
-3.33067e-12
-1.11022e-12
0
-3.33067e-12
4.44089e-12
-6.99441e-11
-1.0103e-10
4.88498e-11
-1.02141e-10
-5.21805e-11
-2.55351e-11
-9.76996e-11
-1.14353e-10
-6.32827e-11
-7.99361e-11
8.54872e-11
5.21805e-11
2.22045e-12
0
-1.11022e-12
0
-1.11022e-12
1.11022e-12
-3.33067e-12
-2.22045e-12
-6.99441e-11
-5.10703e-11
3.66374e-11
-3.66374e-11
4.44089e-11
-4.44089e-11
9.99201e-12
1.55431e-11
1.9984e-11
-7.88258e-11
6.99441e-11
4.44089e-12
0
0
2.22045e-12
0
0
0
0
-2.22045e-12
-1.88738e-11
-1.44329e-11
0
1.54321e-10
3.33067e-12
-1.77636e-11
0
8.99281e-11
-1.11022e-12
0
-1.11022e-12
-1.11022e-12
0
1.11022e-12
0
0
1.11022e-12
-1.11022e-12
1.11022e-12
7.77156e-12
3.33067e-11
4.44089e-12
-1.31006e-10
3.33067e-12
-1.24345e-10
5.21805e-11
-5.66214e-11
-6.43929e-11
-1.27676e-10
6.21725e-11
1.55431e-11
0
6.66134e-12
0
0
2.22045e-12
0
0
0
0
-2.22045e-12
0
0
0
0
0
8.43769e-11
-5.77316e-11
8.88178e-11
9.10383e-11
-1.12133e-10
1.55431e-11
-8.88178e-12
-4.44089e-12
3.33067e-12
0
-1.11022e-12
0
-1.11022e-12
-4.44089e-12
-5.44009e-11
-6.88338e-11
4.55191e-11
-6.88338e-11
4.32987e-11
-1.52101e-10
-1.9984e-11
-3.21965e-11
5.88418e-11
3.33067e-12
3.33067e-12
1.9984e-11
2.22045e-12
0
-3.33067e-12
-2.22045e-12
0
3.33067e-12
1.11022e-12
-3.33067e-12
5.44009e-11
8.65974e-11
-9.54792e-11
-6.55032e-11
-6.43929e-11
1.11022e-11
0
1.83187e-10
-1.44329e-11
0
6.10623e-11
-3.33067e-12
1.11022e-12
1.11022e-12
-2.22045e-12
0
0
0
0
4.44089e-12
5.55112e-12
1.28786e-10
4.21885e-11
9.54792e-11
7.77156e-12
4.44089e-12
2.55351e-10
1.45239e-08
5.04041e-10
-8.43769e-11
-7.66054e-11
1.11022e-12
-7.77156e-12
3.33067e-12
0
2.22045e-12
1.11022e-12
0
0
-1.11022e-12
0
-1.44329e-11
-1.11022e-12
-1.66533e-11
-1.11022e-12
2.75335e-10
1.44984e-08
1.01436e-06
2.94154e-08
3.41949e-10
1.9984e-11
6.32827e-11
-1.11022e-12
0
2.10942e-11
0
2.22045e-12
1.11022e-12
0
9.65894e-11
2.88658e-11
-9.32587e-11
-5.44009e-11
9.99201e-11
4.00791e-10
1.4686e-08
1.43097e-08
1.00005e-06
2.89635e-08
4.21885e-10
7.21645e-11
3.77476e-11
0
-4.44089e-12
2.33147e-11
-2.22045e-12
1.11022e-12
-2.22045e-12
-1.11022e-12
9.88098e-11
-1.9984e-11
-3.55271e-11
3.9968e-11
1.26565e-10
4.61853e-10
1.43985e-08
)
;
    }
}


// ************************************************************************* //
