/*--------------------------------*- C++ -*----------------------------------*\
  =========                 |
  \\      /  F ield         | OpenFOAM: The Open Source CFD Toolbox
   \\    /   O peration     | Website:  https://openfoam.org
    \\  /    A nd           | Version:  8
     \\/     M anipulation  |
\*---------------------------------------------------------------------------*/
FoamFile
{
    version     2.0;
    format      ascii;
    class       volScalarField;
    location    "1.8";
    object      gradTy;
}
// * * * * * * * * * * * * * * * * * * * * * * * * * * * * * * * * * * * * * //

dimensions      [0 -1 0 1 0 0 0];

internalField   nonuniform List<scalar> 
400
(
-5832.07
-5832.07
-5832.07
-5832.07
-5832.07
-5832.07
-5832.07
-5832.07
-5832.07
-5832.07
-5832.07
-5832.07
-5832.07
-5832.07
-5832.07
-5832.07
-5832.07
-5832.07
-5832.07
-5832.07
-165.526
-165.526
-165.526
-165.526
-165.526
-165.526
-165.526
-165.526
-165.526
-165.526
-165.526
-165.526
-165.526
-165.526
-165.526
-165.526
-165.526
-165.526
-165.526
-165.526
-2.37822
-2.37822
-2.37822
-2.37822
-2.37822
-2.37822
-2.37822
-2.37822
-2.37822
-2.37822
-2.37822
-2.37822
-2.37822
-2.37822
-2.37822
-2.37822
-2.37822
-2.37822
-2.37822
-2.37822
-0.0228981
-0.0228981
-0.0228981
-0.0228981
-0.0228981
-0.0228981
-0.0228981
-0.0228981
-0.0228981
-0.0228981
-0.0228981
-0.0228981
-0.0228981
-0.0228981
-0.0228981
-0.0228981
-0.0228981
-0.0228981
-0.0228981
-0.0228981
-0.000165969
-0.000165969
-0.000165969
-0.000165969
-0.000165969
-0.000165969
-0.000165969
-0.000165969
-0.000165969
-0.000165969
-0.000165969
-0.000165969
-0.000165969
-0.000165969
-0.000165969
-0.000165969
-0.000165969
-0.000165969
-0.000165969
-0.00016597
-9.65501e-07
-9.65475e-07
-9.6549e-07
-9.65488e-07
-9.65441e-07
-9.65479e-07
-9.65522e-07
-9.65571e-07
-9.65471e-07
-9.65489e-07
-9.65469e-07
-9.65573e-07
-9.65535e-07
-9.65573e-07
-9.65547e-07
-9.65468e-07
-9.65548e-07
-9.65529e-07
-9.65479e-07
-9.6555e-07
-4.67848e-09
-4.68514e-09
-4.7462e-09
-4.6918e-09
-4.70624e-09
-4.69957e-09
-4.7462e-09
-4.73732e-09
-4.7462e-09
-4.66738e-09
-4.73288e-09
-4.71845e-09
-4.73732e-09
-4.71734e-09
-4.73732e-09
-4.73732e-09
-4.7562e-09
-4.73288e-09
-4.75286e-09
-4.79727e-09
-1.66533e-11
-1.55431e-11
-1.77636e-11
-3.33067e-12
-1.22125e-11
-7.77156e-12
-1.22125e-11
-1.77636e-11
-1.33227e-11
-1.66533e-11
-1.11022e-11
-2.10942e-11
-9.99201e-12
-2.10942e-11
-1.44329e-11
-8.88178e-12
-2.22045e-11
-1.22125e-11
-1.44329e-11
9.99201e-12
-3.55271e-11
-5.55112e-12
-3.33067e-12
0
-1.11022e-12
-1.11022e-12
-3.33067e-12
5.55112e-12
0
-3.33067e-12
0
-3.33067e-12
0
-4.44089e-12
2.22045e-12
0
0
0
-2.22045e-12
0
-1.55431e-11
0
0
4.44089e-12
0
-3.33067e-12
0
-4.44089e-12
0
0
-1.11022e-12
0
-3.33067e-12
1.11022e-12
-3.33067e-12
-3.33067e-12
0
-1.11022e-12
1.11022e-12
-1.9984e-11
0
0
0
4.44089e-12
2.22045e-12
-1.11022e-12
3.33067e-12
-1.11022e-12
-3.33067e-12
0
0
1.11022e-12
0
0
-2.22045e-12
0
3.33067e-12
0
1.11022e-12
1.11022e-12
-2.22045e-12
0
2.22045e-12
-4.44089e-12
2.22045e-12
2.22045e-12
2.22045e-12
0
2.22045e-12
2.22045e-12
0
0
0
0
0
0
1.11022e-12
0
0
-2.22045e-12
1.11022e-11
1.11022e-11
9.99201e-12
1.33227e-11
1.66533e-11
1.33227e-11
1.66533e-11
1.55431e-11
1.22125e-11
1.22125e-11
1.66533e-11
9.99201e-12
1.55431e-11
1.77636e-11
1.55431e-11
1.22125e-11
1.11022e-11
1.55431e-11
1.11022e-11
1.11022e-10
4.70846e-09
4.67626e-09
4.73399e-09
4.74176e-09
4.73288e-09
4.73288e-09
4.73399e-09
4.6485e-09
4.73288e-09
4.73399e-09
4.66738e-09
4.66627e-09
4.64739e-09
4.69957e-09
4.64628e-09
4.64628e-09
4.69846e-09
4.65294e-09
4.69846e-09
4.6807e-09
9.65559e-07
9.65515e-07
9.65558e-07
9.65567e-07
9.65548e-07
9.65553e-07
9.65543e-07
9.65429e-07
9.65552e-07
9.65551e-07
9.65447e-07
9.65503e-07
9.65433e-07
9.655e-07
9.65433e-07
9.65437e-07
9.65523e-07
9.65562e-07
9.65508e-07
9.65372e-07
0.00016597
0.000165969
0.000165969
0.000165969
0.000165969
0.000165969
0.000165969
0.000165969
0.000165969
0.000165969
0.000165969
0.000165969
0.000165969
0.000165969
0.000165969
0.000165969
0.000165969
0.000165969
0.000165969
0.000165969
0.0228981
0.0228981
0.0228981
0.0228981
0.0228981
0.0228981
0.0228981
0.0228981
0.0228981
0.0228981
0.0228981
0.0228981
0.0228981
0.0228981
0.0228981
0.0228981
0.0228981
0.0228981
0.0228981
0.0228981
2.37822
2.37822
2.37822
2.37822
2.37822
2.37822
2.37822
2.37822
2.37822
2.37822
2.37822
2.37822
2.37822
2.37822
2.37822
2.37822
2.37822
2.37822
2.37822
2.37822
165.526
165.526
165.526
165.526
165.526
165.526
165.526
165.526
165.526
165.526
165.526
165.526
165.526
165.526
165.526
165.526
165.526
165.526
165.526
165.526
5832.07
5832.07
5832.07
5832.07
5832.07
5832.07
5832.07
5832.07
5832.07
5832.07
5832.07
5832.07
5832.07
5832.07
5832.07
5832.07
5832.07
5832.07
5832.07
5832.07
)
;

boundaryField
{
    front
    {
        type            calculated;
        value           nonuniform List<scalar> 
20
(
-11337.8
-11337.8
-11337.8
-11337.8
-11337.8
-11337.8
-11337.8
-11337.8
-11337.8
-11337.8
-11337.8
-11337.8
-11337.8
-11337.8
-11337.8
-11337.8
-11337.8
-11337.8
-11337.8
-11337.8
)
;
    }
    back
    {
        type            calculated;
        value           nonuniform List<scalar> 
20
(
11337.8
11337.8
11337.8
11337.8
11337.8
11337.8
11337.8
11337.8
11337.8
11337.8
11337.8
11337.8
11337.8
11337.8
11337.8
11337.8
11337.8
11337.8
11337.8
11337.8
)
;
    }
    left
    {
        type            calculated;
        value           nonuniform List<scalar> 
20
(
-5832.07
-165.526
-2.37822
-0.0228981
-0.000165969
-9.65501e-07
-4.67848e-09
-1.66533e-11
-3.55271e-11
-1.55431e-11
0
-2.22045e-12
1.11022e-11
4.70846e-09
9.65559e-07
0.00016597
0.0228981
2.37822
165.526
5832.07
)
;
    }
    right
    {
        type            calculated;
        value           nonuniform List<scalar> 
20
(
-5832.07
-165.526
-2.37822
-0.0228981
-0.00016597
-9.6555e-07
-4.79727e-09
9.99201e-12
0
-1.9984e-11
1.11022e-12
-2.22045e-12
1.11022e-10
4.6807e-09
9.65372e-07
0.000165969
0.0228981
2.37822
165.526
5832.07
)
;
    }
    top
    {
        type            calculated;
        value           nonuniform List<scalar> 
400
(
-5832.07
-165.526
-2.37822
-0.0228981
-0.000165969
-9.65501e-07
-4.67848e-09
-1.66533e-11
-3.55271e-11
-1.55431e-11
0
-2.22045e-12
1.11022e-11
4.70846e-09
9.65559e-07
0.00016597
0.0228981
2.37822
165.526
5832.07
-5832.07
-165.526
-2.37822
-0.0228981
-0.000165969
-9.65475e-07
-4.68514e-09
-1.55431e-11
-5.55112e-12
0
0
0
1.11022e-11
4.67626e-09
9.65515e-07
0.000165969
0.0228981
2.37822
165.526
5832.07
-5832.07
-165.526
-2.37822
-0.0228981
-0.000165969
-9.6549e-07
-4.7462e-09
-1.77636e-11
-3.33067e-12
0
0
2.22045e-12
9.99201e-12
4.73399e-09
9.65558e-07
0.000165969
0.0228981
2.37822
165.526
5832.07
-5832.07
-165.526
-2.37822
-0.0228981
-0.000165969
-9.65488e-07
-4.6918e-09
-3.33067e-12
0
4.44089e-12
4.44089e-12
-4.44089e-12
1.33227e-11
4.74176e-09
9.65567e-07
0.000165969
0.0228981
2.37822
165.526
5832.07
-5832.07
-165.526
-2.37822
-0.0228981
-0.000165969
-9.65441e-07
-4.70624e-09
-1.22125e-11
-1.11022e-12
0
2.22045e-12
2.22045e-12
1.66533e-11
4.73288e-09
9.65548e-07
0.000165969
0.0228981
2.37822
165.526
5832.07
-5832.07
-165.526
-2.37822
-0.0228981
-0.000165969
-9.65479e-07
-4.69957e-09
-7.77156e-12
-1.11022e-12
-3.33067e-12
-1.11022e-12
2.22045e-12
1.33227e-11
4.73288e-09
9.65553e-07
0.000165969
0.0228981
2.37822
165.526
5832.07
-5832.07
-165.526
-2.37822
-0.0228981
-0.000165969
-9.65522e-07
-4.7462e-09
-1.22125e-11
-3.33067e-12
0
3.33067e-12
2.22045e-12
1.66533e-11
4.73399e-09
9.65543e-07
0.000165969
0.0228981
2.37822
165.526
5832.07
-5832.07
-165.526
-2.37822
-0.0228981
-0.000165969
-9.65571e-07
-4.73732e-09
-1.77636e-11
5.55112e-12
-4.44089e-12
-1.11022e-12
0
1.55431e-11
4.6485e-09
9.65429e-07
0.000165969
0.0228981
2.37822
165.526
5832.07
-5832.07
-165.526
-2.37822
-0.0228981
-0.000165969
-9.65471e-07
-4.7462e-09
-1.33227e-11
0
0
-3.33067e-12
2.22045e-12
1.22125e-11
4.73288e-09
9.65552e-07
0.000165969
0.0228981
2.37822
165.526
5832.07
-5832.07
-165.526
-2.37822
-0.0228981
-0.000165969
-9.65489e-07
-4.66738e-09
-1.66533e-11
-3.33067e-12
0
0
2.22045e-12
1.22125e-11
4.73399e-09
9.65551e-07
0.000165969
0.0228981
2.37822
165.526
5832.07
-5832.07
-165.526
-2.37822
-0.0228981
-0.000165969
-9.65469e-07
-4.73288e-09
-1.11022e-11
0
-1.11022e-12
0
0
1.66533e-11
4.66738e-09
9.65447e-07
0.000165969
0.0228981
2.37822
165.526
5832.07
-5832.07
-165.526
-2.37822
-0.0228981
-0.000165969
-9.65573e-07
-4.71845e-09
-2.10942e-11
-3.33067e-12
0
1.11022e-12
0
9.99201e-12
4.66627e-09
9.65503e-07
0.000165969
0.0228981
2.37822
165.526
5832.07
-5832.07
-165.526
-2.37822
-0.0228981
-0.000165969
-9.65535e-07
-4.73732e-09
-9.99201e-12
0
-3.33067e-12
0
0
1.55431e-11
4.64739e-09
9.65433e-07
0.000165969
0.0228981
2.37822
165.526
5832.07
-5832.07
-165.526
-2.37822
-0.0228981
-0.000165969
-9.65573e-07
-4.71734e-09
-2.10942e-11
-4.44089e-12
1.11022e-12
0
0
1.77636e-11
4.69957e-09
9.655e-07
0.000165969
0.0228981
2.37822
165.526
5832.07
-5832.07
-165.526
-2.37822
-0.0228981
-0.000165969
-9.65547e-07
-4.73732e-09
-1.44329e-11
2.22045e-12
-3.33067e-12
-2.22045e-12
0
1.55431e-11
4.64628e-09
9.65433e-07
0.000165969
0.0228981
2.37822
165.526
5832.07
-5832.07
-165.526
-2.37822
-0.0228981
-0.000165969
-9.65468e-07
-4.73732e-09
-8.88178e-12
0
-3.33067e-12
0
0
1.22125e-11
4.64628e-09
9.65437e-07
0.000165969
0.0228981
2.37822
165.526
5832.07
-5832.07
-165.526
-2.37822
-0.0228981
-0.000165969
-9.65548e-07
-4.7562e-09
-2.22045e-11
0
0
3.33067e-12
1.11022e-12
1.11022e-11
4.69846e-09
9.65523e-07
0.000165969
0.0228981
2.37822
165.526
5832.07
-5832.07
-165.526
-2.37822
-0.0228981
-0.000165969
-9.65529e-07
-4.73288e-09
-1.22125e-11
0
-1.11022e-12
0
0
1.55431e-11
4.65294e-09
9.65562e-07
0.000165969
0.0228981
2.37822
165.526
5832.07
-5832.07
-165.526
-2.37822
-0.0228981
-0.000165969
-9.65479e-07
-4.75286e-09
-1.44329e-11
-2.22045e-12
1.11022e-12
1.11022e-12
0
1.11022e-11
4.69846e-09
9.65508e-07
0.000165969
0.0228981
2.37822
165.526
5832.07
-5832.07
-165.526
-2.37822
-0.0228981
-0.00016597
-9.6555e-07
-4.79727e-09
9.99201e-12
0
-1.9984e-11
1.11022e-12
-2.22045e-12
1.11022e-10
4.6807e-09
9.65372e-07
0.000165969
0.0228981
2.37822
165.526
5832.07
)
;
    }
    bottom
    {
        type            calculated;
        value           nonuniform List<scalar> 
400
(
-5832.07
-165.526
-2.37822
-0.0228981
-0.000165969
-9.65501e-07
-4.67848e-09
-1.66533e-11
-3.55271e-11
-1.55431e-11
0
-2.22045e-12
1.11022e-11
4.70846e-09
9.65559e-07
0.00016597
0.0228981
2.37822
165.526
5832.07
-5832.07
-165.526
-2.37822
-0.0228981
-0.000165969
-9.65475e-07
-4.68514e-09
-1.55431e-11
-5.55112e-12
0
0
0
1.11022e-11
4.67626e-09
9.65515e-07
0.000165969
0.0228981
2.37822
165.526
5832.07
-5832.07
-165.526
-2.37822
-0.0228981
-0.000165969
-9.6549e-07
-4.7462e-09
-1.77636e-11
-3.33067e-12
0
0
2.22045e-12
9.99201e-12
4.73399e-09
9.65558e-07
0.000165969
0.0228981
2.37822
165.526
5832.07
-5832.07
-165.526
-2.37822
-0.0228981
-0.000165969
-9.65488e-07
-4.6918e-09
-3.33067e-12
0
4.44089e-12
4.44089e-12
-4.44089e-12
1.33227e-11
4.74176e-09
9.65567e-07
0.000165969
0.0228981
2.37822
165.526
5832.07
-5832.07
-165.526
-2.37822
-0.0228981
-0.000165969
-9.65441e-07
-4.70624e-09
-1.22125e-11
-1.11022e-12
0
2.22045e-12
2.22045e-12
1.66533e-11
4.73288e-09
9.65548e-07
0.000165969
0.0228981
2.37822
165.526
5832.07
-5832.07
-165.526
-2.37822
-0.0228981
-0.000165969
-9.65479e-07
-4.69957e-09
-7.77156e-12
-1.11022e-12
-3.33067e-12
-1.11022e-12
2.22045e-12
1.33227e-11
4.73288e-09
9.65553e-07
0.000165969
0.0228981
2.37822
165.526
5832.07
-5832.07
-165.526
-2.37822
-0.0228981
-0.000165969
-9.65522e-07
-4.7462e-09
-1.22125e-11
-3.33067e-12
0
3.33067e-12
2.22045e-12
1.66533e-11
4.73399e-09
9.65543e-07
0.000165969
0.0228981
2.37822
165.526
5832.07
-5832.07
-165.526
-2.37822
-0.0228981
-0.000165969
-9.65571e-07
-4.73732e-09
-1.77636e-11
5.55112e-12
-4.44089e-12
-1.11022e-12
0
1.55431e-11
4.6485e-09
9.65429e-07
0.000165969
0.0228981
2.37822
165.526
5832.07
-5832.07
-165.526
-2.37822
-0.0228981
-0.000165969
-9.65471e-07
-4.7462e-09
-1.33227e-11
0
0
-3.33067e-12
2.22045e-12
1.22125e-11
4.73288e-09
9.65552e-07
0.000165969
0.0228981
2.37822
165.526
5832.07
-5832.07
-165.526
-2.37822
-0.0228981
-0.000165969
-9.65489e-07
-4.66738e-09
-1.66533e-11
-3.33067e-12
0
0
2.22045e-12
1.22125e-11
4.73399e-09
9.65551e-07
0.000165969
0.0228981
2.37822
165.526
5832.07
-5832.07
-165.526
-2.37822
-0.0228981
-0.000165969
-9.65469e-07
-4.73288e-09
-1.11022e-11
0
-1.11022e-12
0
0
1.66533e-11
4.66738e-09
9.65447e-07
0.000165969
0.0228981
2.37822
165.526
5832.07
-5832.07
-165.526
-2.37822
-0.0228981
-0.000165969
-9.65573e-07
-4.71845e-09
-2.10942e-11
-3.33067e-12
0
1.11022e-12
0
9.99201e-12
4.66627e-09
9.65503e-07
0.000165969
0.0228981
2.37822
165.526
5832.07
-5832.07
-165.526
-2.37822
-0.0228981
-0.000165969
-9.65535e-07
-4.73732e-09
-9.99201e-12
0
-3.33067e-12
0
0
1.55431e-11
4.64739e-09
9.65433e-07
0.000165969
0.0228981
2.37822
165.526
5832.07
-5832.07
-165.526
-2.37822
-0.0228981
-0.000165969
-9.65573e-07
-4.71734e-09
-2.10942e-11
-4.44089e-12
1.11022e-12
0
0
1.77636e-11
4.69957e-09
9.655e-07
0.000165969
0.0228981
2.37822
165.526
5832.07
-5832.07
-165.526
-2.37822
-0.0228981
-0.000165969
-9.65547e-07
-4.73732e-09
-1.44329e-11
2.22045e-12
-3.33067e-12
-2.22045e-12
0
1.55431e-11
4.64628e-09
9.65433e-07
0.000165969
0.0228981
2.37822
165.526
5832.07
-5832.07
-165.526
-2.37822
-0.0228981
-0.000165969
-9.65468e-07
-4.73732e-09
-8.88178e-12
0
-3.33067e-12
0
0
1.22125e-11
4.64628e-09
9.65437e-07
0.000165969
0.0228981
2.37822
165.526
5832.07
-5832.07
-165.526
-2.37822
-0.0228981
-0.000165969
-9.65548e-07
-4.7562e-09
-2.22045e-11
0
0
3.33067e-12
1.11022e-12
1.11022e-11
4.69846e-09
9.65523e-07
0.000165969
0.0228981
2.37822
165.526
5832.07
-5832.07
-165.526
-2.37822
-0.0228981
-0.000165969
-9.65529e-07
-4.73288e-09
-1.22125e-11
0
-1.11022e-12
0
0
1.55431e-11
4.65294e-09
9.65562e-07
0.000165969
0.0228981
2.37822
165.526
5832.07
-5832.07
-165.526
-2.37822
-0.0228981
-0.000165969
-9.65479e-07
-4.75286e-09
-1.44329e-11
-2.22045e-12
1.11022e-12
1.11022e-12
0
1.11022e-11
4.69846e-09
9.65508e-07
0.000165969
0.0228981
2.37822
165.526
5832.07
-5832.07
-165.526
-2.37822
-0.0228981
-0.00016597
-9.6555e-07
-4.79727e-09
9.99201e-12
0
-1.9984e-11
1.11022e-12
-2.22045e-12
1.11022e-10
4.6807e-09
9.65372e-07
0.000165969
0.0228981
2.37822
165.526
5832.07
)
;
    }
}


// ************************************************************************* //
