/*--------------------------------*- C++ -*----------------------------------*\
  =========                 |
  \\      /  F ield         | OpenFOAM: The Open Source CFD Toolbox
   \\    /   O peration     | Website:  https://openfoam.org
    \\  /    A nd           | Version:  8
     \\/     M anipulation  |
\*---------------------------------------------------------------------------*/
FoamFile
{
    version     2.0;
    format      ascii;
    class       volScalarField;
    location    "1.8";
    object      T;
}
// * * * * * * * * * * * * * * * * * * * * * * * * * * * * * * * * * * * * * //

dimensions      [0 0 0 1 0 0 0];

internalField   nonuniform List<scalar> 
400
(
289.555
289.555
289.555
289.555
289.555
289.555
289.555
289.555
289.555
289.555
289.555
289.555
289.555
289.555
289.555
289.555
289.555
289.555
289.555
289.555
273.238
273.238
273.238
273.238
273.238
273.238
273.238
273.238
273.238
273.238
273.238
273.238
273.238
273.238
273.238
273.238
273.238
273.238
273.238
273.238
273.002
273.002
273.002
273.002
273.002
273.002
273.002
273.002
273.002
273.002
273.002
273.002
273.002
273.002
273.002
273.002
273.002
273.002
273.002
273.002
273
273
273
273
273
273
273
273
273
273
273
273
273
273
273
273
273
273
273
273
273
273
273
273
273
273
273
273
273
273
273
273
273
273
273
273
273
273
273
273
273
273
273
273
273
273
273
273
273
273
273
273
273
273
273
273
273
273
273
273
273
273
273
273
273
273
273
273
273
273
273
273
273
273
273
273
273
273
273
273
273
273
273
273
273
273
273
273
273
273
273
273
273
273
273
273
273
273
273
273
273
273
273
273
273
273
273
273
273
273
273
273
273
273
273
273
273
273
273
273
273
273
273
273
273
273
273
273
273
273
273
273
273
273
273
273
273
273
273
273
273
273
273
273
273
273
273
273
273
273
273
273
273
273
273
273
273
273
273
273
273
273
273
273
273
273
273
273
273
273
273
273
273
273
273
273
273
273
273
273
273
273
273
273
273
273
273
273
273
273
273
273
273
273
273
273
273
273
273
273
273
273
273
273
273
273
273
273
273
273
273
273
273
273
273
273
273
273
273
273
273
273
273
273
273
273
273
273
273
273
273
273
273
273
273
273
273
273
273
273
273
273
273
273
273
273
273
273
273
273
273
273
273
273
273
273
273
273
273
273
273
273
273
273
273
273
273
273
273
273
273
273
273
273
273
273
273
273
273
273
273.002
273.002
273.002
273.002
273.002
273.002
273.002
273.002
273.002
273.002
273.002
273.002
273.002
273.002
273.002
273.002
273.002
273.002
273.002
273.002
273.238
273.238
273.238
273.238
273.238
273.238
273.238
273.238
273.238
273.238
273.238
273.238
273.238
273.238
273.238
273.238
273.238
273.238
273.238
273.238
289.555
289.555
289.555
289.555
289.555
289.555
289.555
289.555
289.555
289.555
289.555
289.555
289.555
289.555
289.555
289.555
289.555
289.555
289.555
289.555
)
;

boundaryField
{
    front
    {
        type            fixedValue;
        value           uniform 573;
    }
    back
    {
        type            fixedValue;
        value           uniform 573;
    }
    left
    {
        type            zeroGradient;
    }
    right
    {
        type            zeroGradient;
    }
    top
    {
        type            zeroGradient;
    }
    bottom
    {
        type            zeroGradient;
    }
}


// ************************************************************************* //
