/*--------------------------------*- C++ -*----------------------------------*\
  =========                 |
  \\      /  F ield         | OpenFOAM: The Open Source CFD Toolbox
   \\    /   O peration     | Website:  https://openfoam.org
    \\  /    A nd           | Version:  8
     \\/     M anipulation  |
\*---------------------------------------------------------------------------*/
FoamFile
{
    version     2.0;
    format      ascii;
    class       volScalarField;
    location    "2.4";
    object      gradTy;
}
// * * * * * * * * * * * * * * * * * * * * * * * * * * * * * * * * * * * * * //

dimensions      [0 -1 0 1 0 0 0];

internalField   nonuniform List<scalar> 
400
(
-5778.19
-5778.19
-5778.19
-5778.19
-5778.19
-5778.19
-5778.19
-5778.19
-5778.19
-5778.19
-5778.19
-5778.19
-5778.19
-5778.19
-5778.19
-5778.19
-5778.19
-5778.19
-5778.19
-5778.19
-217.599
-217.599
-217.599
-217.599
-217.599
-217.599
-217.599
-217.599
-217.599
-217.599
-217.599
-217.599
-217.599
-217.599
-217.599
-217.599
-217.599
-217.599
-217.599
-217.599
-4.1587
-4.1587
-4.1587
-4.1587
-4.1587
-4.1587
-4.1587
-4.1587
-4.1587
-4.1587
-4.1587
-4.1587
-4.1587
-4.1587
-4.1587
-4.1587
-4.1587
-4.1587
-4.1587
-4.1587
-0.0532697
-0.0532697
-0.0532697
-0.0532697
-0.0532697
-0.0532697
-0.0532697
-0.0532697
-0.0532697
-0.0532697
-0.0532697
-0.0532697
-0.0532697
-0.0532697
-0.0532697
-0.0532697
-0.0532697
-0.0532697
-0.0532697
-0.0532697
-0.000513488
-0.000513488
-0.000513488
-0.000513488
-0.000513488
-0.000513488
-0.000513488
-0.000513488
-0.000513488
-0.000513488
-0.000513488
-0.000513488
-0.000513488
-0.000513488
-0.000513488
-0.000513488
-0.000513488
-0.000513488
-0.000513488
-0.000513489
-3.97053e-06
-3.97051e-06
-3.97053e-06
-3.97058e-06
-3.97047e-06
-3.97052e-06
-3.97061e-06
-3.97062e-06
-3.97051e-06
-3.97052e-06
-3.97052e-06
-3.97062e-06
-3.9706e-06
-3.97062e-06
-3.97061e-06
-3.97052e-06
-3.9706e-06
-3.97059e-06
-3.97052e-06
-3.97063e-06
-2.56406e-08
-2.56328e-08
-2.57228e-08
-2.56384e-08
-2.56606e-08
-2.56573e-08
-2.5725e-08
-2.57139e-08
-2.57228e-08
-2.5614e-08
-2.57006e-08
-2.56872e-08
-2.57128e-08
-2.56861e-08
-2.57117e-08
-2.57139e-08
-2.57427e-08
-2.57028e-08
-2.57383e-08
-2.57905e-08
-1.82077e-10
-1.74305e-10
-1.77636e-10
-9.99201e-11
-1.54321e-10
-1.57652e-10
-1.22125e-10
-1.83187e-10
-1.62093e-10
-1.74305e-10
-1.4877e-10
-1.95399e-10
-1.60982e-10
-1.95399e-10
-1.64313e-10
-1.46549e-10
-1.77636e-10
-1.63203e-10
-1.56541e-10
-1.24345e-10
-3.55271e-11
-5.55112e-12
-3.33067e-12
0
-1.11022e-12
-1.11022e-12
-3.33067e-12
5.55112e-12
0
-3.33067e-12
0
-3.33067e-12
0
-4.44089e-12
2.22045e-12
0
0
0
-2.22045e-12
0
-1.55431e-11
0
0
4.44089e-12
0
-3.33067e-12
0
-4.44089e-12
0
0
-1.11022e-12
0
-3.33067e-12
1.11022e-12
-3.33067e-12
-3.33067e-12
0
-1.11022e-12
1.11022e-12
-1.9984e-11
0
0
0
4.44089e-12
2.22045e-12
-1.11022e-12
3.33067e-12
-1.11022e-12
-3.33067e-12
0
0
1.11022e-12
0
0
-2.22045e-12
0
3.33067e-12
0
1.11022e-12
1.11022e-12
-2.22045e-12
0
2.22045e-12
-4.44089e-12
2.22045e-12
2.22045e-12
2.22045e-12
0
2.22045e-12
2.22045e-12
0
0
0
0
0
0
1.11022e-12
0
0
-2.22045e-12
1.45439e-10
1.35447e-10
1.16573e-10
1.58762e-10
1.90958e-10
1.62093e-10
1.90958e-10
1.77636e-10
1.46549e-10
1.55431e-10
1.66533e-10
1.17684e-10
1.67644e-10
1.74305e-10
1.67644e-10
1.52101e-10
1.16573e-10
1.67644e-10
1.16573e-10
2.81997e-10
2.56706e-08
2.56262e-08
2.57083e-08
2.57172e-08
2.57094e-08
2.57094e-08
2.57083e-08
2.55829e-08
2.57083e-08
2.57083e-08
2.56084e-08
2.56062e-08
2.55829e-08
2.56528e-08
2.55829e-08
2.5584e-08
2.56495e-08
2.55873e-08
2.56573e-08
2.56328e-08
3.97065e-06
3.97059e-06
3.97066e-06
3.97064e-06
3.97058e-06
3.97062e-06
3.97058e-06
3.97045e-06
3.97063e-06
3.97062e-06
3.97048e-06
3.97059e-06
3.97046e-06
3.97054e-06
3.97046e-06
3.97047e-06
3.97062e-06
3.97063e-06
3.9706e-06
3.97039e-06
0.000513489
0.000513488
0.000513488
0.000513488
0.000513488
0.000513488
0.000513488
0.000513488
0.000513488
0.000513488
0.000513488
0.000513488
0.000513488
0.000513488
0.000513488
0.000513488
0.000513488
0.000513488
0.000513488
0.000513488
0.0532697
0.0532697
0.0532697
0.0532697
0.0532697
0.0532697
0.0532697
0.0532697
0.0532697
0.0532697
0.0532697
0.0532697
0.0532697
0.0532697
0.0532697
0.0532697
0.0532697
0.0532697
0.0532697
0.0532697
4.1587
4.1587
4.1587
4.1587
4.1587
4.1587
4.1587
4.1587
4.1587
4.1587
4.1587
4.1587
4.1587
4.1587
4.1587
4.1587
4.1587
4.1587
4.1587
4.1587
217.599
217.599
217.599
217.599
217.599
217.599
217.599
217.599
217.599
217.599
217.599
217.599
217.599
217.599
217.599
217.599
217.599
217.599
217.599
217.599
5778.19
5778.19
5778.19
5778.19
5778.19
5778.19
5778.19
5778.19
5778.19
5778.19
5778.19
5778.19
5778.19
5778.19
5778.19
5778.19
5778.19
5778.19
5778.19
5778.19
)
;

boundaryField
{
    front
    {
        type            calculated;
        value           nonuniform List<scalar> 
20
(
-11129.4
-11129.4
-11129.4
-11129.4
-11129.4
-11129.4
-11129.4
-11129.4
-11129.4
-11129.4
-11129.4
-11129.4
-11129.4
-11129.4
-11129.4
-11129.4
-11129.4
-11129.4
-11129.4
-11129.4
)
;
    }
    back
    {
        type            calculated;
        value           nonuniform List<scalar> 
20
(
11129.4
11129.4
11129.4
11129.4
11129.4
11129.4
11129.4
11129.4
11129.4
11129.4
11129.4
11129.4
11129.4
11129.4
11129.4
11129.4
11129.4
11129.4
11129.4
11129.4
)
;
    }
    left
    {
        type            calculated;
        value           nonuniform List<scalar> 
20
(
-5778.19
-217.599
-4.1587
-0.0532697
-0.000513488
-3.97053e-06
-2.56406e-08
-1.82077e-10
-3.55271e-11
-1.55431e-11
0
-2.22045e-12
1.45439e-10
2.56706e-08
3.97065e-06
0.000513489
0.0532697
4.1587
217.599
5778.19
)
;
    }
    right
    {
        type            calculated;
        value           nonuniform List<scalar> 
20
(
-5778.19
-217.599
-4.1587
-0.0532697
-0.000513489
-3.97063e-06
-2.57905e-08
-1.24345e-10
0
-1.9984e-11
1.11022e-12
-2.22045e-12
2.81997e-10
2.56328e-08
3.97039e-06
0.000513488
0.0532697
4.1587
217.599
5778.19
)
;
    }
    top
    {
        type            calculated;
        value           nonuniform List<scalar> 
400
(
-5778.19
-217.599
-4.1587
-0.0532697
-0.000513488
-3.97053e-06
-2.56406e-08
-1.82077e-10
-3.55271e-11
-1.55431e-11
0
-2.22045e-12
1.45439e-10
2.56706e-08
3.97065e-06
0.000513489
0.0532697
4.1587
217.599
5778.19
-5778.19
-217.599
-4.1587
-0.0532697
-0.000513488
-3.97051e-06
-2.56328e-08
-1.74305e-10
-5.55112e-12
0
0
0
1.35447e-10
2.56262e-08
3.97059e-06
0.000513488
0.0532697
4.1587
217.599
5778.19
-5778.19
-217.599
-4.1587
-0.0532697
-0.000513488
-3.97053e-06
-2.57228e-08
-1.77636e-10
-3.33067e-12
0
0
2.22045e-12
1.16573e-10
2.57083e-08
3.97066e-06
0.000513488
0.0532697
4.1587
217.599
5778.19
-5778.19
-217.599
-4.1587
-0.0532697
-0.000513488
-3.97058e-06
-2.56384e-08
-9.99201e-11
0
4.44089e-12
4.44089e-12
-4.44089e-12
1.58762e-10
2.57172e-08
3.97064e-06
0.000513488
0.0532697
4.1587
217.599
5778.19
-5778.19
-217.599
-4.1587
-0.0532697
-0.000513488
-3.97047e-06
-2.56606e-08
-1.54321e-10
-1.11022e-12
0
2.22045e-12
2.22045e-12
1.90958e-10
2.57094e-08
3.97058e-06
0.000513488
0.0532697
4.1587
217.599
5778.19
-5778.19
-217.599
-4.1587
-0.0532697
-0.000513488
-3.97052e-06
-2.56573e-08
-1.57652e-10
-1.11022e-12
-3.33067e-12
-1.11022e-12
2.22045e-12
1.62093e-10
2.57094e-08
3.97062e-06
0.000513488
0.0532697
4.1587
217.599
5778.19
-5778.19
-217.599
-4.1587
-0.0532697
-0.000513488
-3.97061e-06
-2.5725e-08
-1.22125e-10
-3.33067e-12
0
3.33067e-12
2.22045e-12
1.90958e-10
2.57083e-08
3.97058e-06
0.000513488
0.0532697
4.1587
217.599
5778.19
-5778.19
-217.599
-4.1587
-0.0532697
-0.000513488
-3.97062e-06
-2.57139e-08
-1.83187e-10
5.55112e-12
-4.44089e-12
-1.11022e-12
0
1.77636e-10
2.55829e-08
3.97045e-06
0.000513488
0.0532697
4.1587
217.599
5778.19
-5778.19
-217.599
-4.1587
-0.0532697
-0.000513488
-3.97051e-06
-2.57228e-08
-1.62093e-10
0
0
-3.33067e-12
2.22045e-12
1.46549e-10
2.57083e-08
3.97063e-06
0.000513488
0.0532697
4.1587
217.599
5778.19
-5778.19
-217.599
-4.1587
-0.0532697
-0.000513488
-3.97052e-06
-2.5614e-08
-1.74305e-10
-3.33067e-12
0
0
2.22045e-12
1.55431e-10
2.57083e-08
3.97062e-06
0.000513488
0.0532697
4.1587
217.599
5778.19
-5778.19
-217.599
-4.1587
-0.0532697
-0.000513488
-3.97052e-06
-2.57006e-08
-1.4877e-10
0
-1.11022e-12
0
0
1.66533e-10
2.56084e-08
3.97048e-06
0.000513488
0.0532697
4.1587
217.599
5778.19
-5778.19
-217.599
-4.1587
-0.0532697
-0.000513488
-3.97062e-06
-2.56872e-08
-1.95399e-10
-3.33067e-12
0
1.11022e-12
0
1.17684e-10
2.56062e-08
3.97059e-06
0.000513488
0.0532697
4.1587
217.599
5778.19
-5778.19
-217.599
-4.1587
-0.0532697
-0.000513488
-3.9706e-06
-2.57128e-08
-1.60982e-10
0
-3.33067e-12
0
0
1.67644e-10
2.55829e-08
3.97046e-06
0.000513488
0.0532697
4.1587
217.599
5778.19
-5778.19
-217.599
-4.1587
-0.0532697
-0.000513488
-3.97062e-06
-2.56861e-08
-1.95399e-10
-4.44089e-12
1.11022e-12
0
0
1.74305e-10
2.56528e-08
3.97054e-06
0.000513488
0.0532697
4.1587
217.599
5778.19
-5778.19
-217.599
-4.1587
-0.0532697
-0.000513488
-3.97061e-06
-2.57117e-08
-1.64313e-10
2.22045e-12
-3.33067e-12
-2.22045e-12
0
1.67644e-10
2.55829e-08
3.97046e-06
0.000513488
0.0532697
4.1587
217.599
5778.19
-5778.19
-217.599
-4.1587
-0.0532697
-0.000513488
-3.97052e-06
-2.57139e-08
-1.46549e-10
0
-3.33067e-12
0
0
1.52101e-10
2.5584e-08
3.97047e-06
0.000513488
0.0532697
4.1587
217.599
5778.19
-5778.19
-217.599
-4.1587
-0.0532697
-0.000513488
-3.9706e-06
-2.57427e-08
-1.77636e-10
0
0
3.33067e-12
1.11022e-12
1.16573e-10
2.56495e-08
3.97062e-06
0.000513488
0.0532697
4.1587
217.599
5778.19
-5778.19
-217.599
-4.1587
-0.0532697
-0.000513488
-3.97059e-06
-2.57028e-08
-1.63203e-10
0
-1.11022e-12
0
0
1.67644e-10
2.55873e-08
3.97063e-06
0.000513488
0.0532697
4.1587
217.599
5778.19
-5778.19
-217.599
-4.1587
-0.0532697
-0.000513488
-3.97052e-06
-2.57383e-08
-1.56541e-10
-2.22045e-12
1.11022e-12
1.11022e-12
0
1.16573e-10
2.56573e-08
3.9706e-06
0.000513488
0.0532697
4.1587
217.599
5778.19
-5778.19
-217.599
-4.1587
-0.0532697
-0.000513489
-3.97063e-06
-2.57905e-08
-1.24345e-10
0
-1.9984e-11
1.11022e-12
-2.22045e-12
2.81997e-10
2.56328e-08
3.97039e-06
0.000513488
0.0532697
4.1587
217.599
5778.19
)
;
    }
    bottom
    {
        type            calculated;
        value           nonuniform List<scalar> 
400
(
-5778.19
-217.599
-4.1587
-0.0532697
-0.000513488
-3.97053e-06
-2.56406e-08
-1.82077e-10
-3.55271e-11
-1.55431e-11
0
-2.22045e-12
1.45439e-10
2.56706e-08
3.97065e-06
0.000513489
0.0532697
4.1587
217.599
5778.19
-5778.19
-217.599
-4.1587
-0.0532697
-0.000513488
-3.97051e-06
-2.56328e-08
-1.74305e-10
-5.55112e-12
0
0
0
1.35447e-10
2.56262e-08
3.97059e-06
0.000513488
0.0532697
4.1587
217.599
5778.19
-5778.19
-217.599
-4.1587
-0.0532697
-0.000513488
-3.97053e-06
-2.57228e-08
-1.77636e-10
-3.33067e-12
0
0
2.22045e-12
1.16573e-10
2.57083e-08
3.97066e-06
0.000513488
0.0532697
4.1587
217.599
5778.19
-5778.19
-217.599
-4.1587
-0.0532697
-0.000513488
-3.97058e-06
-2.56384e-08
-9.99201e-11
0
4.44089e-12
4.44089e-12
-4.44089e-12
1.58762e-10
2.57172e-08
3.97064e-06
0.000513488
0.0532697
4.1587
217.599
5778.19
-5778.19
-217.599
-4.1587
-0.0532697
-0.000513488
-3.97047e-06
-2.56606e-08
-1.54321e-10
-1.11022e-12
0
2.22045e-12
2.22045e-12
1.90958e-10
2.57094e-08
3.97058e-06
0.000513488
0.0532697
4.1587
217.599
5778.19
-5778.19
-217.599
-4.1587
-0.0532697
-0.000513488
-3.97052e-06
-2.56573e-08
-1.57652e-10
-1.11022e-12
-3.33067e-12
-1.11022e-12
2.22045e-12
1.62093e-10
2.57094e-08
3.97062e-06
0.000513488
0.0532697
4.1587
217.599
5778.19
-5778.19
-217.599
-4.1587
-0.0532697
-0.000513488
-3.97061e-06
-2.5725e-08
-1.22125e-10
-3.33067e-12
0
3.33067e-12
2.22045e-12
1.90958e-10
2.57083e-08
3.97058e-06
0.000513488
0.0532697
4.1587
217.599
5778.19
-5778.19
-217.599
-4.1587
-0.0532697
-0.000513488
-3.97062e-06
-2.57139e-08
-1.83187e-10
5.55112e-12
-4.44089e-12
-1.11022e-12
0
1.77636e-10
2.55829e-08
3.97045e-06
0.000513488
0.0532697
4.1587
217.599
5778.19
-5778.19
-217.599
-4.1587
-0.0532697
-0.000513488
-3.97051e-06
-2.57228e-08
-1.62093e-10
0
0
-3.33067e-12
2.22045e-12
1.46549e-10
2.57083e-08
3.97063e-06
0.000513488
0.0532697
4.1587
217.599
5778.19
-5778.19
-217.599
-4.1587
-0.0532697
-0.000513488
-3.97052e-06
-2.5614e-08
-1.74305e-10
-3.33067e-12
0
0
2.22045e-12
1.55431e-10
2.57083e-08
3.97062e-06
0.000513488
0.0532697
4.1587
217.599
5778.19
-5778.19
-217.599
-4.1587
-0.0532697
-0.000513488
-3.97052e-06
-2.57006e-08
-1.4877e-10
0
-1.11022e-12
0
0
1.66533e-10
2.56084e-08
3.97048e-06
0.000513488
0.0532697
4.1587
217.599
5778.19
-5778.19
-217.599
-4.1587
-0.0532697
-0.000513488
-3.97062e-06
-2.56872e-08
-1.95399e-10
-3.33067e-12
0
1.11022e-12
0
1.17684e-10
2.56062e-08
3.97059e-06
0.000513488
0.0532697
4.1587
217.599
5778.19
-5778.19
-217.599
-4.1587
-0.0532697
-0.000513488
-3.9706e-06
-2.57128e-08
-1.60982e-10
0
-3.33067e-12
0
0
1.67644e-10
2.55829e-08
3.97046e-06
0.000513488
0.0532697
4.1587
217.599
5778.19
-5778.19
-217.599
-4.1587
-0.0532697
-0.000513488
-3.97062e-06
-2.56861e-08
-1.95399e-10
-4.44089e-12
1.11022e-12
0
0
1.74305e-10
2.56528e-08
3.97054e-06
0.000513488
0.0532697
4.1587
217.599
5778.19
-5778.19
-217.599
-4.1587
-0.0532697
-0.000513488
-3.97061e-06
-2.57117e-08
-1.64313e-10
2.22045e-12
-3.33067e-12
-2.22045e-12
0
1.67644e-10
2.55829e-08
3.97046e-06
0.000513488
0.0532697
4.1587
217.599
5778.19
-5778.19
-217.599
-4.1587
-0.0532697
-0.000513488
-3.97052e-06
-2.57139e-08
-1.46549e-10
0
-3.33067e-12
0
0
1.52101e-10
2.5584e-08
3.97047e-06
0.000513488
0.0532697
4.1587
217.599
5778.19
-5778.19
-217.599
-4.1587
-0.0532697
-0.000513488
-3.9706e-06
-2.57427e-08
-1.77636e-10
0
0
3.33067e-12
1.11022e-12
1.16573e-10
2.56495e-08
3.97062e-06
0.000513488
0.0532697
4.1587
217.599
5778.19
-5778.19
-217.599
-4.1587
-0.0532697
-0.000513488
-3.97059e-06
-2.57028e-08
-1.63203e-10
0
-1.11022e-12
0
0
1.67644e-10
2.55873e-08
3.97063e-06
0.000513488
0.0532697
4.1587
217.599
5778.19
-5778.19
-217.599
-4.1587
-0.0532697
-0.000513488
-3.97052e-06
-2.57383e-08
-1.56541e-10
-2.22045e-12
1.11022e-12
1.11022e-12
0
1.16573e-10
2.56573e-08
3.9706e-06
0.000513488
0.0532697
4.1587
217.599
5778.19
-5778.19
-217.599
-4.1587
-0.0532697
-0.000513489
-3.97063e-06
-2.57905e-08
-1.24345e-10
0
-1.9984e-11
1.11022e-12
-2.22045e-12
2.81997e-10
2.56328e-08
3.97039e-06
0.000513488
0.0532697
4.1587
217.599
5778.19
)
;
    }
}


// ************************************************************************* //
