/*--------------------------------*- C++ -*----------------------------------*\
  =========                 |
  \\      /  F ield         | OpenFOAM: The Open Source CFD Toolbox
   \\    /   O peration     | Website:  https://openfoam.org
    \\  /    A nd           | Version:  8
     \\/     M anipulation  |
\*---------------------------------------------------------------------------*/
FoamFile
{
    version     2.0;
    format      ascii;
    class       volScalarField;
    location    "2.4";
    object      gradTx;
}
// * * * * * * * * * * * * * * * * * * * * * * * * * * * * * * * * * * * * * //

dimensions      [0 -1 0 1 0 0 0];

internalField   nonuniform List<scalar> 
400
(
-2.49689e-08
-2.52998e-08
-5.19584e-10
-1.25455e-10
6.66134e-11
1.05471e-10
1.39888e-10
-5.55112e-12
-6.77236e-11
-4.32987e-11
-1.27676e-10
1.33227e-11
0
-7.88258e-11
1.06581e-10
-2.10942e-11
4.44089e-12
6.06182e-10
2.49567e-08
2.44393e-08
-6.02851e-10
-6.28386e-10
-1.45439e-10
-6.66134e-12
6.21725e-11
5.10703e-11
4.44089e-12
-9.88098e-11
9.65894e-11
5.66214e-11
-1.4877e-10
2.22045e-11
1.16573e-10
-8.43769e-11
-7.54952e-11
-4.21885e-11
3.78586e-10
2.49967e-08
1.31466e-06
1.29008e-06
-4.44089e-11
-9.99201e-12
-1.22125e-11
-7.21645e-11
1.23235e-10
7.32747e-11
-3.33067e-11
0
-2.88658e-11
3.66374e-11
-7.66054e-11
1.44329e-11
0
-1.63203e-10
1.09912e-10
7.88258e-11
-9.99201e-12
1.06914e-09
5.08704e-08
4.98745e-08
2.44249e-11
2.22045e-12
-7.43849e-11
3.88578e-11
5.10703e-11
-1.0103e-10
1.19904e-10
7.32747e-11
-1.88738e-11
1.23235e-10
-1.03251e-10
-9.76996e-11
0
7.66054e-11
1.21014e-10
9.99201e-12
1.11022e-12
-1.05471e-10
8.64864e-10
9.67004e-10
-4.55191e-11
-2.88658e-11
-8.88178e-12
-7.88258e-11
2.22045e-12
1.12133e-10
1.34337e-10
-6.99441e-11
-1.11022e-10
1.11022e-12
1.17684e-10
9.21485e-11
0
1.44329e-11
-1.4766e-10
5.55112e-12
7.99361e-11
-1.03251e-10
2.9976e-11
1.03251e-10
-3.88578e-11
4.88498e-11
1.11022e-12
-6.32827e-11
2.22045e-11
6.55032e-11
5.21805e-11
-2.22045e-12
-9.65894e-11
-2.77556e-11
7.54952e-11
1.33227e-11
0
0
2.10942e-11
2.9976e-11
-9.99201e-12
0
8.65974e-11
4.66294e-11
-1.9984e-11
-2.22045e-11
-7.54952e-11
-2.44249e-11
6.21725e-11
-2.9976e-11
2.33147e-11
3.9968e-11
-9.99201e-12
-1.22125e-11
1.77636e-11
1.33227e-11
0
2.22045e-12
-4.32987e-11
9.99201e-12
1.33227e-11
-1.9984e-11
-1.88738e-11
-7.77156e-12
-3.10862e-11
-3.33067e-11
-4.44089e-12
0
3.33067e-12
0
-3.33067e-12
0
3.33067e-12
-3.33067e-12
0
0
1.11022e-12
0
-4.44089e-12
0
1.11022e-12
3.33067e-12
0
-4.44089e-12
-1.44329e-11
-1.66533e-11
-2.22045e-12
-1.11022e-12
4.44089e-12
1.11022e-12
-1.11022e-12
0
-2.22045e-12
0
-1.11022e-12
2.22045e-12
0
0
3.33067e-12
-3.33067e-12
-2.22045e-12
0
2.10942e-11
2.33147e-11
1.11022e-12
0
0
1.11022e-12
2.22045e-12
-1.11022e-12
2.22045e-12
3.33067e-12
-4.44089e-12
-3.33067e-12
0
0
0
2.22045e-12
0
-2.22045e-12
0
2.22045e-12
0
-2.22045e-12
0
-1.11022e-12
2.22045e-12
0
-3.33067e-12
0
-1.11022e-12
0
1.11022e-12
-1.11022e-12
-1.11022e-12
0
1.11022e-12
0
-1.11022e-12
0
0
1.11022e-12
2.22045e-12
1.11022e-12
0
0
4.44089e-12
4.44089e-12
-4.44089e-12
0
2.22045e-12
-3.33067e-12
-3.33067e-12
0
1.11022e-12
0
-1.11022e-12
0
0
3.33067e-12
0
0
1.11022e-12
-2.22045e-12
2.22045e-12
3.33067e-12
-2.22045e-12
0
3.33067e-12
0
-3.33067e-12
0
3.33067e-12
-3.33067e-12
-3.33067e-12
0
1.11022e-12
0
-1.11022e-12
1.11022e-12
0
0
0
-1.11022e-12
-9.99201e-12
-2.77556e-11
2.77556e-11
7.77156e-11
0
0
1.66533e-11
-4.88498e-11
-2.33147e-11
1.88738e-11
-3.77476e-11
0
5.66214e-11
0
-2.22045e-11
-4.77396e-11
1.44329e-11
0
1.17684e-10
1.63203e-10
-4.10783e-11
4.10783e-11
8.88178e-11
2.22045e-12
-5.55112e-12
-1.11022e-12
-1.29896e-10
0
1.27676e-10
-1.03251e-10
-1.03251e-10
-2.44249e-11
4.66294e-11
0
-7.10543e-11
6.88338e-11
4.44089e-12
5.55112e-12
4.44089e-11
-2.66454e-11
-6.55032e-11
-1.66533e-11
7.77156e-11
0
-2.77556e-11
-4.44089e-12
-1.52101e-10
0
1.4988e-10
-1.34337e-10
-6.43929e-11
-1.44329e-11
-2.22045e-12
-1.11022e-12
-8.43769e-11
1.12133e-10
1.72085e-10
-1.9984e-11
-1.27676e-10
-4.77396e-11
-1.03806e-09
-1.05138e-09
5.44009e-11
-1.9984e-11
9.4369e-11
-8.88178e-12
-1.67644e-10
7.10543e-11
1.13243e-10
5.77316e-11
5.32907e-11
-1.11022e-12
-1.75415e-10
-1.11022e-12
6.10623e-11
-1.19904e-10
5.32907e-11
0
-6.88338e-11
4.996e-11
-4.99956e-08
-5.09337e-08
-8.84848e-10
-7.77156e-12
-5.21805e-11
1.11022e-12
6.32827e-11
5.55112e-12
-6.21725e-11
-1.32117e-10
-5.10703e-11
1.96509e-10
8.88178e-12
0
-9.10383e-11
-8.54872e-11
1.24345e-10
-1.77636e-11
1.32117e-10
1.63203e-10
-1.29021e-06
-1.31471e-06
-2.48013e-08
-3.74145e-10
-5.21805e-11
0
1.58762e-10
1.60982e-10
-4.32987e-11
-6.77236e-11
5.10703e-11
0
-1.60982e-10
-1.11022e-12
5.21805e-11
-9.10383e-11
1.55431e-11
5.55112e-12
8.06022e-10
8.90399e-10
-2.43938e-08
-2.48823e-08
-6.78346e-10
-2.22045e-12
6.66134e-11
-1.11022e-12
-5.88418e-11
-1.24345e-10
1.79856e-10
-3.44169e-11
-5.77316e-11
-1.77636e-11
6.88338e-11
-4.44089e-12
-1.9873e-10
1.33227e-11
1.22125e-11
5.01821e-10
2.53308e-08
2.4819e-08
)
;

boundaryField
{
    front
    {
        type            calculated;
        value           nonuniform List<scalar> 
20
(
-2.49689e-08
-2.52998e-08
-5.19584e-10
-1.25455e-10
6.66134e-11
1.05471e-10
1.39888e-10
-5.55112e-12
-6.77236e-11
-4.32987e-11
-1.27676e-10
1.33227e-11
0
-7.88258e-11
1.06581e-10
-2.10942e-11
4.44089e-12
6.06182e-10
2.49567e-08
2.44393e-08
)
;
    }
    back
    {
        type            calculated;
        value           nonuniform List<scalar> 
20
(
-2.43938e-08
-2.48823e-08
-6.78346e-10
-2.22045e-12
6.66134e-11
-1.11022e-12
-5.88418e-11
-1.24345e-10
1.79856e-10
-3.44169e-11
-5.77316e-11
-1.77636e-11
6.88338e-11
-4.44089e-12
-1.9873e-10
1.33227e-11
1.22125e-11
5.01821e-10
2.53308e-08
2.4819e-08
)
;
    }
    left
    {
        type            calculated;
        value           uniform 0;
    }
    right
    {
        type            calculated;
        value           uniform 0;
    }
    top
    {
        type            calculated;
        value           nonuniform List<scalar> 
400
(
-2.49689e-08
-6.02851e-10
-4.44089e-11
2.44249e-11
-4.55191e-11
-3.88578e-11
-1.9984e-11
-3.10862e-11
-1.44329e-11
1.11022e-12
0
0
2.22045e-12
-9.99201e-12
-4.10783e-11
-6.55032e-11
-1.03806e-09
-4.99956e-08
-1.29021e-06
-2.43938e-08
-2.52998e-08
-6.28386e-10
-9.99201e-12
2.22045e-12
-2.88658e-11
4.88498e-11
-2.22045e-11
-3.33067e-11
-1.66533e-11
0
-1.11022e-12
0
3.33067e-12
-2.77556e-11
4.10783e-11
-1.66533e-11
-1.05138e-09
-5.09337e-08
-1.31471e-06
-2.48823e-08
-5.19584e-10
-1.45439e-10
-1.22125e-11
-7.43849e-11
-8.88178e-12
1.11022e-12
-7.54952e-11
-4.44089e-12
-2.22045e-12
0
2.22045e-12
4.44089e-12
-2.22045e-12
2.77556e-11
8.88178e-11
7.77156e-11
5.44009e-11
-8.84848e-10
-2.48013e-08
-6.78346e-10
-1.25455e-10
-6.66134e-12
-7.21645e-11
3.88578e-11
-7.88258e-11
-6.32827e-11
-2.44249e-11
0
-1.11022e-12
1.11022e-12
0
4.44089e-12
0
7.77156e-11
2.22045e-12
0
-1.9984e-11
-7.77156e-12
-3.74145e-10
-2.22045e-12
6.66134e-11
6.21725e-11
1.23235e-10
5.10703e-11
2.22045e-12
2.22045e-11
6.21725e-11
3.33067e-12
4.44089e-12
2.22045e-12
-3.33067e-12
-4.44089e-12
3.33067e-12
0
-5.55112e-12
-2.77556e-11
9.4369e-11
-5.21805e-11
-5.21805e-11
6.66134e-11
1.05471e-10
5.10703e-11
7.32747e-11
-1.0103e-10
1.12133e-10
6.55032e-11
-2.9976e-11
0
1.11022e-12
-1.11022e-12
0
0
0
0
-1.11022e-12
-4.44089e-12
-8.88178e-12
1.11022e-12
0
-1.11022e-12
1.39888e-10
4.44089e-12
-3.33067e-11
1.19904e-10
1.34337e-10
5.21805e-11
2.33147e-11
-3.33067e-12
-1.11022e-12
2.22045e-12
-1.11022e-12
2.22045e-12
-3.33067e-12
1.66533e-11
-1.29896e-10
-1.52101e-10
-1.67644e-10
6.32827e-11
1.58762e-10
-5.88418e-11
-5.55112e-12
-9.88098e-11
0
7.32747e-11
-6.99441e-11
-2.22045e-12
3.9968e-11
0
0
3.33067e-12
0
-3.33067e-12
0
-4.88498e-11
0
0
7.10543e-11
5.55112e-12
1.60982e-10
-1.24345e-10
-6.77236e-11
9.65894e-11
-2.88658e-11
-1.88738e-11
-1.11022e-10
-9.65894e-11
-9.99201e-12
3.33067e-12
-2.22045e-12
-4.44089e-12
1.11022e-12
-3.33067e-12
3.33067e-12
-2.33147e-11
1.27676e-10
1.4988e-10
1.13243e-10
-6.21725e-11
-4.32987e-11
1.79856e-10
-4.32987e-11
5.66214e-11
3.66374e-11
1.23235e-10
1.11022e-12
-2.77556e-11
-1.22125e-11
-3.33067e-12
0
-3.33067e-12
-1.11022e-12
0
-3.33067e-12
1.88738e-11
-1.03251e-10
-1.34337e-10
5.77316e-11
-1.32117e-10
-6.77236e-11
-3.44169e-11
-1.27676e-10
-1.4877e-10
-7.66054e-11
-1.03251e-10
1.17684e-10
7.54952e-11
1.77636e-11
0
-1.11022e-12
0
-1.11022e-12
1.11022e-12
-3.33067e-12
-3.77476e-11
-1.03251e-10
-6.43929e-11
5.32907e-11
-5.10703e-11
5.10703e-11
-5.77316e-11
1.33227e-11
2.22045e-11
1.44329e-11
-9.76996e-11
9.21485e-11
1.33227e-11
1.33227e-11
0
2.22045e-12
0
0
0
0
0
-2.44249e-11
-1.44329e-11
-1.11022e-12
1.96509e-10
0
-1.77636e-11
0
1.16573e-10
0
0
0
0
0
1.11022e-12
0
0
1.11022e-12
-1.11022e-12
1.11022e-12
5.66214e-11
4.66294e-11
-2.22045e-12
-1.75415e-10
8.88178e-12
-1.60982e-10
6.88338e-11
-7.88258e-11
-8.43769e-11
-1.63203e-10
7.66054e-11
1.44329e-11
0
2.22045e-12
0
0
2.22045e-12
0
0
0
0
0
-1.11022e-12
-1.11022e-12
0
-1.11022e-12
-4.44089e-12
1.06581e-10
-7.54952e-11
1.09912e-10
1.21014e-10
-1.4766e-10
2.10942e-11
-4.32987e-11
-4.44089e-12
3.33067e-12
0
-1.11022e-12
0
-1.11022e-12
-2.22045e-11
-7.10543e-11
-8.43769e-11
6.10623e-11
-9.10383e-11
5.21805e-11
-1.9873e-10
-2.10942e-11
-4.21885e-11
7.88258e-11
9.99201e-12
5.55112e-12
2.9976e-11
9.99201e-12
0
-3.33067e-12
-2.22045e-12
0
3.33067e-12
1.11022e-12
-4.77396e-11
6.88338e-11
1.12133e-10
-1.19904e-10
-8.54872e-11
-9.10383e-11
1.33227e-11
4.44089e-12
3.78586e-10
-9.99201e-12
1.11022e-12
7.99361e-11
-9.99201e-12
1.33227e-11
1.11022e-12
-2.22045e-12
0
0
0
0
1.44329e-11
4.44089e-12
1.72085e-10
5.32907e-11
1.24345e-10
1.55431e-11
1.22125e-11
6.06182e-10
2.49967e-08
1.06914e-09
-1.05471e-10
-1.03251e-10
0
-1.9984e-11
3.33067e-12
0
2.22045e-12
1.11022e-12
0
0
0
5.55112e-12
-1.9984e-11
0
-1.77636e-11
5.55112e-12
5.01821e-10
2.49567e-08
1.31466e-06
5.08704e-08
8.64864e-10
2.9976e-11
8.65974e-11
-1.88738e-11
0
2.10942e-11
0
2.22045e-12
1.11022e-12
0
1.17684e-10
4.44089e-11
-1.27676e-10
-6.88338e-11
1.32117e-10
8.06022e-10
2.53308e-08
2.44393e-08
1.29008e-06
4.98745e-08
9.67004e-10
1.03251e-10
4.66294e-11
-7.77156e-12
-4.44089e-12
2.33147e-11
-2.22045e-12
1.11022e-12
-2.22045e-12
-1.11022e-12
1.63203e-10
-2.66454e-11
-4.77396e-11
4.996e-11
1.63203e-10
8.90399e-10
2.4819e-08
)
;
    }
    bottom
    {
        type            calculated;
        value           nonuniform List<scalar> 
400
(
-2.49689e-08
-6.02851e-10
-4.44089e-11
2.44249e-11
-4.55191e-11
-3.88578e-11
-1.9984e-11
-3.10862e-11
-1.44329e-11
1.11022e-12
0
0
2.22045e-12
-9.99201e-12
-4.10783e-11
-6.55032e-11
-1.03806e-09
-4.99956e-08
-1.29021e-06
-2.43938e-08
-2.52998e-08
-6.28386e-10
-9.99201e-12
2.22045e-12
-2.88658e-11
4.88498e-11
-2.22045e-11
-3.33067e-11
-1.66533e-11
0
-1.11022e-12
0
3.33067e-12
-2.77556e-11
4.10783e-11
-1.66533e-11
-1.05138e-09
-5.09337e-08
-1.31471e-06
-2.48823e-08
-5.19584e-10
-1.45439e-10
-1.22125e-11
-7.43849e-11
-8.88178e-12
1.11022e-12
-7.54952e-11
-4.44089e-12
-2.22045e-12
0
2.22045e-12
4.44089e-12
-2.22045e-12
2.77556e-11
8.88178e-11
7.77156e-11
5.44009e-11
-8.84848e-10
-2.48013e-08
-6.78346e-10
-1.25455e-10
-6.66134e-12
-7.21645e-11
3.88578e-11
-7.88258e-11
-6.32827e-11
-2.44249e-11
0
-1.11022e-12
1.11022e-12
0
4.44089e-12
0
7.77156e-11
2.22045e-12
0
-1.9984e-11
-7.77156e-12
-3.74145e-10
-2.22045e-12
6.66134e-11
6.21725e-11
1.23235e-10
5.10703e-11
2.22045e-12
2.22045e-11
6.21725e-11
3.33067e-12
4.44089e-12
2.22045e-12
-3.33067e-12
-4.44089e-12
3.33067e-12
0
-5.55112e-12
-2.77556e-11
9.4369e-11
-5.21805e-11
-5.21805e-11
6.66134e-11
1.05471e-10
5.10703e-11
7.32747e-11
-1.0103e-10
1.12133e-10
6.55032e-11
-2.9976e-11
0
1.11022e-12
-1.11022e-12
0
0
0
0
-1.11022e-12
-4.44089e-12
-8.88178e-12
1.11022e-12
0
-1.11022e-12
1.39888e-10
4.44089e-12
-3.33067e-11
1.19904e-10
1.34337e-10
5.21805e-11
2.33147e-11
-3.33067e-12
-1.11022e-12
2.22045e-12
-1.11022e-12
2.22045e-12
-3.33067e-12
1.66533e-11
-1.29896e-10
-1.52101e-10
-1.67644e-10
6.32827e-11
1.58762e-10
-5.88418e-11
-5.55112e-12
-9.88098e-11
0
7.32747e-11
-6.99441e-11
-2.22045e-12
3.9968e-11
0
0
3.33067e-12
0
-3.33067e-12
0
-4.88498e-11
0
0
7.10543e-11
5.55112e-12
1.60982e-10
-1.24345e-10
-6.77236e-11
9.65894e-11
-2.88658e-11
-1.88738e-11
-1.11022e-10
-9.65894e-11
-9.99201e-12
3.33067e-12
-2.22045e-12
-4.44089e-12
1.11022e-12
-3.33067e-12
3.33067e-12
-2.33147e-11
1.27676e-10
1.4988e-10
1.13243e-10
-6.21725e-11
-4.32987e-11
1.79856e-10
-4.32987e-11
5.66214e-11
3.66374e-11
1.23235e-10
1.11022e-12
-2.77556e-11
-1.22125e-11
-3.33067e-12
0
-3.33067e-12
-1.11022e-12
0
-3.33067e-12
1.88738e-11
-1.03251e-10
-1.34337e-10
5.77316e-11
-1.32117e-10
-6.77236e-11
-3.44169e-11
-1.27676e-10
-1.4877e-10
-7.66054e-11
-1.03251e-10
1.17684e-10
7.54952e-11
1.77636e-11
0
-1.11022e-12
0
-1.11022e-12
1.11022e-12
-3.33067e-12
-3.77476e-11
-1.03251e-10
-6.43929e-11
5.32907e-11
-5.10703e-11
5.10703e-11
-5.77316e-11
1.33227e-11
2.22045e-11
1.44329e-11
-9.76996e-11
9.21485e-11
1.33227e-11
1.33227e-11
0
2.22045e-12
0
0
0
0
0
-2.44249e-11
-1.44329e-11
-1.11022e-12
1.96509e-10
0
-1.77636e-11
0
1.16573e-10
0
0
0
0
0
1.11022e-12
0
0
1.11022e-12
-1.11022e-12
1.11022e-12
5.66214e-11
4.66294e-11
-2.22045e-12
-1.75415e-10
8.88178e-12
-1.60982e-10
6.88338e-11
-7.88258e-11
-8.43769e-11
-1.63203e-10
7.66054e-11
1.44329e-11
0
2.22045e-12
0
0
2.22045e-12
0
0
0
0
0
-1.11022e-12
-1.11022e-12
0
-1.11022e-12
-4.44089e-12
1.06581e-10
-7.54952e-11
1.09912e-10
1.21014e-10
-1.4766e-10
2.10942e-11
-4.32987e-11
-4.44089e-12
3.33067e-12
0
-1.11022e-12
0
-1.11022e-12
-2.22045e-11
-7.10543e-11
-8.43769e-11
6.10623e-11
-9.10383e-11
5.21805e-11
-1.9873e-10
-2.10942e-11
-4.21885e-11
7.88258e-11
9.99201e-12
5.55112e-12
2.9976e-11
9.99201e-12
0
-3.33067e-12
-2.22045e-12
0
3.33067e-12
1.11022e-12
-4.77396e-11
6.88338e-11
1.12133e-10
-1.19904e-10
-8.54872e-11
-9.10383e-11
1.33227e-11
4.44089e-12
3.78586e-10
-9.99201e-12
1.11022e-12
7.99361e-11
-9.99201e-12
1.33227e-11
1.11022e-12
-2.22045e-12
0
0
0
0
1.44329e-11
4.44089e-12
1.72085e-10
5.32907e-11
1.24345e-10
1.55431e-11
1.22125e-11
6.06182e-10
2.49967e-08
1.06914e-09
-1.05471e-10
-1.03251e-10
0
-1.9984e-11
3.33067e-12
0
2.22045e-12
1.11022e-12
0
0
0
5.55112e-12
-1.9984e-11
0
-1.77636e-11
5.55112e-12
5.01821e-10
2.49567e-08
1.31466e-06
5.08704e-08
8.64864e-10
2.9976e-11
8.65974e-11
-1.88738e-11
0
2.10942e-11
0
2.22045e-12
1.11022e-12
0
1.17684e-10
4.44089e-11
-1.27676e-10
-6.88338e-11
1.32117e-10
8.06022e-10
2.53308e-08
2.44393e-08
1.29008e-06
4.98745e-08
9.67004e-10
1.03251e-10
4.66294e-11
-7.77156e-12
-4.44089e-12
2.33147e-11
-2.22045e-12
1.11022e-12
-2.22045e-12
-1.11022e-12
1.63203e-10
-2.66454e-11
-4.77396e-11
4.996e-11
1.63203e-10
8.90399e-10
2.4819e-08
)
;
    }
}


// ************************************************************************* //
