/*--------------------------------*- C++ -*----------------------------------*\
  =========                 |
  \\      /  F ield         | OpenFOAM: The Open Source CFD Toolbox
   \\    /   O peration     | Website:  https://openfoam.org
    \\  /    A nd           | Version:  8
     \\/     M anipulation  |
\*---------------------------------------------------------------------------*/
FoamFile
{
    version     2.0;
    format      ascii;
    class       volScalarField;
    location    "2";
    object      gradTy;
}
// * * * * * * * * * * * * * * * * * * * * * * * * * * * * * * * * * * * * * //

dimensions      [0 -1 0 1 0 0 0];

internalField   nonuniform List<scalar> 
400
(
-5814
-5814
-5814
-5814
-5814
-5814
-5814
-5814
-5814
-5814
-5814
-5814
-5814
-5814
-5814
-5814
-5814
-5814
-5814
-5814
-183.051
-183.051
-183.051
-183.051
-183.051
-183.051
-183.051
-183.051
-183.051
-183.051
-183.051
-183.051
-183.051
-183.051
-183.051
-183.051
-183.051
-183.051
-183.051
-183.051
-2.9198
-2.9198
-2.9198
-2.9198
-2.9198
-2.9198
-2.9198
-2.9198
-2.9198
-2.9198
-2.9198
-2.9198
-2.9198
-2.9198
-2.9198
-2.9198
-2.9198
-2.9198
-2.9198
-2.9198
-0.0312103
-0.0312103
-0.0312103
-0.0312103
-0.0312103
-0.0312103
-0.0312103
-0.0312103
-0.0312103
-0.0312103
-0.0312103
-0.0312103
-0.0312103
-0.0312103
-0.0312103
-0.0312103
-0.0312103
-0.0312103
-0.0312103
-0.0312103
-0.000251103
-0.000251103
-0.000251103
-0.000251103
-0.000251103
-0.000251103
-0.000251103
-0.000251103
-0.000251103
-0.000251103
-0.000251103
-0.000251103
-0.000251103
-0.000251103
-0.000251103
-0.000251103
-0.000251103
-0.000251103
-0.000251103
-0.000251104
-1.62108e-06
-1.62105e-06
-1.62107e-06
-1.6211e-06
-1.62102e-06
-1.62106e-06
-1.62113e-06
-1.62116e-06
-1.62105e-06
-1.62107e-06
-1.62106e-06
-1.62116e-06
-1.62112e-06
-1.62116e-06
-1.62114e-06
-1.62106e-06
-1.62114e-06
-1.62111e-06
-1.62106e-06
-1.62114e-06
-8.7319e-09
-8.73301e-09
-8.80407e-09
-8.73857e-09
-8.75744e-09
-8.75411e-09
-8.80518e-09
-8.79519e-09
-8.80518e-09
-8.71414e-09
-8.78742e-09
-8.77409e-09
-8.7963e-09
-8.77298e-09
-8.7963e-09
-8.7963e-09
-8.81628e-09
-8.78853e-09
-8.81295e-09
-8.86069e-09
-5.77316e-11
-5.55112e-11
-5.88418e-11
-3.33067e-12
-4.44089e-11
-4.32987e-11
-2.10942e-11
-5.88418e-11
-4.88498e-11
-5.66214e-11
-3.9968e-11
-6.55032e-11
-4.55191e-11
-6.55032e-11
-4.88498e-11
-3.77476e-11
-5.77316e-11
-4.77396e-11
-4.44089e-11
-2.22045e-11
-3.55271e-11
-5.55112e-12
-3.33067e-12
0
-1.11022e-12
-1.11022e-12
-3.33067e-12
5.55112e-12
0
-3.33067e-12
0
-3.33067e-12
0
-4.44089e-12
2.22045e-12
0
0
0
-2.22045e-12
0
-1.55431e-11
0
0
4.44089e-12
0
-3.33067e-12
0
-4.44089e-12
0
0
-1.11022e-12
0
-3.33067e-12
1.11022e-12
-3.33067e-12
-3.33067e-12
0
-1.11022e-12
1.11022e-12
-1.9984e-11
0
0
0
4.44089e-12
2.22045e-12
-1.11022e-12
3.33067e-12
-1.11022e-12
-3.33067e-12
0
0
1.11022e-12
0
0
-2.22045e-12
0
3.33067e-12
0
1.11022e-12
1.11022e-12
-2.22045e-12
0
2.22045e-12
-4.44089e-12
2.22045e-12
2.22045e-12
2.22045e-12
0
2.22045e-12
2.22045e-12
0
0
0
0
0
0
1.11022e-12
0
0
-2.22045e-12
4.32987e-11
3.66374e-11
1.77636e-11
4.77396e-11
6.10623e-11
4.88498e-11
6.10623e-11
5.55112e-11
4.10783e-11
4.44089e-11
5.32907e-11
2.22045e-11
5.21805e-11
5.88418e-11
5.21805e-11
4.32987e-11
1.9984e-11
5.21805e-11
1.9984e-11
1.5099e-10
8.76077e-09
8.72413e-09
8.79186e-09
8.79963e-09
8.79297e-09
8.79075e-09
8.79297e-09
8.69194e-09
8.79075e-09
8.79186e-09
8.71525e-09
8.71525e-09
8.69305e-09
8.74856e-09
8.69305e-09
8.69194e-09
8.74967e-09
8.69638e-09
8.74967e-09
8.7319e-09
1.62115e-06
1.62111e-06
1.62117e-06
1.62116e-06
1.62112e-06
1.62114e-06
1.62112e-06
1.621e-06
1.62115e-06
1.62114e-06
1.62102e-06
1.62111e-06
1.62101e-06
1.62108e-06
1.62101e-06
1.62102e-06
1.62113e-06
1.62115e-06
1.62112e-06
1.62095e-06
0.000251104
0.000251103
0.000251103
0.000251103
0.000251103
0.000251103
0.000251103
0.000251103
0.000251103
0.000251103
0.000251103
0.000251103
0.000251103
0.000251103
0.000251103
0.000251103
0.000251103
0.000251103
0.000251103
0.000251103
0.0312103
0.0312103
0.0312103
0.0312103
0.0312103
0.0312103
0.0312103
0.0312103
0.0312103
0.0312103
0.0312103
0.0312103
0.0312103
0.0312103
0.0312103
0.0312103
0.0312103
0.0312103
0.0312103
0.0312103
2.9198
2.9198
2.9198
2.9198
2.9198
2.9198
2.9198
2.9198
2.9198
2.9198
2.9198
2.9198
2.9198
2.9198
2.9198
2.9198
2.9198
2.9198
2.9198
2.9198
183.051
183.051
183.051
183.051
183.051
183.051
183.051
183.051
183.051
183.051
183.051
183.051
183.051
183.051
183.051
183.051
183.051
183.051
183.051
183.051
5814
5814
5814
5814
5814
5814
5814
5814
5814
5814
5814
5814
5814
5814
5814
5814
5814
5814
5814
5814
)
;

boundaryField
{
    front
    {
        type            calculated;
        value           nonuniform List<scalar> 
20
(
-11267.7
-11267.7
-11267.7
-11267.7
-11267.7
-11267.7
-11267.7
-11267.7
-11267.7
-11267.7
-11267.7
-11267.7
-11267.7
-11267.7
-11267.7
-11267.7
-11267.7
-11267.7
-11267.7
-11267.7
)
;
    }
    back
    {
        type            calculated;
        value           nonuniform List<scalar> 
20
(
11267.7
11267.7
11267.7
11267.7
11267.7
11267.7
11267.7
11267.7
11267.7
11267.7
11267.7
11267.7
11267.7
11267.7
11267.7
11267.7
11267.7
11267.7
11267.7
11267.7
)
;
    }
    left
    {
        type            calculated;
        value           nonuniform List<scalar> 
20
(
-5814
-183.051
-2.9198
-0.0312103
-0.000251103
-1.62108e-06
-8.7319e-09
-5.77316e-11
-3.55271e-11
-1.55431e-11
0
-2.22045e-12
4.32987e-11
8.76077e-09
1.62115e-06
0.000251104
0.0312103
2.9198
183.051
5814
)
;
    }
    right
    {
        type            calculated;
        value           nonuniform List<scalar> 
20
(
-5814
-183.051
-2.9198
-0.0312103
-0.000251104
-1.62114e-06
-8.86069e-09
-2.22045e-11
0
-1.9984e-11
1.11022e-12
-2.22045e-12
1.5099e-10
8.7319e-09
1.62095e-06
0.000251103
0.0312103
2.9198
183.051
5814
)
;
    }
    top
    {
        type            calculated;
        value           nonuniform List<scalar> 
400
(
-5814
-183.051
-2.9198
-0.0312103
-0.000251103
-1.62108e-06
-8.7319e-09
-5.77316e-11
-3.55271e-11
-1.55431e-11
0
-2.22045e-12
4.32987e-11
8.76077e-09
1.62115e-06
0.000251104
0.0312103
2.9198
183.051
5814
-5814
-183.051
-2.9198
-0.0312103
-0.000251103
-1.62105e-06
-8.73301e-09
-5.55112e-11
-5.55112e-12
0
0
0
3.66374e-11
8.72413e-09
1.62111e-06
0.000251103
0.0312103
2.9198
183.051
5814
-5814
-183.051
-2.9198
-0.0312103
-0.000251103
-1.62107e-06
-8.80407e-09
-5.88418e-11
-3.33067e-12
0
0
2.22045e-12
1.77636e-11
8.79186e-09
1.62117e-06
0.000251103
0.0312103
2.9198
183.051
5814
-5814
-183.051
-2.9198
-0.0312103
-0.000251103
-1.6211e-06
-8.73857e-09
-3.33067e-12
0
4.44089e-12
4.44089e-12
-4.44089e-12
4.77396e-11
8.79963e-09
1.62116e-06
0.000251103
0.0312103
2.9198
183.051
5814
-5814
-183.051
-2.9198
-0.0312103
-0.000251103
-1.62102e-06
-8.75744e-09
-4.44089e-11
-1.11022e-12
0
2.22045e-12
2.22045e-12
6.10623e-11
8.79297e-09
1.62112e-06
0.000251103
0.0312103
2.9198
183.051
5814
-5814
-183.051
-2.9198
-0.0312103
-0.000251103
-1.62106e-06
-8.75411e-09
-4.32987e-11
-1.11022e-12
-3.33067e-12
-1.11022e-12
2.22045e-12
4.88498e-11
8.79075e-09
1.62114e-06
0.000251103
0.0312103
2.9198
183.051
5814
-5814
-183.051
-2.9198
-0.0312103
-0.000251103
-1.62113e-06
-8.80518e-09
-2.10942e-11
-3.33067e-12
0
3.33067e-12
2.22045e-12
6.10623e-11
8.79297e-09
1.62112e-06
0.000251103
0.0312103
2.9198
183.051
5814
-5814
-183.051
-2.9198
-0.0312103
-0.000251103
-1.62116e-06
-8.79519e-09
-5.88418e-11
5.55112e-12
-4.44089e-12
-1.11022e-12
0
5.55112e-11
8.69194e-09
1.621e-06
0.000251103
0.0312103
2.9198
183.051
5814
-5814
-183.051
-2.9198
-0.0312103
-0.000251103
-1.62105e-06
-8.80518e-09
-4.88498e-11
0
0
-3.33067e-12
2.22045e-12
4.10783e-11
8.79075e-09
1.62115e-06
0.000251103
0.0312103
2.9198
183.051
5814
-5814
-183.051
-2.9198
-0.0312103
-0.000251103
-1.62107e-06
-8.71414e-09
-5.66214e-11
-3.33067e-12
0
0
2.22045e-12
4.44089e-11
8.79186e-09
1.62114e-06
0.000251103
0.0312103
2.9198
183.051
5814
-5814
-183.051
-2.9198
-0.0312103
-0.000251103
-1.62106e-06
-8.78742e-09
-3.9968e-11
0
-1.11022e-12
0
0
5.32907e-11
8.71525e-09
1.62102e-06
0.000251103
0.0312103
2.9198
183.051
5814
-5814
-183.051
-2.9198
-0.0312103
-0.000251103
-1.62116e-06
-8.77409e-09
-6.55032e-11
-3.33067e-12
0
1.11022e-12
0
2.22045e-11
8.71525e-09
1.62111e-06
0.000251103
0.0312103
2.9198
183.051
5814
-5814
-183.051
-2.9198
-0.0312103
-0.000251103
-1.62112e-06
-8.7963e-09
-4.55191e-11
0
-3.33067e-12
0
0
5.21805e-11
8.69305e-09
1.62101e-06
0.000251103
0.0312103
2.9198
183.051
5814
-5814
-183.051
-2.9198
-0.0312103
-0.000251103
-1.62116e-06
-8.77298e-09
-6.55032e-11
-4.44089e-12
1.11022e-12
0
0
5.88418e-11
8.74856e-09
1.62108e-06
0.000251103
0.0312103
2.9198
183.051
5814
-5814
-183.051
-2.9198
-0.0312103
-0.000251103
-1.62114e-06
-8.7963e-09
-4.88498e-11
2.22045e-12
-3.33067e-12
-2.22045e-12
0
5.21805e-11
8.69305e-09
1.62101e-06
0.000251103
0.0312103
2.9198
183.051
5814
-5814
-183.051
-2.9198
-0.0312103
-0.000251103
-1.62106e-06
-8.7963e-09
-3.77476e-11
0
-3.33067e-12
0
0
4.32987e-11
8.69194e-09
1.62102e-06
0.000251103
0.0312103
2.9198
183.051
5814
-5814
-183.051
-2.9198
-0.0312103
-0.000251103
-1.62114e-06
-8.81628e-09
-5.77316e-11
0
0
3.33067e-12
1.11022e-12
1.9984e-11
8.74967e-09
1.62113e-06
0.000251103
0.0312103
2.9198
183.051
5814
-5814
-183.051
-2.9198
-0.0312103
-0.000251103
-1.62111e-06
-8.78853e-09
-4.77396e-11
0
-1.11022e-12
0
0
5.21805e-11
8.69638e-09
1.62115e-06
0.000251103
0.0312103
2.9198
183.051
5814
-5814
-183.051
-2.9198
-0.0312103
-0.000251103
-1.62106e-06
-8.81295e-09
-4.44089e-11
-2.22045e-12
1.11022e-12
1.11022e-12
0
1.9984e-11
8.74967e-09
1.62112e-06
0.000251103
0.0312103
2.9198
183.051
5814
-5814
-183.051
-2.9198
-0.0312103
-0.000251104
-1.62114e-06
-8.86069e-09
-2.22045e-11
0
-1.9984e-11
1.11022e-12
-2.22045e-12
1.5099e-10
8.7319e-09
1.62095e-06
0.000251103
0.0312103
2.9198
183.051
5814
)
;
    }
    bottom
    {
        type            calculated;
        value           nonuniform List<scalar> 
400
(
-5814
-183.051
-2.9198
-0.0312103
-0.000251103
-1.62108e-06
-8.7319e-09
-5.77316e-11
-3.55271e-11
-1.55431e-11
0
-2.22045e-12
4.32987e-11
8.76077e-09
1.62115e-06
0.000251104
0.0312103
2.9198
183.051
5814
-5814
-183.051
-2.9198
-0.0312103
-0.000251103
-1.62105e-06
-8.73301e-09
-5.55112e-11
-5.55112e-12
0
0
0
3.66374e-11
8.72413e-09
1.62111e-06
0.000251103
0.0312103
2.9198
183.051
5814
-5814
-183.051
-2.9198
-0.0312103
-0.000251103
-1.62107e-06
-8.80407e-09
-5.88418e-11
-3.33067e-12
0
0
2.22045e-12
1.77636e-11
8.79186e-09
1.62117e-06
0.000251103
0.0312103
2.9198
183.051
5814
-5814
-183.051
-2.9198
-0.0312103
-0.000251103
-1.6211e-06
-8.73857e-09
-3.33067e-12
0
4.44089e-12
4.44089e-12
-4.44089e-12
4.77396e-11
8.79963e-09
1.62116e-06
0.000251103
0.0312103
2.9198
183.051
5814
-5814
-183.051
-2.9198
-0.0312103
-0.000251103
-1.62102e-06
-8.75744e-09
-4.44089e-11
-1.11022e-12
0
2.22045e-12
2.22045e-12
6.10623e-11
8.79297e-09
1.62112e-06
0.000251103
0.0312103
2.9198
183.051
5814
-5814
-183.051
-2.9198
-0.0312103
-0.000251103
-1.62106e-06
-8.75411e-09
-4.32987e-11
-1.11022e-12
-3.33067e-12
-1.11022e-12
2.22045e-12
4.88498e-11
8.79075e-09
1.62114e-06
0.000251103
0.0312103
2.9198
183.051
5814
-5814
-183.051
-2.9198
-0.0312103
-0.000251103
-1.62113e-06
-8.80518e-09
-2.10942e-11
-3.33067e-12
0
3.33067e-12
2.22045e-12
6.10623e-11
8.79297e-09
1.62112e-06
0.000251103
0.0312103
2.9198
183.051
5814
-5814
-183.051
-2.9198
-0.0312103
-0.000251103
-1.62116e-06
-8.79519e-09
-5.88418e-11
5.55112e-12
-4.44089e-12
-1.11022e-12
0
5.55112e-11
8.69194e-09
1.621e-06
0.000251103
0.0312103
2.9198
183.051
5814
-5814
-183.051
-2.9198
-0.0312103
-0.000251103
-1.62105e-06
-8.80518e-09
-4.88498e-11
0
0
-3.33067e-12
2.22045e-12
4.10783e-11
8.79075e-09
1.62115e-06
0.000251103
0.0312103
2.9198
183.051
5814
-5814
-183.051
-2.9198
-0.0312103
-0.000251103
-1.62107e-06
-8.71414e-09
-5.66214e-11
-3.33067e-12
0
0
2.22045e-12
4.44089e-11
8.79186e-09
1.62114e-06
0.000251103
0.0312103
2.9198
183.051
5814
-5814
-183.051
-2.9198
-0.0312103
-0.000251103
-1.62106e-06
-8.78742e-09
-3.9968e-11
0
-1.11022e-12
0
0
5.32907e-11
8.71525e-09
1.62102e-06
0.000251103
0.0312103
2.9198
183.051
5814
-5814
-183.051
-2.9198
-0.0312103
-0.000251103
-1.62116e-06
-8.77409e-09
-6.55032e-11
-3.33067e-12
0
1.11022e-12
0
2.22045e-11
8.71525e-09
1.62111e-06
0.000251103
0.0312103
2.9198
183.051
5814
-5814
-183.051
-2.9198
-0.0312103
-0.000251103
-1.62112e-06
-8.7963e-09
-4.55191e-11
0
-3.33067e-12
0
0
5.21805e-11
8.69305e-09
1.62101e-06
0.000251103
0.0312103
2.9198
183.051
5814
-5814
-183.051
-2.9198
-0.0312103
-0.000251103
-1.62116e-06
-8.77298e-09
-6.55032e-11
-4.44089e-12
1.11022e-12
0
0
5.88418e-11
8.74856e-09
1.62108e-06
0.000251103
0.0312103
2.9198
183.051
5814
-5814
-183.051
-2.9198
-0.0312103
-0.000251103
-1.62114e-06
-8.7963e-09
-4.88498e-11
2.22045e-12
-3.33067e-12
-2.22045e-12
0
5.21805e-11
8.69305e-09
1.62101e-06
0.000251103
0.0312103
2.9198
183.051
5814
-5814
-183.051
-2.9198
-0.0312103
-0.000251103
-1.62106e-06
-8.7963e-09
-3.77476e-11
0
-3.33067e-12
0
0
4.32987e-11
8.69194e-09
1.62102e-06
0.000251103
0.0312103
2.9198
183.051
5814
-5814
-183.051
-2.9198
-0.0312103
-0.000251103
-1.62114e-06
-8.81628e-09
-5.77316e-11
0
0
3.33067e-12
1.11022e-12
1.9984e-11
8.74967e-09
1.62113e-06
0.000251103
0.0312103
2.9198
183.051
5814
-5814
-183.051
-2.9198
-0.0312103
-0.000251103
-1.62111e-06
-8.78853e-09
-4.77396e-11
0
-1.11022e-12
0
0
5.21805e-11
8.69638e-09
1.62115e-06
0.000251103
0.0312103
2.9198
183.051
5814
-5814
-183.051
-2.9198
-0.0312103
-0.000251103
-1.62106e-06
-8.81295e-09
-4.44089e-11
-2.22045e-12
1.11022e-12
1.11022e-12
0
1.9984e-11
8.74967e-09
1.62112e-06
0.000251103
0.0312103
2.9198
183.051
5814
-5814
-183.051
-2.9198
-0.0312103
-0.000251104
-1.62114e-06
-8.86069e-09
-2.22045e-11
0
-1.9984e-11
1.11022e-12
-2.22045e-12
1.5099e-10
8.7319e-09
1.62095e-06
0.000251103
0.0312103
2.9198
183.051
5814
)
;
    }
}


// ************************************************************************* //
