/*--------------------------------*- C++ -*----------------------------------*\
  =========                 |
  \\      /  F ield         | OpenFOAM: The Open Source CFD Toolbox
   \\    /   O peration     | Website:  https://openfoam.org
    \\  /    A nd           | Version:  8
     \\/     M anipulation  |
\*---------------------------------------------------------------------------*/
FoamFile
{
    version     2.0;
    format      ascii;
    class       volScalarField;
    location    "2";
    object      gradTx;
}
// * * * * * * * * * * * * * * * * * * * * * * * * * * * * * * * * * * * * * //

dimensions      [0 -1 0 1 0 0 0];

internalField   nonuniform List<scalar> 
400
(
-1.77214e-08
-1.7919e-08
-3.55271e-10
-9.99201e-11
5.66214e-11
7.99361e-11
1.14353e-10
0
-5.21805e-11
-3.66374e-11
-1.09912e-10
1.22125e-11
0
-6.21725e-11
9.10383e-11
-2.10942e-11
1.11022e-12
3.51941e-10
1.77069e-08
1.74261e-08
-3.38618e-10
-3.63043e-10
-1.17684e-10
-3.33067e-12
4.88498e-11
4.55191e-11
5.55112e-12
-8.77076e-11
8.32667e-11
5.10703e-11
-1.27676e-10
1.66533e-11
9.88098e-11
-6.88338e-11
-5.9952e-11
-3.88578e-11
2.35367e-10
1.77369e-08
1.11644e-06
1.09898e-06
-3.66374e-11
-5.55112e-12
-8.88178e-12
-6.88338e-11
1.0103e-10
6.77236e-11
-2.33147e-11
0
-2.44249e-11
2.10942e-11
-6.43929e-11
1.88738e-11
-3.33067e-12
-1.40998e-10
9.88098e-11
6.55032e-11
-1.55431e-11
6.60583e-10
3.59823e-08
3.53817e-08
2.10942e-11
1.11022e-12
-6.43929e-11
3.55271e-11
4.44089e-11
-8.88178e-11
1.0103e-10
6.43929e-11
-1.44329e-11
1.06581e-10
-8.88178e-11
-8.88178e-11
0
6.99441e-11
1.02141e-10
6.66134e-12
0
-9.21485e-11
4.80727e-10
5.67324e-10
-4.32987e-11
-2.88658e-11
-5.55112e-12
-6.43929e-11
0
9.32587e-11
1.14353e-10
-5.66214e-11
-9.76996e-11
2.22045e-12
9.54792e-11
7.54952e-11
0
1.44329e-11
-1.22125e-10
6.66134e-12
6.55032e-11
-8.88178e-11
2.10942e-11
7.99361e-11
-2.9976e-11
3.9968e-11
0
-4.66294e-11
1.88738e-11
4.55191e-11
3.77476e-11
0
-7.66054e-11
-2.22045e-11
6.10623e-11
8.88178e-12
0
0
1.66533e-11
2.10942e-11
-6.66134e-12
0
7.21645e-11
4.32987e-11
-1.55431e-11
-1.66533e-11
-5.44009e-11
-1.55431e-11
4.44089e-11
-2.22045e-11
1.55431e-11
2.66454e-11
-4.44089e-12
-7.77156e-12
6.66134e-12
6.66134e-12
0
4.44089e-12
-2.33147e-11
3.33067e-12
7.77156e-12
-1.11022e-11
-4.44089e-12
0
-3.10862e-11
-3.33067e-11
-4.44089e-12
0
3.33067e-12
0
-3.33067e-12
0
3.33067e-12
-3.33067e-12
0
0
1.11022e-12
0
-4.44089e-12
0
1.11022e-12
3.33067e-12
0
-4.44089e-12
-1.44329e-11
-1.66533e-11
-2.22045e-12
-1.11022e-12
4.44089e-12
1.11022e-12
-1.11022e-12
0
-2.22045e-12
0
-1.11022e-12
2.22045e-12
0
0
3.33067e-12
-3.33067e-12
-2.22045e-12
0
2.10942e-11
2.33147e-11
1.11022e-12
0
0
1.11022e-12
2.22045e-12
-1.11022e-12
2.22045e-12
3.33067e-12
-4.44089e-12
-3.33067e-12
0
0
0
2.22045e-12
0
-2.22045e-12
0
2.22045e-12
0
-2.22045e-12
0
-1.11022e-12
2.22045e-12
0
-3.33067e-12
0
-1.11022e-12
0
1.11022e-12
-1.11022e-12
-1.11022e-12
0
1.11022e-12
0
-1.11022e-12
0
0
1.11022e-12
2.22045e-12
1.11022e-12
0
0
4.44089e-12
4.44089e-12
-4.44089e-12
0
2.22045e-12
-3.33067e-12
-3.33067e-12
0
1.11022e-12
0
-1.11022e-12
0
0
3.33067e-12
0
0
1.11022e-12
-2.22045e-12
2.22045e-12
3.33067e-12
-2.22045e-12
0
3.33067e-12
0
-3.33067e-12
0
3.33067e-12
-3.33067e-12
-3.33067e-12
0
1.11022e-12
0
-1.11022e-12
1.11022e-12
0
0
0
-1.11022e-12
-6.66134e-12
-2.66454e-11
1.77636e-11
4.66294e-11
-2.22045e-12
0
8.88178e-12
-2.55351e-11
-1.22125e-11
1.11022e-11
-2.10942e-11
-1.11022e-12
3.44169e-11
1.11022e-12
-1.55431e-11
-2.88658e-11
8.88178e-12
0
9.99201e-11
1.29896e-10
-3.33067e-11
3.44169e-11
6.99441e-11
0
-3.33067e-12
0
-1.03251e-10
0
1.03251e-10
-7.99361e-11
-7.99361e-11
-2.33147e-11
3.66374e-11
0
-5.88418e-11
5.88418e-11
3.33067e-12
-1.11022e-12
3.55271e-11
-1.88738e-11
-4.88498e-11
-6.66134e-12
6.43929e-11
1.11022e-12
-2.10942e-11
-1.11022e-12
-1.33227e-10
0
1.29896e-10
-1.12133e-10
-5.32907e-11
-1.66533e-11
2.22045e-12
0
-7.88258e-11
9.65894e-11
1.44329e-10
-1.55431e-11
-1.05471e-10
-4.10783e-11
-6.29496e-10
-6.37268e-10
5.21805e-11
-1.88738e-11
8.21565e-11
-6.66134e-12
-1.45439e-10
6.10623e-11
9.65894e-11
5.21805e-11
4.32987e-11
0
-1.44329e-10
-3.33067e-12
5.10703e-11
-1.03251e-10
4.32987e-11
-1.11022e-12
-5.77316e-11
4.44089e-11
-3.54816e-08
-3.60345e-08
-5.05151e-10
-4.44089e-12
-4.32987e-11
1.11022e-12
5.21805e-11
3.33067e-12
-5.44009e-11
-1.12133e-10
-4.21885e-11
1.66533e-10
7.77156e-12
0
-7.66054e-11
-7.32747e-11
1.06581e-10
-1.55431e-11
1.09912e-10
1.38778e-10
-1.09909e-06
-1.11649e-06
-1.75737e-08
-2.32037e-10
-4.44089e-11
0
1.33227e-10
1.33227e-10
-3.66374e-11
-5.88418e-11
4.55191e-11
3.33067e-12
-1.37668e-10
0
4.77396e-11
-7.32747e-11
9.99201e-12
2.22045e-12
5.16254e-10
5.83977e-10
-1.73905e-08
-1.76492e-08
-4.15223e-10
0
5.44009e-11
0
-4.996e-11
-1.0103e-10
1.5099e-10
-2.9976e-11
-4.44089e-11
-1.88738e-11
5.32907e-11
-1.11022e-12
-1.63203e-10
1.33227e-11
5.55112e-12
3.38618e-10
1.7949e-08
1.75981e-08
)
;

boundaryField
{
    front
    {
        type            calculated;
        value           nonuniform List<scalar> 
20
(
-1.77214e-08
-1.7919e-08
-3.55271e-10
-9.99201e-11
5.66214e-11
7.99361e-11
1.14353e-10
0
-5.21805e-11
-3.66374e-11
-1.09912e-10
1.22125e-11
0
-6.21725e-11
9.10383e-11
-2.10942e-11
1.11022e-12
3.51941e-10
1.77069e-08
1.74261e-08
)
;
    }
    back
    {
        type            calculated;
        value           nonuniform List<scalar> 
20
(
-1.73905e-08
-1.76492e-08
-4.15223e-10
0
5.44009e-11
0
-4.996e-11
-1.0103e-10
1.5099e-10
-2.9976e-11
-4.44089e-11
-1.88738e-11
5.32907e-11
-1.11022e-12
-1.63203e-10
1.33227e-11
5.55112e-12
3.38618e-10
1.7949e-08
1.75981e-08
)
;
    }
    left
    {
        type            calculated;
        value           uniform 0;
    }
    right
    {
        type            calculated;
        value           uniform 0;
    }
    top
    {
        type            calculated;
        value           nonuniform List<scalar> 
400
(
-1.77214e-08
-3.38618e-10
-3.66374e-11
2.10942e-11
-4.32987e-11
-2.9976e-11
-1.55431e-11
-3.10862e-11
-1.44329e-11
1.11022e-12
0
0
2.22045e-12
-6.66134e-12
-3.33067e-11
-4.88498e-11
-6.29496e-10
-3.54816e-08
-1.09909e-06
-1.73905e-08
-1.7919e-08
-3.63043e-10
-5.55112e-12
1.11022e-12
-2.88658e-11
3.9968e-11
-1.66533e-11
-3.33067e-11
-1.66533e-11
0
-1.11022e-12
0
3.33067e-12
-2.66454e-11
3.44169e-11
-6.66134e-12
-6.37268e-10
-3.60345e-08
-1.11649e-06
-1.76492e-08
-3.55271e-10
-1.17684e-10
-8.88178e-12
-6.43929e-11
-5.55112e-12
0
-5.44009e-11
-4.44089e-12
-2.22045e-12
0
2.22045e-12
4.44089e-12
-2.22045e-12
1.77636e-11
6.99441e-11
6.43929e-11
5.21805e-11
-5.05151e-10
-1.75737e-08
-4.15223e-10
-9.99201e-11
-3.33067e-12
-6.88338e-11
3.55271e-11
-6.43929e-11
-4.66294e-11
-1.55431e-11
0
-1.11022e-12
1.11022e-12
0
4.44089e-12
0
4.66294e-11
0
1.11022e-12
-1.88738e-11
-4.44089e-12
-2.32037e-10
0
5.66214e-11
4.88498e-11
1.0103e-10
4.44089e-11
0
1.88738e-11
4.44089e-11
3.33067e-12
4.44089e-12
2.22045e-12
-3.33067e-12
-4.44089e-12
3.33067e-12
-2.22045e-12
-3.33067e-12
-2.10942e-11
8.21565e-11
-4.32987e-11
-4.44089e-11
5.44009e-11
7.99361e-11
4.55191e-11
6.77236e-11
-8.88178e-11
9.32587e-11
4.55191e-11
-2.22045e-11
0
1.11022e-12
-1.11022e-12
0
0
0
0
0
-1.11022e-12
-6.66134e-12
1.11022e-12
0
0
1.14353e-10
5.55112e-12
-2.33147e-11
1.0103e-10
1.14353e-10
3.77476e-11
1.55431e-11
-3.33067e-12
-1.11022e-12
2.22045e-12
-1.11022e-12
2.22045e-12
-3.33067e-12
8.88178e-12
-1.03251e-10
-1.33227e-10
-1.45439e-10
5.21805e-11
1.33227e-10
-4.996e-11
0
-8.77076e-11
0
6.43929e-11
-5.66214e-11
0
2.66454e-11
0
0
3.33067e-12
0
-3.33067e-12
0
-2.55351e-11
0
0
6.10623e-11
3.33067e-12
1.33227e-10
-1.0103e-10
-5.21805e-11
8.32667e-11
-2.44249e-11
-1.44329e-11
-9.76996e-11
-7.66054e-11
-4.44089e-12
3.33067e-12
-2.22045e-12
-4.44089e-12
1.11022e-12
-3.33067e-12
3.33067e-12
-1.22125e-11
1.03251e-10
1.29896e-10
9.65894e-11
-5.44009e-11
-3.66374e-11
1.5099e-10
-3.66374e-11
5.10703e-11
2.10942e-11
1.06581e-10
2.22045e-12
-2.22045e-11
-7.77156e-12
-3.33067e-12
0
-3.33067e-12
-1.11022e-12
0
-3.33067e-12
1.11022e-11
-7.99361e-11
-1.12133e-10
5.21805e-11
-1.12133e-10
-5.88418e-11
-2.9976e-11
-1.09912e-10
-1.27676e-10
-6.43929e-11
-8.88178e-11
9.54792e-11
6.10623e-11
6.66134e-12
0
-1.11022e-12
0
-1.11022e-12
1.11022e-12
-3.33067e-12
-2.10942e-11
-7.99361e-11
-5.32907e-11
4.32987e-11
-4.21885e-11
4.55191e-11
-4.44089e-11
1.22125e-11
1.66533e-11
1.88738e-11
-8.88178e-11
7.54952e-11
8.88178e-12
6.66134e-12
0
2.22045e-12
0
0
0
0
-1.11022e-12
-2.33147e-11
-1.66533e-11
0
1.66533e-10
3.33067e-12
-1.88738e-11
0
9.88098e-11
-3.33067e-12
0
0
0
0
1.11022e-12
0
0
1.11022e-12
-1.11022e-12
1.11022e-12
3.44169e-11
3.66374e-11
2.22045e-12
-1.44329e-10
7.77156e-12
-1.37668e-10
5.32907e-11
-6.21725e-11
-6.88338e-11
-1.40998e-10
6.99441e-11
1.44329e-11
0
4.44089e-12
0
0
2.22045e-12
0
0
0
1.11022e-12
0
0
-3.33067e-12
0
0
-1.11022e-12
9.10383e-11
-5.9952e-11
9.88098e-11
1.02141e-10
-1.22125e-10
1.66533e-11
-2.33147e-11
-4.44089e-12
3.33067e-12
0
-1.11022e-12
0
-1.11022e-12
-1.55431e-11
-5.88418e-11
-7.88258e-11
5.10703e-11
-7.66054e-11
4.77396e-11
-1.63203e-10
-2.10942e-11
-3.88578e-11
6.55032e-11
6.66134e-12
6.66134e-12
2.10942e-11
3.33067e-12
0
-3.33067e-12
-2.22045e-12
0
3.33067e-12
1.11022e-12
-2.88658e-11
5.88418e-11
9.65894e-11
-1.03251e-10
-7.32747e-11
-7.32747e-11
1.33227e-11
1.11022e-12
2.35367e-10
-1.55431e-11
0
6.55032e-11
-6.66134e-12
7.77156e-12
1.11022e-12
-2.22045e-12
0
0
0
0
8.88178e-12
3.33067e-12
1.44329e-10
4.32987e-11
1.06581e-10
9.99201e-12
5.55112e-12
3.51941e-10
1.77369e-08
6.60583e-10
-9.21485e-11
-8.88178e-11
0
-1.11022e-11
3.33067e-12
0
2.22045e-12
1.11022e-12
0
0
0
-1.11022e-12
-1.55431e-11
-1.11022e-12
-1.55431e-11
2.22045e-12
3.38618e-10
1.77069e-08
1.11644e-06
3.59823e-08
4.80727e-10
2.10942e-11
7.21645e-11
-4.44089e-12
0
2.10942e-11
0
2.22045e-12
1.11022e-12
0
9.99201e-11
3.55271e-11
-1.05471e-10
-5.77316e-11
1.09912e-10
5.16254e-10
1.7949e-08
1.74261e-08
1.09898e-06
3.53817e-08
5.67324e-10
7.99361e-11
4.32987e-11
0
-4.44089e-12
2.33147e-11
-2.22045e-12
1.11022e-12
-2.22045e-12
-1.11022e-12
1.29896e-10
-1.88738e-11
-4.10783e-11
4.44089e-11
1.38778e-10
5.83977e-10
1.75981e-08
)
;
    }
    bottom
    {
        type            calculated;
        value           nonuniform List<scalar> 
400
(
-1.77214e-08
-3.38618e-10
-3.66374e-11
2.10942e-11
-4.32987e-11
-2.9976e-11
-1.55431e-11
-3.10862e-11
-1.44329e-11
1.11022e-12
0
0
2.22045e-12
-6.66134e-12
-3.33067e-11
-4.88498e-11
-6.29496e-10
-3.54816e-08
-1.09909e-06
-1.73905e-08
-1.7919e-08
-3.63043e-10
-5.55112e-12
1.11022e-12
-2.88658e-11
3.9968e-11
-1.66533e-11
-3.33067e-11
-1.66533e-11
0
-1.11022e-12
0
3.33067e-12
-2.66454e-11
3.44169e-11
-6.66134e-12
-6.37268e-10
-3.60345e-08
-1.11649e-06
-1.76492e-08
-3.55271e-10
-1.17684e-10
-8.88178e-12
-6.43929e-11
-5.55112e-12
0
-5.44009e-11
-4.44089e-12
-2.22045e-12
0
2.22045e-12
4.44089e-12
-2.22045e-12
1.77636e-11
6.99441e-11
6.43929e-11
5.21805e-11
-5.05151e-10
-1.75737e-08
-4.15223e-10
-9.99201e-11
-3.33067e-12
-6.88338e-11
3.55271e-11
-6.43929e-11
-4.66294e-11
-1.55431e-11
0
-1.11022e-12
1.11022e-12
0
4.44089e-12
0
4.66294e-11
0
1.11022e-12
-1.88738e-11
-4.44089e-12
-2.32037e-10
0
5.66214e-11
4.88498e-11
1.0103e-10
4.44089e-11
0
1.88738e-11
4.44089e-11
3.33067e-12
4.44089e-12
2.22045e-12
-3.33067e-12
-4.44089e-12
3.33067e-12
-2.22045e-12
-3.33067e-12
-2.10942e-11
8.21565e-11
-4.32987e-11
-4.44089e-11
5.44009e-11
7.99361e-11
4.55191e-11
6.77236e-11
-8.88178e-11
9.32587e-11
4.55191e-11
-2.22045e-11
0
1.11022e-12
-1.11022e-12
0
0
0
0
0
-1.11022e-12
-6.66134e-12
1.11022e-12
0
0
1.14353e-10
5.55112e-12
-2.33147e-11
1.0103e-10
1.14353e-10
3.77476e-11
1.55431e-11
-3.33067e-12
-1.11022e-12
2.22045e-12
-1.11022e-12
2.22045e-12
-3.33067e-12
8.88178e-12
-1.03251e-10
-1.33227e-10
-1.45439e-10
5.21805e-11
1.33227e-10
-4.996e-11
0
-8.77076e-11
0
6.43929e-11
-5.66214e-11
0
2.66454e-11
0
0
3.33067e-12
0
-3.33067e-12
0
-2.55351e-11
0
0
6.10623e-11
3.33067e-12
1.33227e-10
-1.0103e-10
-5.21805e-11
8.32667e-11
-2.44249e-11
-1.44329e-11
-9.76996e-11
-7.66054e-11
-4.44089e-12
3.33067e-12
-2.22045e-12
-4.44089e-12
1.11022e-12
-3.33067e-12
3.33067e-12
-1.22125e-11
1.03251e-10
1.29896e-10
9.65894e-11
-5.44009e-11
-3.66374e-11
1.5099e-10
-3.66374e-11
5.10703e-11
2.10942e-11
1.06581e-10
2.22045e-12
-2.22045e-11
-7.77156e-12
-3.33067e-12
0
-3.33067e-12
-1.11022e-12
0
-3.33067e-12
1.11022e-11
-7.99361e-11
-1.12133e-10
5.21805e-11
-1.12133e-10
-5.88418e-11
-2.9976e-11
-1.09912e-10
-1.27676e-10
-6.43929e-11
-8.88178e-11
9.54792e-11
6.10623e-11
6.66134e-12
0
-1.11022e-12
0
-1.11022e-12
1.11022e-12
-3.33067e-12
-2.10942e-11
-7.99361e-11
-5.32907e-11
4.32987e-11
-4.21885e-11
4.55191e-11
-4.44089e-11
1.22125e-11
1.66533e-11
1.88738e-11
-8.88178e-11
7.54952e-11
8.88178e-12
6.66134e-12
0
2.22045e-12
0
0
0
0
-1.11022e-12
-2.33147e-11
-1.66533e-11
0
1.66533e-10
3.33067e-12
-1.88738e-11
0
9.88098e-11
-3.33067e-12
0
0
0
0
1.11022e-12
0
0
1.11022e-12
-1.11022e-12
1.11022e-12
3.44169e-11
3.66374e-11
2.22045e-12
-1.44329e-10
7.77156e-12
-1.37668e-10
5.32907e-11
-6.21725e-11
-6.88338e-11
-1.40998e-10
6.99441e-11
1.44329e-11
0
4.44089e-12
0
0
2.22045e-12
0
0
0
1.11022e-12
0
0
-3.33067e-12
0
0
-1.11022e-12
9.10383e-11
-5.9952e-11
9.88098e-11
1.02141e-10
-1.22125e-10
1.66533e-11
-2.33147e-11
-4.44089e-12
3.33067e-12
0
-1.11022e-12
0
-1.11022e-12
-1.55431e-11
-5.88418e-11
-7.88258e-11
5.10703e-11
-7.66054e-11
4.77396e-11
-1.63203e-10
-2.10942e-11
-3.88578e-11
6.55032e-11
6.66134e-12
6.66134e-12
2.10942e-11
3.33067e-12
0
-3.33067e-12
-2.22045e-12
0
3.33067e-12
1.11022e-12
-2.88658e-11
5.88418e-11
9.65894e-11
-1.03251e-10
-7.32747e-11
-7.32747e-11
1.33227e-11
1.11022e-12
2.35367e-10
-1.55431e-11
0
6.55032e-11
-6.66134e-12
7.77156e-12
1.11022e-12
-2.22045e-12
0
0
0
0
8.88178e-12
3.33067e-12
1.44329e-10
4.32987e-11
1.06581e-10
9.99201e-12
5.55112e-12
3.51941e-10
1.77369e-08
6.60583e-10
-9.21485e-11
-8.88178e-11
0
-1.11022e-11
3.33067e-12
0
2.22045e-12
1.11022e-12
0
0
0
-1.11022e-12
-1.55431e-11
-1.11022e-12
-1.55431e-11
2.22045e-12
3.38618e-10
1.77069e-08
1.11644e-06
3.59823e-08
4.80727e-10
2.10942e-11
7.21645e-11
-4.44089e-12
0
2.10942e-11
0
2.22045e-12
1.11022e-12
0
9.99201e-11
3.55271e-11
-1.05471e-10
-5.77316e-11
1.09912e-10
5.16254e-10
1.7949e-08
1.74261e-08
1.09898e-06
3.53817e-08
5.67324e-10
7.99361e-11
4.32987e-11
0
-4.44089e-12
2.33147e-11
-2.22045e-12
1.11022e-12
-2.22045e-12
-1.11022e-12
1.29896e-10
-1.88738e-11
-4.10783e-11
4.44089e-11
1.38778e-10
5.83977e-10
1.75981e-08
)
;
    }
}


// ************************************************************************* //
