/*--------------------------------*- C++ -*----------------------------------*\
  =========                 |
  \\      /  F ield         | OpenFOAM: The Open Source CFD Toolbox
   \\    /   O peration     | Website:  https://openfoam.org
    \\  /    A nd           | Version:  8
     \\/     M anipulation  |
\*---------------------------------------------------------------------------*/
FoamFile
{
    version     2.0;
    format      ascii;
    class       volScalarField;
    location    "2.6";
    object      gradTx;
}
// * * * * * * * * * * * * * * * * * * * * * * * * * * * * * * * * * * * * * //

dimensions      [0 -1 0 1 0 0 0];

internalField   nonuniform List<scalar> 
400
(
-2.89946e-08
-2.94043e-08
-6.13953e-10
-1.37668e-10
7.10543e-11
1.16573e-10
1.52101e-10
-5.55112e-12
-7.32747e-11
-4.996e-11
-1.37668e-10
1.55431e-11
1.11022e-12
-8.88178e-11
1.17684e-10
-2.22045e-11
8.88178e-12
7.62723e-10
2.89746e-08
2.83129e-08
-7.67164e-10
-8.00471e-10
-1.62093e-10
-1.11022e-11
6.99441e-11
5.77316e-11
4.44089e-12
-1.09912e-10
1.06581e-10
6.21725e-11
-1.63203e-10
2.55351e-11
1.27676e-10
-9.54792e-11
-8.21565e-11
-4.55191e-11
4.67404e-10
2.90312e-08
1.41085e-06
1.38233e-06
-4.66294e-11
-1.44329e-11
-1.55431e-11
-7.88258e-11
1.34337e-10
7.88258e-11
-3.55271e-11
0
-2.88658e-11
3.66374e-11
-8.32667e-11
1.44329e-11
0
-1.72085e-10
1.17684e-10
8.65974e-11
-6.66134e-12
1.32006e-09
5.91571e-08
5.79181e-08
2.77556e-11
7.77156e-12
-7.88258e-11
3.9968e-11
5.44009e-11
-1.09912e-10
1.33227e-10
7.88258e-11
-2.33147e-11
1.32117e-10
-1.09912e-10
-1.02141e-10
0
8.32667e-11
1.26565e-10
6.66134e-12
4.44089e-12
-1.05471e-10
1.11022e-09
1.21347e-09
-4.88498e-11
-3.21965e-11
-1.22125e-11
-8.54872e-11
4.44089e-12
1.23235e-10
1.42109e-10
-7.54952e-11
-1.22125e-10
2.22045e-12
1.28786e-10
1.04361e-10
0
1.22125e-11
-1.60982e-10
6.66134e-12
8.99281e-11
-1.12133e-10
3.21965e-11
1.13243e-10
-3.9968e-11
5.32907e-11
0
-6.55032e-11
2.44249e-11
6.99441e-11
5.77316e-11
-3.33067e-12
-1.06581e-10
-2.77556e-11
7.99361e-11
1.44329e-11
0
1.11022e-12
2.66454e-11
2.88658e-11
-1.11022e-11
-1.11022e-12
9.32587e-11
4.77396e-11
-2.66454e-11
-2.77556e-11
-9.21485e-11
-2.9976e-11
7.77156e-11
-3.10862e-11
2.9976e-11
4.55191e-11
-1.55431e-11
-2.33147e-11
1.9984e-11
2.44249e-11
-1.11022e-12
2.22045e-12
-5.55112e-11
9.99201e-12
2.44249e-11
-2.77556e-11
-2.55351e-11
-9.99201e-12
-3.10862e-11
-3.33067e-11
-4.44089e-12
0
3.33067e-12
0
-3.33067e-12
0
3.33067e-12
-3.33067e-12
0
0
1.11022e-12
0
-4.44089e-12
0
1.11022e-12
3.33067e-12
0
-4.44089e-12
-1.44329e-11
-1.66533e-11
-2.22045e-12
-1.11022e-12
4.44089e-12
1.11022e-12
-1.11022e-12
0
-2.22045e-12
0
-1.11022e-12
2.22045e-12
0
0
3.33067e-12
-3.33067e-12
-2.22045e-12
0
2.10942e-11
2.33147e-11
1.11022e-12
0
0
1.11022e-12
2.22045e-12
-1.11022e-12
2.22045e-12
3.33067e-12
-4.44089e-12
-3.33067e-12
0
0
0
2.22045e-12
0
-2.22045e-12
0
2.22045e-12
0
-2.22045e-12
0
-1.11022e-12
2.22045e-12
0
-3.33067e-12
0
-1.11022e-12
0
1.11022e-12
-1.11022e-12
-1.11022e-12
0
1.11022e-12
0
-1.11022e-12
0
0
1.11022e-12
2.22045e-12
1.11022e-12
0
0
4.44089e-12
4.44089e-12
-4.44089e-12
0
2.22045e-12
-3.33067e-12
-3.33067e-12
0
1.11022e-12
0
-1.11022e-12
0
0
3.33067e-12
0
0
1.11022e-12
-2.22045e-12
2.22045e-12
3.33067e-12
-2.22045e-12
0
3.33067e-12
0
-3.33067e-12
0
3.33067e-12
-3.33067e-12
-3.33067e-12
0
1.11022e-12
0
-1.11022e-12
1.11022e-12
0
0
0
-1.11022e-12
-8.88178e-12
-3.21965e-11
3.33067e-11
9.21485e-11
3.33067e-12
0
1.9984e-11
-5.88418e-11
-3.21965e-11
2.44249e-11
-4.996e-11
0
7.21645e-11
0
-2.44249e-11
-5.32907e-11
1.44329e-11
-1.11022e-12
1.28786e-10
1.80966e-10
-4.66294e-11
4.66294e-11
1.0103e-10
1.11022e-12
-6.66134e-12
-1.11022e-12
-1.40998e-10
0
1.38778e-10
-1.13243e-10
-1.15463e-10
-2.44249e-11
4.88498e-11
1.11022e-12
-7.54952e-11
7.43849e-11
5.55112e-12
3.33067e-12
4.66294e-11
-2.66454e-11
-7.77156e-11
-2.22045e-11
8.54872e-11
0
-2.88658e-11
-4.44089e-12
-1.66533e-10
1.11022e-12
1.62093e-10
-1.43219e-10
-7.21645e-11
-1.66533e-11
-1.11022e-12
-4.44089e-12
-9.4369e-11
1.23235e-10
1.92069e-10
-1.9984e-11
-1.39888e-10
-5.32907e-11
-1.29674e-09
-1.31339e-09
5.77316e-11
-1.88738e-11
9.99201e-11
-9.99201e-12
-1.78746e-10
7.32747e-11
1.21014e-10
6.32827e-11
5.88418e-11
1.11022e-12
-1.88738e-10
-4.44089e-12
6.10623e-11
-1.26565e-10
6.10623e-11
0
-7.66054e-11
5.21805e-11
-5.80491e-08
-5.92271e-08
-1.12799e-09
-1.44329e-11
-5.55112e-11
4.44089e-12
6.88338e-11
5.55112e-12
-6.88338e-11
-1.42109e-10
-5.32907e-11
2.10942e-10
9.99201e-12
0
-9.65894e-11
-9.10383e-11
1.27676e-10
-1.77636e-11
1.46549e-10
1.78746e-10
-1.38247e-06
-1.4109e-06
-2.88147e-08
-4.59632e-10
-6.10623e-11
0
1.73195e-10
1.73195e-10
-4.55191e-11
-6.99441e-11
5.32907e-11
0
-1.75415e-10
0
5.55112e-11
-1.03251e-10
1.77636e-11
1.11022e-11
9.89209e-10
1.07692e-09
-2.82641e-08
-2.88969e-08
-8.39329e-10
-8.88178e-12
7.10543e-11
-1.11022e-12
-6.77236e-11
-1.29896e-10
1.9984e-10
-3.88578e-11
-6.43929e-11
-2.33147e-11
7.32747e-11
-3.33067e-12
-2.15383e-10
1.55431e-11
1.44329e-11
5.9952e-10
2.9442e-08
2.88336e-08
)
;

boundaryField
{
    front
    {
        type            calculated;
        value           nonuniform List<scalar> 
20
(
-2.89946e-08
-2.94043e-08
-6.13953e-10
-1.37668e-10
7.10543e-11
1.16573e-10
1.52101e-10
-5.55112e-12
-7.32747e-11
-4.996e-11
-1.37668e-10
1.55431e-11
1.11022e-12
-8.88178e-11
1.17684e-10
-2.22045e-11
8.88178e-12
7.62723e-10
2.89746e-08
2.83129e-08
)
;
    }
    back
    {
        type            calculated;
        value           nonuniform List<scalar> 
20
(
-2.82641e-08
-2.88969e-08
-8.39329e-10
-8.88178e-12
7.10543e-11
-1.11022e-12
-6.77236e-11
-1.29896e-10
1.9984e-10
-3.88578e-11
-6.43929e-11
-2.33147e-11
7.32747e-11
-3.33067e-12
-2.15383e-10
1.55431e-11
1.44329e-11
5.9952e-10
2.9442e-08
2.88336e-08
)
;
    }
    left
    {
        type            calculated;
        value           uniform 0;
    }
    right
    {
        type            calculated;
        value           uniform 0;
    }
    top
    {
        type            calculated;
        value           nonuniform List<scalar> 
400
(
-2.89946e-08
-7.67164e-10
-4.66294e-11
2.77556e-11
-4.88498e-11
-3.9968e-11
-2.66454e-11
-3.10862e-11
-1.44329e-11
1.11022e-12
0
0
2.22045e-12
-8.88178e-12
-4.66294e-11
-7.77156e-11
-1.29674e-09
-5.80491e-08
-1.38247e-06
-2.82641e-08
-2.94043e-08
-8.00471e-10
-1.44329e-11
7.77156e-12
-3.21965e-11
5.32907e-11
-2.77556e-11
-3.33067e-11
-1.66533e-11
0
-1.11022e-12
0
3.33067e-12
-3.21965e-11
4.66294e-11
-2.22045e-11
-1.31339e-09
-5.92271e-08
-1.4109e-06
-2.88969e-08
-6.13953e-10
-1.62093e-10
-1.55431e-11
-7.88258e-11
-1.22125e-11
0
-9.21485e-11
-4.44089e-12
-2.22045e-12
0
2.22045e-12
4.44089e-12
-2.22045e-12
3.33067e-11
1.0103e-10
8.54872e-11
5.77316e-11
-1.12799e-09
-2.88147e-08
-8.39329e-10
-1.37668e-10
-1.11022e-11
-7.88258e-11
3.9968e-11
-8.54872e-11
-6.55032e-11
-2.9976e-11
0
-1.11022e-12
1.11022e-12
0
4.44089e-12
0
9.21485e-11
1.11022e-12
0
-1.88738e-11
-1.44329e-11
-4.59632e-10
-8.88178e-12
7.10543e-11
6.99441e-11
1.34337e-10
5.44009e-11
4.44089e-12
2.44249e-11
7.77156e-11
3.33067e-12
4.44089e-12
2.22045e-12
-3.33067e-12
-4.44089e-12
3.33067e-12
3.33067e-12
-6.66134e-12
-2.88658e-11
9.99201e-11
-5.55112e-11
-6.10623e-11
7.10543e-11
1.16573e-10
5.77316e-11
7.88258e-11
-1.09912e-10
1.23235e-10
6.99441e-11
-3.10862e-11
0
1.11022e-12
-1.11022e-12
0
0
0
0
-1.11022e-12
-4.44089e-12
-9.99201e-12
4.44089e-12
0
-1.11022e-12
1.52101e-10
4.44089e-12
-3.55271e-11
1.33227e-10
1.42109e-10
5.77316e-11
2.9976e-11
-3.33067e-12
-1.11022e-12
2.22045e-12
-1.11022e-12
2.22045e-12
-3.33067e-12
1.9984e-11
-1.40998e-10
-1.66533e-10
-1.78746e-10
6.88338e-11
1.73195e-10
-6.77236e-11
-5.55112e-12
-1.09912e-10
0
7.88258e-11
-7.54952e-11
-3.33067e-12
4.55191e-11
0
0
3.33067e-12
0
-3.33067e-12
0
-5.88418e-11
0
1.11022e-12
7.32747e-11
5.55112e-12
1.73195e-10
-1.29896e-10
-7.32747e-11
1.06581e-10
-2.88658e-11
-2.33147e-11
-1.22125e-10
-1.06581e-10
-1.55431e-11
3.33067e-12
-2.22045e-12
-4.44089e-12
1.11022e-12
-3.33067e-12
3.33067e-12
-3.21965e-11
1.38778e-10
1.62093e-10
1.21014e-10
-6.88338e-11
-4.55191e-11
1.9984e-10
-4.996e-11
6.21725e-11
3.66374e-11
1.32117e-10
2.22045e-12
-2.77556e-11
-2.33147e-11
-3.33067e-12
0
-3.33067e-12
-1.11022e-12
0
-3.33067e-12
2.44249e-11
-1.13243e-10
-1.43219e-10
6.32827e-11
-1.42109e-10
-6.99441e-11
-3.88578e-11
-1.37668e-10
-1.63203e-10
-8.32667e-11
-1.09912e-10
1.28786e-10
7.99361e-11
1.9984e-11
0
-1.11022e-12
0
-1.11022e-12
1.11022e-12
-3.33067e-12
-4.996e-11
-1.15463e-10
-7.21645e-11
5.88418e-11
-5.32907e-11
5.32907e-11
-6.43929e-11
1.55431e-11
2.55351e-11
1.44329e-11
-1.02141e-10
1.04361e-10
1.44329e-11
2.44249e-11
0
2.22045e-12
0
0
0
0
0
-2.44249e-11
-1.66533e-11
1.11022e-12
2.10942e-10
0
-2.33147e-11
1.11022e-12
1.27676e-10
0
0
0
0
-1.11022e-12
1.11022e-12
0
0
1.11022e-12
-1.11022e-12
1.11022e-12
7.21645e-11
4.88498e-11
-1.11022e-12
-1.88738e-10
9.99201e-12
-1.75415e-10
7.32747e-11
-8.88178e-11
-9.54792e-11
-1.72085e-10
8.32667e-11
1.22125e-11
1.11022e-12
2.22045e-12
0
0
2.22045e-12
0
0
0
0
1.11022e-12
-4.44089e-12
-4.44089e-12
0
0
-3.33067e-12
1.17684e-10
-8.21565e-11
1.17684e-10
1.26565e-10
-1.60982e-10
2.66454e-11
-5.55112e-11
-4.44089e-12
3.33067e-12
0
-1.11022e-12
0
-1.11022e-12
-2.44249e-11
-7.54952e-11
-9.4369e-11
6.10623e-11
-9.65894e-11
5.55112e-11
-2.15383e-10
-2.22045e-11
-4.55191e-11
8.65974e-11
6.66134e-12
6.66134e-12
2.88658e-11
9.99201e-12
0
-3.33067e-12
-2.22045e-12
0
3.33067e-12
1.11022e-12
-5.32907e-11
7.43849e-11
1.23235e-10
-1.26565e-10
-9.10383e-11
-1.03251e-10
1.55431e-11
8.88178e-12
4.67404e-10
-6.66134e-12
4.44089e-12
8.99281e-11
-1.11022e-11
2.44249e-11
1.11022e-12
-2.22045e-12
0
0
0
0
1.44329e-11
5.55112e-12
1.92069e-10
6.10623e-11
1.27676e-10
1.77636e-11
1.44329e-11
7.62723e-10
2.90312e-08
1.32006e-09
-1.05471e-10
-1.12133e-10
-1.11022e-12
-2.77556e-11
3.33067e-12
0
2.22045e-12
1.11022e-12
0
0
-1.11022e-12
3.33067e-12
-1.9984e-11
0
-1.77636e-11
1.11022e-11
5.9952e-10
2.89746e-08
1.41085e-06
5.91571e-08
1.11022e-09
3.21965e-11
9.32587e-11
-2.55351e-11
0
2.10942e-11
0
2.22045e-12
1.11022e-12
0
1.28786e-10
4.66294e-11
-1.39888e-10
-7.66054e-11
1.46549e-10
9.89209e-10
2.9442e-08
2.83129e-08
1.38233e-06
5.79181e-08
1.21347e-09
1.13243e-10
4.77396e-11
-9.99201e-12
-4.44089e-12
2.33147e-11
-2.22045e-12
1.11022e-12
-2.22045e-12
-1.11022e-12
1.80966e-10
-2.66454e-11
-5.32907e-11
5.21805e-11
1.78746e-10
1.07692e-09
2.88336e-08
)
;
    }
    bottom
    {
        type            calculated;
        value           nonuniform List<scalar> 
400
(
-2.89946e-08
-7.67164e-10
-4.66294e-11
2.77556e-11
-4.88498e-11
-3.9968e-11
-2.66454e-11
-3.10862e-11
-1.44329e-11
1.11022e-12
0
0
2.22045e-12
-8.88178e-12
-4.66294e-11
-7.77156e-11
-1.29674e-09
-5.80491e-08
-1.38247e-06
-2.82641e-08
-2.94043e-08
-8.00471e-10
-1.44329e-11
7.77156e-12
-3.21965e-11
5.32907e-11
-2.77556e-11
-3.33067e-11
-1.66533e-11
0
-1.11022e-12
0
3.33067e-12
-3.21965e-11
4.66294e-11
-2.22045e-11
-1.31339e-09
-5.92271e-08
-1.4109e-06
-2.88969e-08
-6.13953e-10
-1.62093e-10
-1.55431e-11
-7.88258e-11
-1.22125e-11
0
-9.21485e-11
-4.44089e-12
-2.22045e-12
0
2.22045e-12
4.44089e-12
-2.22045e-12
3.33067e-11
1.0103e-10
8.54872e-11
5.77316e-11
-1.12799e-09
-2.88147e-08
-8.39329e-10
-1.37668e-10
-1.11022e-11
-7.88258e-11
3.9968e-11
-8.54872e-11
-6.55032e-11
-2.9976e-11
0
-1.11022e-12
1.11022e-12
0
4.44089e-12
0
9.21485e-11
1.11022e-12
0
-1.88738e-11
-1.44329e-11
-4.59632e-10
-8.88178e-12
7.10543e-11
6.99441e-11
1.34337e-10
5.44009e-11
4.44089e-12
2.44249e-11
7.77156e-11
3.33067e-12
4.44089e-12
2.22045e-12
-3.33067e-12
-4.44089e-12
3.33067e-12
3.33067e-12
-6.66134e-12
-2.88658e-11
9.99201e-11
-5.55112e-11
-6.10623e-11
7.10543e-11
1.16573e-10
5.77316e-11
7.88258e-11
-1.09912e-10
1.23235e-10
6.99441e-11
-3.10862e-11
0
1.11022e-12
-1.11022e-12
0
0
0
0
-1.11022e-12
-4.44089e-12
-9.99201e-12
4.44089e-12
0
-1.11022e-12
1.52101e-10
4.44089e-12
-3.55271e-11
1.33227e-10
1.42109e-10
5.77316e-11
2.9976e-11
-3.33067e-12
-1.11022e-12
2.22045e-12
-1.11022e-12
2.22045e-12
-3.33067e-12
1.9984e-11
-1.40998e-10
-1.66533e-10
-1.78746e-10
6.88338e-11
1.73195e-10
-6.77236e-11
-5.55112e-12
-1.09912e-10
0
7.88258e-11
-7.54952e-11
-3.33067e-12
4.55191e-11
0
0
3.33067e-12
0
-3.33067e-12
0
-5.88418e-11
0
1.11022e-12
7.32747e-11
5.55112e-12
1.73195e-10
-1.29896e-10
-7.32747e-11
1.06581e-10
-2.88658e-11
-2.33147e-11
-1.22125e-10
-1.06581e-10
-1.55431e-11
3.33067e-12
-2.22045e-12
-4.44089e-12
1.11022e-12
-3.33067e-12
3.33067e-12
-3.21965e-11
1.38778e-10
1.62093e-10
1.21014e-10
-6.88338e-11
-4.55191e-11
1.9984e-10
-4.996e-11
6.21725e-11
3.66374e-11
1.32117e-10
2.22045e-12
-2.77556e-11
-2.33147e-11
-3.33067e-12
0
-3.33067e-12
-1.11022e-12
0
-3.33067e-12
2.44249e-11
-1.13243e-10
-1.43219e-10
6.32827e-11
-1.42109e-10
-6.99441e-11
-3.88578e-11
-1.37668e-10
-1.63203e-10
-8.32667e-11
-1.09912e-10
1.28786e-10
7.99361e-11
1.9984e-11
0
-1.11022e-12
0
-1.11022e-12
1.11022e-12
-3.33067e-12
-4.996e-11
-1.15463e-10
-7.21645e-11
5.88418e-11
-5.32907e-11
5.32907e-11
-6.43929e-11
1.55431e-11
2.55351e-11
1.44329e-11
-1.02141e-10
1.04361e-10
1.44329e-11
2.44249e-11
0
2.22045e-12
0
0
0
0
0
-2.44249e-11
-1.66533e-11
1.11022e-12
2.10942e-10
0
-2.33147e-11
1.11022e-12
1.27676e-10
0
0
0
0
-1.11022e-12
1.11022e-12
0
0
1.11022e-12
-1.11022e-12
1.11022e-12
7.21645e-11
4.88498e-11
-1.11022e-12
-1.88738e-10
9.99201e-12
-1.75415e-10
7.32747e-11
-8.88178e-11
-9.54792e-11
-1.72085e-10
8.32667e-11
1.22125e-11
1.11022e-12
2.22045e-12
0
0
2.22045e-12
0
0
0
0
1.11022e-12
-4.44089e-12
-4.44089e-12
0
0
-3.33067e-12
1.17684e-10
-8.21565e-11
1.17684e-10
1.26565e-10
-1.60982e-10
2.66454e-11
-5.55112e-11
-4.44089e-12
3.33067e-12
0
-1.11022e-12
0
-1.11022e-12
-2.44249e-11
-7.54952e-11
-9.4369e-11
6.10623e-11
-9.65894e-11
5.55112e-11
-2.15383e-10
-2.22045e-11
-4.55191e-11
8.65974e-11
6.66134e-12
6.66134e-12
2.88658e-11
9.99201e-12
0
-3.33067e-12
-2.22045e-12
0
3.33067e-12
1.11022e-12
-5.32907e-11
7.43849e-11
1.23235e-10
-1.26565e-10
-9.10383e-11
-1.03251e-10
1.55431e-11
8.88178e-12
4.67404e-10
-6.66134e-12
4.44089e-12
8.99281e-11
-1.11022e-11
2.44249e-11
1.11022e-12
-2.22045e-12
0
0
0
0
1.44329e-11
5.55112e-12
1.92069e-10
6.10623e-11
1.27676e-10
1.77636e-11
1.44329e-11
7.62723e-10
2.90312e-08
1.32006e-09
-1.05471e-10
-1.12133e-10
-1.11022e-12
-2.77556e-11
3.33067e-12
0
2.22045e-12
1.11022e-12
0
0
-1.11022e-12
3.33067e-12
-1.9984e-11
0
-1.77636e-11
1.11022e-11
5.9952e-10
2.89746e-08
1.41085e-06
5.91571e-08
1.11022e-09
3.21965e-11
9.32587e-11
-2.55351e-11
0
2.10942e-11
0
2.22045e-12
1.11022e-12
0
1.28786e-10
4.66294e-11
-1.39888e-10
-7.66054e-11
1.46549e-10
9.89209e-10
2.9442e-08
2.83129e-08
1.38233e-06
5.79181e-08
1.21347e-09
1.13243e-10
4.77396e-11
-9.99201e-12
-4.44089e-12
2.33147e-11
-2.22045e-12
1.11022e-12
-2.22045e-12
-1.11022e-12
1.80966e-10
-2.66454e-11
-5.32907e-11
5.21805e-11
1.78746e-10
1.07692e-09
2.88336e-08
)
;
    }
}


// ************************************************************************* //
