/*--------------------------------*- C++ -*----------------------------------*\
  =========                 |
  \\      /  F ield         | OpenFOAM: The Open Source CFD Toolbox
   \\    /   O peration     | Website:  https://openfoam.org
    \\  /    A nd           | Version:  8
     \\/     M anipulation  |
\*---------------------------------------------------------------------------*/
FoamFile
{
    version     2.0;
    format      ascii;
    class       volScalarField;
    location    "2.6";
    object      gradTy;
}
// * * * * * * * * * * * * * * * * * * * * * * * * * * * * * * * * * * * * * //

dimensions      [0 -1 0 1 0 0 0];

internalField   nonuniform List<scalar> 
400
(
-5760.45
-5760.45
-5760.45
-5760.45
-5760.45
-5760.45
-5760.45
-5760.45
-5760.45
-5760.45
-5760.45
-5760.45
-5760.45
-5760.45
-5760.45
-5760.45
-5760.45
-5760.45
-5760.45
-5760.45
-234.626
-234.626
-234.626
-234.626
-234.626
-234.626
-234.626
-234.626
-234.626
-234.626
-234.626
-234.626
-234.626
-234.626
-234.626
-234.626
-234.626
-234.626
-234.626
-234.626
-4.85431
-4.85431
-4.85431
-4.85431
-4.85431
-4.85431
-4.85431
-4.85431
-4.85431
-4.85431
-4.85431
-4.85431
-4.85431
-4.85431
-4.85431
-4.85431
-4.85431
-4.85431
-4.85431
-4.85431
-0.067321
-0.067321
-0.067321
-0.067321
-0.067321
-0.067321
-0.067321
-0.067321
-0.067321
-0.067321
-0.067321
-0.067321
-0.067321
-0.067321
-0.067321
-0.067321
-0.067321
-0.067321
-0.067321
-0.0673211
-0.000702558
-0.000702558
-0.000702558
-0.000702558
-0.000702558
-0.000702558
-0.000702558
-0.000702558
-0.000702558
-0.000702558
-0.000702558
-0.000702558
-0.000702558
-0.000702558
-0.000702558
-0.000702558
-0.000702558
-0.000702558
-0.000702558
-0.000702559
-5.88081e-06
-5.88079e-06
-5.88081e-06
-5.88087e-06
-5.88075e-06
-5.8808e-06
-5.88091e-06
-5.88091e-06
-5.88079e-06
-5.8808e-06
-5.88081e-06
-5.88091e-06
-5.88089e-06
-5.88091e-06
-5.8809e-06
-5.88081e-06
-5.8809e-06
-5.88087e-06
-5.88081e-06
-5.88093e-06
-4.11104e-08
-4.11016e-08
-4.11982e-08
-4.11071e-08
-4.11327e-08
-4.11282e-08
-4.12004e-08
-4.11893e-08
-4.1197e-08
-4.10805e-08
-4.11748e-08
-4.11593e-08
-4.11871e-08
-4.11582e-08
-4.11904e-08
-4.11893e-08
-4.12193e-08
-4.11748e-08
-4.12159e-08
-4.12692e-08
-3.06422e-10
-2.91989e-10
-2.9643e-10
-2.02061e-10
-2.66454e-10
-2.76446e-10
-2.34257e-10
-3.07532e-10
-2.79776e-10
-2.93099e-10
-2.56462e-10
-3.15303e-10
-2.79776e-10
-3.15303e-10
-2.80886e-10
-2.54241e-10
-2.9643e-10
-2.81997e-10
-2.67564e-10
-2.34257e-10
-3.55271e-11
-5.55112e-12
-3.33067e-12
0
-1.11022e-12
-1.11022e-12
-3.33067e-12
5.55112e-12
0
-3.33067e-12
0
-3.33067e-12
0
-4.44089e-12
2.22045e-12
0
0
0
-2.22045e-12
0
-1.55431e-11
0
0
4.44089e-12
0
-3.33067e-12
0
-4.44089e-12
0
0
-1.11022e-12
0
-3.33067e-12
1.11022e-12
-3.33067e-12
-3.33067e-12
0
-1.11022e-12
1.11022e-12
-1.9984e-11
0
0
0
4.44089e-12
2.22045e-12
-1.11022e-12
3.33067e-12
-1.11022e-12
-3.33067e-12
0
0
1.11022e-12
0
0
-2.22045e-12
0
3.33067e-12
0
1.11022e-12
1.11022e-12
-2.22045e-12
0
2.22045e-12
-4.44089e-12
2.22045e-12
2.22045e-12
2.22045e-12
0
2.22045e-12
2.22045e-12
0
0
0
0
0
0
1.11022e-12
0
0
-2.22045e-12
2.53131e-10
2.45359e-10
2.22045e-10
2.73115e-10
3.10862e-10
2.80886e-10
3.10862e-10
2.9754e-10
2.56462e-10
2.68674e-10
2.79776e-10
2.18714e-10
2.80886e-10
2.93099e-10
2.80886e-10
2.66454e-10
2.24265e-10
2.80886e-10
2.24265e-10
4.07452e-10
4.11415e-08
4.10905e-08
4.11837e-08
4.11937e-08
4.11848e-08
4.11837e-08
4.11826e-08
4.10472e-08
4.11826e-08
4.11826e-08
4.10727e-08
4.10716e-08
4.10461e-08
4.11193e-08
4.10461e-08
4.10472e-08
4.11193e-08
4.10516e-08
4.11238e-08
4.10982e-08
5.88095e-06
5.88089e-06
5.88096e-06
5.88094e-06
5.88087e-06
5.88091e-06
5.88087e-06
5.88072e-06
5.88093e-06
5.88091e-06
5.88076e-06
5.88089e-06
5.88074e-06
5.88082e-06
5.88074e-06
5.88075e-06
5.88091e-06
5.88093e-06
5.8809e-06
5.88066e-06
0.000702559
0.000702558
0.000702558
0.000702558
0.000702558
0.000702558
0.000702558
0.000702558
0.000702558
0.000702558
0.000702558
0.000702558
0.000702558
0.000702558
0.000702558
0.000702558
0.000702558
0.000702558
0.000702558
0.000702558
0.0673211
0.067321
0.067321
0.067321
0.067321
0.067321
0.067321
0.067321
0.067321
0.067321
0.067321
0.067321
0.067321
0.067321
0.067321
0.067321
0.067321
0.067321
0.067321
0.067321
4.85431
4.85431
4.85431
4.85431
4.85431
4.85431
4.85431
4.85431
4.85431
4.85431
4.85431
4.85431
4.85431
4.85431
4.85431
4.85431
4.85431
4.85431
4.85431
4.85431
234.626
234.626
234.626
234.626
234.626
234.626
234.626
234.626
234.626
234.626
234.626
234.626
234.626
234.626
234.626
234.626
234.626
234.626
234.626
234.626
5760.45
5760.45
5760.45
5760.45
5760.45
5760.45
5760.45
5760.45
5760.45
5760.45
5760.45
5760.45
5760.45
5760.45
5760.45
5760.45
5760.45
5760.45
5760.45
5760.45
)
;

boundaryField
{
    front
    {
        type            calculated;
        value           nonuniform List<scalar> 
20
(
-11061.2
-11061.2
-11061.2
-11061.2
-11061.2
-11061.2
-11061.2
-11061.2
-11061.2
-11061.2
-11061.2
-11061.2
-11061.2
-11061.2
-11061.2
-11061.2
-11061.2
-11061.2
-11061.2
-11061.2
)
;
    }
    back
    {
        type            calculated;
        value           nonuniform List<scalar> 
20
(
11061.2
11061.2
11061.2
11061.2
11061.2
11061.2
11061.2
11061.2
11061.2
11061.2
11061.2
11061.2
11061.2
11061.2
11061.2
11061.2
11061.2
11061.2
11061.2
11061.2
)
;
    }
    left
    {
        type            calculated;
        value           nonuniform List<scalar> 
20
(
-5760.45
-234.626
-4.85431
-0.067321
-0.000702558
-5.88081e-06
-4.11104e-08
-3.06422e-10
-3.55271e-11
-1.55431e-11
0
-2.22045e-12
2.53131e-10
4.11415e-08
5.88095e-06
0.000702559
0.0673211
4.85431
234.626
5760.45
)
;
    }
    right
    {
        type            calculated;
        value           nonuniform List<scalar> 
20
(
-5760.45
-234.626
-4.85431
-0.0673211
-0.000702559
-5.88093e-06
-4.12692e-08
-2.34257e-10
0
-1.9984e-11
1.11022e-12
-2.22045e-12
4.07452e-10
4.10982e-08
5.88066e-06
0.000702558
0.067321
4.85431
234.626
5760.45
)
;
    }
    top
    {
        type            calculated;
        value           nonuniform List<scalar> 
400
(
-5760.45
-234.626
-4.85431
-0.067321
-0.000702558
-5.88081e-06
-4.11104e-08
-3.06422e-10
-3.55271e-11
-1.55431e-11
0
-2.22045e-12
2.53131e-10
4.11415e-08
5.88095e-06
0.000702559
0.0673211
4.85431
234.626
5760.45
-5760.45
-234.626
-4.85431
-0.067321
-0.000702558
-5.88079e-06
-4.11016e-08
-2.91989e-10
-5.55112e-12
0
0
0
2.45359e-10
4.10905e-08
5.88089e-06
0.000702558
0.067321
4.85431
234.626
5760.45
-5760.45
-234.626
-4.85431
-0.067321
-0.000702558
-5.88081e-06
-4.11982e-08
-2.9643e-10
-3.33067e-12
0
0
2.22045e-12
2.22045e-10
4.11837e-08
5.88096e-06
0.000702558
0.067321
4.85431
234.626
5760.45
-5760.45
-234.626
-4.85431
-0.067321
-0.000702558
-5.88087e-06
-4.11071e-08
-2.02061e-10
0
4.44089e-12
4.44089e-12
-4.44089e-12
2.73115e-10
4.11937e-08
5.88094e-06
0.000702558
0.067321
4.85431
234.626
5760.45
-5760.45
-234.626
-4.85431
-0.067321
-0.000702558
-5.88075e-06
-4.11327e-08
-2.66454e-10
-1.11022e-12
0
2.22045e-12
2.22045e-12
3.10862e-10
4.11848e-08
5.88087e-06
0.000702558
0.067321
4.85431
234.626
5760.45
-5760.45
-234.626
-4.85431
-0.067321
-0.000702558
-5.8808e-06
-4.11282e-08
-2.76446e-10
-1.11022e-12
-3.33067e-12
-1.11022e-12
2.22045e-12
2.80886e-10
4.11837e-08
5.88091e-06
0.000702558
0.067321
4.85431
234.626
5760.45
-5760.45
-234.626
-4.85431
-0.067321
-0.000702558
-5.88091e-06
-4.12004e-08
-2.34257e-10
-3.33067e-12
0
3.33067e-12
2.22045e-12
3.10862e-10
4.11826e-08
5.88087e-06
0.000702558
0.067321
4.85431
234.626
5760.45
-5760.45
-234.626
-4.85431
-0.067321
-0.000702558
-5.88091e-06
-4.11893e-08
-3.07532e-10
5.55112e-12
-4.44089e-12
-1.11022e-12
0
2.9754e-10
4.10472e-08
5.88072e-06
0.000702558
0.067321
4.85431
234.626
5760.45
-5760.45
-234.626
-4.85431
-0.067321
-0.000702558
-5.88079e-06
-4.1197e-08
-2.79776e-10
0
0
-3.33067e-12
2.22045e-12
2.56462e-10
4.11826e-08
5.88093e-06
0.000702558
0.067321
4.85431
234.626
5760.45
-5760.45
-234.626
-4.85431
-0.067321
-0.000702558
-5.8808e-06
-4.10805e-08
-2.93099e-10
-3.33067e-12
0
0
2.22045e-12
2.68674e-10
4.11826e-08
5.88091e-06
0.000702558
0.067321
4.85431
234.626
5760.45
-5760.45
-234.626
-4.85431
-0.067321
-0.000702558
-5.88081e-06
-4.11748e-08
-2.56462e-10
0
-1.11022e-12
0
0
2.79776e-10
4.10727e-08
5.88076e-06
0.000702558
0.067321
4.85431
234.626
5760.45
-5760.45
-234.626
-4.85431
-0.067321
-0.000702558
-5.88091e-06
-4.11593e-08
-3.15303e-10
-3.33067e-12
0
1.11022e-12
0
2.18714e-10
4.10716e-08
5.88089e-06
0.000702558
0.067321
4.85431
234.626
5760.45
-5760.45
-234.626
-4.85431
-0.067321
-0.000702558
-5.88089e-06
-4.11871e-08
-2.79776e-10
0
-3.33067e-12
0
0
2.80886e-10
4.10461e-08
5.88074e-06
0.000702558
0.067321
4.85431
234.626
5760.45
-5760.45
-234.626
-4.85431
-0.067321
-0.000702558
-5.88091e-06
-4.11582e-08
-3.15303e-10
-4.44089e-12
1.11022e-12
0
0
2.93099e-10
4.11193e-08
5.88082e-06
0.000702558
0.067321
4.85431
234.626
5760.45
-5760.45
-234.626
-4.85431
-0.067321
-0.000702558
-5.8809e-06
-4.11904e-08
-2.80886e-10
2.22045e-12
-3.33067e-12
-2.22045e-12
0
2.80886e-10
4.10461e-08
5.88074e-06
0.000702558
0.067321
4.85431
234.626
5760.45
-5760.45
-234.626
-4.85431
-0.067321
-0.000702558
-5.88081e-06
-4.11893e-08
-2.54241e-10
0
-3.33067e-12
0
0
2.66454e-10
4.10472e-08
5.88075e-06
0.000702558
0.067321
4.85431
234.626
5760.45
-5760.45
-234.626
-4.85431
-0.067321
-0.000702558
-5.8809e-06
-4.12193e-08
-2.9643e-10
0
0
3.33067e-12
1.11022e-12
2.24265e-10
4.11193e-08
5.88091e-06
0.000702558
0.067321
4.85431
234.626
5760.45
-5760.45
-234.626
-4.85431
-0.067321
-0.000702558
-5.88087e-06
-4.11748e-08
-2.81997e-10
0
-1.11022e-12
0
0
2.80886e-10
4.10516e-08
5.88093e-06
0.000702558
0.067321
4.85431
234.626
5760.45
-5760.45
-234.626
-4.85431
-0.067321
-0.000702558
-5.88081e-06
-4.12159e-08
-2.67564e-10
-2.22045e-12
1.11022e-12
1.11022e-12
0
2.24265e-10
4.11238e-08
5.8809e-06
0.000702558
0.067321
4.85431
234.626
5760.45
-5760.45
-234.626
-4.85431
-0.0673211
-0.000702559
-5.88093e-06
-4.12692e-08
-2.34257e-10
0
-1.9984e-11
1.11022e-12
-2.22045e-12
4.07452e-10
4.10982e-08
5.88066e-06
0.000702558
0.067321
4.85431
234.626
5760.45
)
;
    }
    bottom
    {
        type            calculated;
        value           nonuniform List<scalar> 
400
(
-5760.45
-234.626
-4.85431
-0.067321
-0.000702558
-5.88081e-06
-4.11104e-08
-3.06422e-10
-3.55271e-11
-1.55431e-11
0
-2.22045e-12
2.53131e-10
4.11415e-08
5.88095e-06
0.000702559
0.0673211
4.85431
234.626
5760.45
-5760.45
-234.626
-4.85431
-0.067321
-0.000702558
-5.88079e-06
-4.11016e-08
-2.91989e-10
-5.55112e-12
0
0
0
2.45359e-10
4.10905e-08
5.88089e-06
0.000702558
0.067321
4.85431
234.626
5760.45
-5760.45
-234.626
-4.85431
-0.067321
-0.000702558
-5.88081e-06
-4.11982e-08
-2.9643e-10
-3.33067e-12
0
0
2.22045e-12
2.22045e-10
4.11837e-08
5.88096e-06
0.000702558
0.067321
4.85431
234.626
5760.45
-5760.45
-234.626
-4.85431
-0.067321
-0.000702558
-5.88087e-06
-4.11071e-08
-2.02061e-10
0
4.44089e-12
4.44089e-12
-4.44089e-12
2.73115e-10
4.11937e-08
5.88094e-06
0.000702558
0.067321
4.85431
234.626
5760.45
-5760.45
-234.626
-4.85431
-0.067321
-0.000702558
-5.88075e-06
-4.11327e-08
-2.66454e-10
-1.11022e-12
0
2.22045e-12
2.22045e-12
3.10862e-10
4.11848e-08
5.88087e-06
0.000702558
0.067321
4.85431
234.626
5760.45
-5760.45
-234.626
-4.85431
-0.067321
-0.000702558
-5.8808e-06
-4.11282e-08
-2.76446e-10
-1.11022e-12
-3.33067e-12
-1.11022e-12
2.22045e-12
2.80886e-10
4.11837e-08
5.88091e-06
0.000702558
0.067321
4.85431
234.626
5760.45
-5760.45
-234.626
-4.85431
-0.067321
-0.000702558
-5.88091e-06
-4.12004e-08
-2.34257e-10
-3.33067e-12
0
3.33067e-12
2.22045e-12
3.10862e-10
4.11826e-08
5.88087e-06
0.000702558
0.067321
4.85431
234.626
5760.45
-5760.45
-234.626
-4.85431
-0.067321
-0.000702558
-5.88091e-06
-4.11893e-08
-3.07532e-10
5.55112e-12
-4.44089e-12
-1.11022e-12
0
2.9754e-10
4.10472e-08
5.88072e-06
0.000702558
0.067321
4.85431
234.626
5760.45
-5760.45
-234.626
-4.85431
-0.067321
-0.000702558
-5.88079e-06
-4.1197e-08
-2.79776e-10
0
0
-3.33067e-12
2.22045e-12
2.56462e-10
4.11826e-08
5.88093e-06
0.000702558
0.067321
4.85431
234.626
5760.45
-5760.45
-234.626
-4.85431
-0.067321
-0.000702558
-5.8808e-06
-4.10805e-08
-2.93099e-10
-3.33067e-12
0
0
2.22045e-12
2.68674e-10
4.11826e-08
5.88091e-06
0.000702558
0.067321
4.85431
234.626
5760.45
-5760.45
-234.626
-4.85431
-0.067321
-0.000702558
-5.88081e-06
-4.11748e-08
-2.56462e-10
0
-1.11022e-12
0
0
2.79776e-10
4.10727e-08
5.88076e-06
0.000702558
0.067321
4.85431
234.626
5760.45
-5760.45
-234.626
-4.85431
-0.067321
-0.000702558
-5.88091e-06
-4.11593e-08
-3.15303e-10
-3.33067e-12
0
1.11022e-12
0
2.18714e-10
4.10716e-08
5.88089e-06
0.000702558
0.067321
4.85431
234.626
5760.45
-5760.45
-234.626
-4.85431
-0.067321
-0.000702558
-5.88089e-06
-4.11871e-08
-2.79776e-10
0
-3.33067e-12
0
0
2.80886e-10
4.10461e-08
5.88074e-06
0.000702558
0.067321
4.85431
234.626
5760.45
-5760.45
-234.626
-4.85431
-0.067321
-0.000702558
-5.88091e-06
-4.11582e-08
-3.15303e-10
-4.44089e-12
1.11022e-12
0
0
2.93099e-10
4.11193e-08
5.88082e-06
0.000702558
0.067321
4.85431
234.626
5760.45
-5760.45
-234.626
-4.85431
-0.067321
-0.000702558
-5.8809e-06
-4.11904e-08
-2.80886e-10
2.22045e-12
-3.33067e-12
-2.22045e-12
0
2.80886e-10
4.10461e-08
5.88074e-06
0.000702558
0.067321
4.85431
234.626
5760.45
-5760.45
-234.626
-4.85431
-0.067321
-0.000702558
-5.88081e-06
-4.11893e-08
-2.54241e-10
0
-3.33067e-12
0
0
2.66454e-10
4.10472e-08
5.88075e-06
0.000702558
0.067321
4.85431
234.626
5760.45
-5760.45
-234.626
-4.85431
-0.067321
-0.000702558
-5.8809e-06
-4.12193e-08
-2.9643e-10
0
0
3.33067e-12
1.11022e-12
2.24265e-10
4.11193e-08
5.88091e-06
0.000702558
0.067321
4.85431
234.626
5760.45
-5760.45
-234.626
-4.85431
-0.067321
-0.000702558
-5.88087e-06
-4.11748e-08
-2.81997e-10
0
-1.11022e-12
0
0
2.80886e-10
4.10516e-08
5.88093e-06
0.000702558
0.067321
4.85431
234.626
5760.45
-5760.45
-234.626
-4.85431
-0.067321
-0.000702558
-5.88081e-06
-4.12159e-08
-2.67564e-10
-2.22045e-12
1.11022e-12
1.11022e-12
0
2.24265e-10
4.11238e-08
5.8809e-06
0.000702558
0.067321
4.85431
234.626
5760.45
-5760.45
-234.626
-4.85431
-0.0673211
-0.000702559
-5.88093e-06
-4.12692e-08
-2.34257e-10
0
-1.9984e-11
1.11022e-12
-2.22045e-12
4.07452e-10
4.10982e-08
5.88066e-06
0.000702558
0.067321
4.85431
234.626
5760.45
)
;
    }
}


// ************************************************************************* //
