/*--------------------------------*- C++ -*----------------------------------*\
  =========                 |
  \\      /  F ield         | OpenFOAM: The Open Source CFD Toolbox
   \\    /   O peration     | Website:  https://openfoam.org
    \\  /    A nd           | Version:  8
     \\/     M anipulation  |
\*---------------------------------------------------------------------------*/
FoamFile
{
    version     2.0;
    format      ascii;
    class       volScalarField;
    location    "0.5";
    object      gradTy;
}
// * * * * * * * * * * * * * * * * * * * * * * * * * * * * * * * * * * * * * //

dimensions      [0 -1 0 1 0 0 0];

internalField   nonuniform List<scalar> 
400
(
-5952.39
-5952.39
-5952.39
-5952.39
-5952.39
-5952.39
-5952.39
-5952.39
-5952.39
-5952.39
-5952.39
-5952.39
-5952.39
-5952.39
-5952.39
-5952.39
-5952.39
-5952.39
-5952.39
-5952.39
-47.423
-47.423
-47.423
-47.423
-47.423
-47.423
-47.423
-47.423
-47.423
-47.423
-47.423
-47.423
-47.423
-47.423
-47.423
-47.423
-47.423
-47.423
-47.423
-47.423
-0.191304
-0.191304
-0.191304
-0.191304
-0.191304
-0.191304
-0.191304
-0.191304
-0.191304
-0.191304
-0.191304
-0.191304
-0.191304
-0.191304
-0.191304
-0.191304
-0.191304
-0.191304
-0.191304
-0.191304
-0.000519917
-0.000519917
-0.000519917
-0.000519917
-0.000519917
-0.000519917
-0.000519917
-0.000519917
-0.000519917
-0.000519917
-0.000519917
-0.000519917
-0.000519917
-0.000519917
-0.000519917
-0.000519917
-0.000519917
-0.000519917
-0.000519917
-0.000519919
-1.07041e-06
-1.07043e-06
-1.07042e-06
-1.07041e-06
-1.07043e-06
-1.07042e-06
-1.0704e-06
-1.07044e-06
-1.07042e-06
-1.07044e-06
-1.07045e-06
-1.07042e-06
-1.07043e-06
-1.07042e-06
-1.07044e-06
-1.07044e-06
-1.07045e-06
-1.07044e-06
-1.07042e-06
-1.0704e-06
-1.7697e-09
-1.77747e-09
-1.78302e-09
-1.77969e-09
-1.77414e-09
-1.77969e-09
-1.79079e-09
-1.80189e-09
-1.77636e-09
-1.78191e-09
-1.77636e-09
-1.803e-09
-1.79523e-09
-1.803e-09
-1.80078e-09
-1.77636e-09
-1.79523e-09
-1.79523e-09
-1.77969e-09
-1.79412e-09
3.55271e-11
4.44089e-12
-1.11022e-12
0
3.33067e-12
3.33067e-12
0
-4.44089e-12
-1.11022e-12
2.22045e-12
-1.11022e-12
2.22045e-12
-3.33067e-12
4.44089e-12
-3.33067e-12
-3.33067e-12
-3.33067e-12
-1.11022e-12
1.11022e-12
-2.22045e-11
0
1.11022e-12
-1.11022e-12
0
-1.11022e-12
4.44089e-12
0
-1.11022e-12
0
-1.11022e-12
1.11022e-12
-3.33067e-12
3.33067e-12
-4.44089e-12
1.11022e-12
3.33067e-12
-5.55112e-12
1.11022e-12
0
2.22045e-11
-3.55271e-11
-5.55112e-12
-3.33067e-12
0
-1.11022e-12
-1.11022e-12
-3.33067e-12
5.55112e-12
0
-3.33067e-12
0
-3.33067e-12
0
-4.44089e-12
2.22045e-12
0
0
0
-2.22045e-12
0
-1.55431e-11
0
0
4.44089e-12
0
-3.33067e-12
0
-4.44089e-12
0
0
-1.11022e-12
0
-3.33067e-12
1.11022e-12
-3.33067e-12
-3.33067e-12
0
-1.11022e-12
1.11022e-12
-1.9984e-11
0
0
0
4.44089e-12
2.22045e-12
-1.11022e-12
3.33067e-12
-1.11022e-12
-3.33067e-12
0
0
1.11022e-12
0
0
-2.22045e-12
0
3.33067e-12
0
1.11022e-12
1.11022e-12
-2.22045e-12
0
2.22045e-12
-4.44089e-12
2.22045e-12
2.22045e-12
2.22045e-12
0
2.22045e-12
2.22045e-12
0
0
0
0
0
0
1.11022e-12
0
0
-2.22045e-12
0
0
0
-3.33067e-12
0
0
0
1.11022e-12
0
0
1.11022e-12
-1.11022e-12
1.11022e-12
1.11022e-12
1.11022e-12
0
-3.33067e-12
1.11022e-12
-3.33067e-12
6.21725e-11
0
-2.22045e-12
0
4.44089e-12
0
0
0
0
0
0
0
0
0
-1.11022e-12
0
0
0
0
0
0
1.79523e-09
1.79079e-09
1.803e-09
1.80633e-09
1.79856e-09
1.80078e-09
1.79856e-09
1.76636e-09
1.80189e-09
1.80189e-09
1.77747e-09
1.78302e-09
1.7697e-09
1.78857e-09
1.7697e-09
1.77081e-09
1.78968e-09
1.80078e-09
1.78857e-09
1.71085e-09
1.07043e-06
1.07041e-06
1.07041e-06
1.07043e-06
1.07041e-06
1.07045e-06
1.07041e-06
1.07042e-06
1.07042e-06
1.07044e-06
1.07044e-06
1.07046e-06
1.07044e-06
1.07041e-06
1.07044e-06
1.07043e-06
1.07041e-06
1.07044e-06
1.07041e-06
1.07042e-06
0.000519919
0.000519917
0.000519917
0.000519917
0.000519917
0.000519917
0.000519917
0.000519917
0.000519917
0.000519917
0.000519917
0.000519917
0.000519917
0.000519917
0.000519917
0.000519917
0.000519917
0.000519917
0.000519917
0.000519917
0.191304
0.191304
0.191304
0.191304
0.191304
0.191304
0.191304
0.191304
0.191304
0.191304
0.191304
0.191304
0.191304
0.191304
0.191304
0.191304
0.191304
0.191304
0.191304
0.191304
47.423
47.423
47.423
47.423
47.423
47.423
47.423
47.423
47.423
47.423
47.423
47.423
47.423
47.423
47.423
47.423
47.423
47.423
47.423
47.423
5952.39
5952.39
5952.39
5952.39
5952.39
5952.39
5952.39
5952.39
5952.39
5952.39
5952.39
5952.39
5952.39
5952.39
5952.39
5952.39
5952.39
5952.39
5952.39
5952.39
)
;

boundaryField
{
    front
    {
        type            calculated;
        value           nonuniform List<scalar> 
20
(
-11810.3
-11810.3
-11810.3
-11810.3
-11810.3
-11810.3
-11810.3
-11810.3
-11810.3
-11810.3
-11810.3
-11810.3
-11810.3
-11810.3
-11810.3
-11810.3
-11810.3
-11810.3
-11810.3
-11810.3
)
;
    }
    back
    {
        type            calculated;
        value           nonuniform List<scalar> 
20
(
11810.3
11810.3
11810.3
11810.3
11810.3
11810.3
11810.3
11810.3
11810.3
11810.3
11810.3
11810.3
11810.3
11810.3
11810.3
11810.3
11810.3
11810.3
11810.3
11810.3
)
;
    }
    left
    {
        type            calculated;
        value           nonuniform List<scalar> 
20
(
-5952.39
-47.423
-0.191304
-0.000519917
-1.07041e-06
-1.7697e-09
3.55271e-11
0
-3.55271e-11
-1.55431e-11
0
-2.22045e-12
0
0
1.79523e-09
1.07043e-06
0.000519919
0.191304
47.423
5952.39
)
;
    }
    right
    {
        type            calculated;
        value           nonuniform List<scalar> 
20
(
-5952.39
-47.423
-0.191304
-0.000519919
-1.0704e-06
-1.79412e-09
-2.22045e-11
2.22045e-11
0
-1.9984e-11
1.11022e-12
-2.22045e-12
6.21725e-11
0
1.71085e-09
1.07042e-06
0.000519917
0.191304
47.423
5952.39
)
;
    }
    top
    {
        type            calculated;
        value           nonuniform List<scalar> 
400
(
-5952.39
-47.423
-0.191304
-0.000519917
-1.07041e-06
-1.7697e-09
3.55271e-11
0
-3.55271e-11
-1.55431e-11
0
-2.22045e-12
0
0
1.79523e-09
1.07043e-06
0.000519919
0.191304
47.423
5952.39
-5952.39
-47.423
-0.191304
-0.000519917
-1.07043e-06
-1.77747e-09
4.44089e-12
1.11022e-12
-5.55112e-12
0
0
0
0
-2.22045e-12
1.79079e-09
1.07041e-06
0.000519917
0.191304
47.423
5952.39
-5952.39
-47.423
-0.191304
-0.000519917
-1.07042e-06
-1.78302e-09
-1.11022e-12
-1.11022e-12
-3.33067e-12
0
0
2.22045e-12
0
0
1.803e-09
1.07041e-06
0.000519917
0.191304
47.423
5952.39
-5952.39
-47.423
-0.191304
-0.000519917
-1.07041e-06
-1.77969e-09
0
0
0
4.44089e-12
4.44089e-12
-4.44089e-12
-3.33067e-12
4.44089e-12
1.80633e-09
1.07043e-06
0.000519917
0.191304
47.423
5952.39
-5952.39
-47.423
-0.191304
-0.000519917
-1.07043e-06
-1.77414e-09
3.33067e-12
-1.11022e-12
-1.11022e-12
0
2.22045e-12
2.22045e-12
0
0
1.79856e-09
1.07041e-06
0.000519917
0.191304
47.423
5952.39
-5952.39
-47.423
-0.191304
-0.000519917
-1.07042e-06
-1.77969e-09
3.33067e-12
4.44089e-12
-1.11022e-12
-3.33067e-12
-1.11022e-12
2.22045e-12
0
0
1.80078e-09
1.07045e-06
0.000519917
0.191304
47.423
5952.39
-5952.39
-47.423
-0.191304
-0.000519917
-1.0704e-06
-1.79079e-09
0
0
-3.33067e-12
0
3.33067e-12
2.22045e-12
0
0
1.79856e-09
1.07041e-06
0.000519917
0.191304
47.423
5952.39
-5952.39
-47.423
-0.191304
-0.000519917
-1.07044e-06
-1.80189e-09
-4.44089e-12
-1.11022e-12
5.55112e-12
-4.44089e-12
-1.11022e-12
0
1.11022e-12
0
1.76636e-09
1.07042e-06
0.000519917
0.191304
47.423
5952.39
-5952.39
-47.423
-0.191304
-0.000519917
-1.07042e-06
-1.77636e-09
-1.11022e-12
0
0
0
-3.33067e-12
2.22045e-12
0
0
1.80189e-09
1.07042e-06
0.000519917
0.191304
47.423
5952.39
-5952.39
-47.423
-0.191304
-0.000519917
-1.07044e-06
-1.78191e-09
2.22045e-12
-1.11022e-12
-3.33067e-12
0
0
2.22045e-12
0
0
1.80189e-09
1.07044e-06
0.000519917
0.191304
47.423
5952.39
-5952.39
-47.423
-0.191304
-0.000519917
-1.07045e-06
-1.77636e-09
-1.11022e-12
1.11022e-12
0
-1.11022e-12
0
0
1.11022e-12
0
1.77747e-09
1.07044e-06
0.000519917
0.191304
47.423
5952.39
-5952.39
-47.423
-0.191304
-0.000519917
-1.07042e-06
-1.803e-09
2.22045e-12
-3.33067e-12
-3.33067e-12
0
1.11022e-12
0
-1.11022e-12
0
1.78302e-09
1.07046e-06
0.000519917
0.191304
47.423
5952.39
-5952.39
-47.423
-0.191304
-0.000519917
-1.07043e-06
-1.79523e-09
-3.33067e-12
3.33067e-12
0
-3.33067e-12
0
0
1.11022e-12
0
1.7697e-09
1.07044e-06
0.000519917
0.191304
47.423
5952.39
-5952.39
-47.423
-0.191304
-0.000519917
-1.07042e-06
-1.803e-09
4.44089e-12
-4.44089e-12
-4.44089e-12
1.11022e-12
0
0
1.11022e-12
-1.11022e-12
1.78857e-09
1.07041e-06
0.000519917
0.191304
47.423
5952.39
-5952.39
-47.423
-0.191304
-0.000519917
-1.07044e-06
-1.80078e-09
-3.33067e-12
1.11022e-12
2.22045e-12
-3.33067e-12
-2.22045e-12
0
1.11022e-12
0
1.7697e-09
1.07044e-06
0.000519917
0.191304
47.423
5952.39
-5952.39
-47.423
-0.191304
-0.000519917
-1.07044e-06
-1.77636e-09
-3.33067e-12
3.33067e-12
0
-3.33067e-12
0
0
0
0
1.77081e-09
1.07043e-06
0.000519917
0.191304
47.423
5952.39
-5952.39
-47.423
-0.191304
-0.000519917
-1.07045e-06
-1.79523e-09
-3.33067e-12
-5.55112e-12
0
0
3.33067e-12
1.11022e-12
-3.33067e-12
0
1.78968e-09
1.07041e-06
0.000519917
0.191304
47.423
5952.39
-5952.39
-47.423
-0.191304
-0.000519917
-1.07044e-06
-1.79523e-09
-1.11022e-12
1.11022e-12
0
-1.11022e-12
0
0
1.11022e-12
0
1.80078e-09
1.07044e-06
0.000519917
0.191304
47.423
5952.39
-5952.39
-47.423
-0.191304
-0.000519917
-1.07042e-06
-1.77969e-09
1.11022e-12
0
-2.22045e-12
1.11022e-12
1.11022e-12
0
-3.33067e-12
0
1.78857e-09
1.07041e-06
0.000519917
0.191304
47.423
5952.39
-5952.39
-47.423
-0.191304
-0.000519919
-1.0704e-06
-1.79412e-09
-2.22045e-11
2.22045e-11
0
-1.9984e-11
1.11022e-12
-2.22045e-12
6.21725e-11
0
1.71085e-09
1.07042e-06
0.000519917
0.191304
47.423
5952.39
)
;
    }
    bottom
    {
        type            calculated;
        value           nonuniform List<scalar> 
400
(
-5952.39
-47.423
-0.191304
-0.000519917
-1.07041e-06
-1.7697e-09
3.55271e-11
0
-3.55271e-11
-1.55431e-11
0
-2.22045e-12
0
0
1.79523e-09
1.07043e-06
0.000519919
0.191304
47.423
5952.39
-5952.39
-47.423
-0.191304
-0.000519917
-1.07043e-06
-1.77747e-09
4.44089e-12
1.11022e-12
-5.55112e-12
0
0
0
0
-2.22045e-12
1.79079e-09
1.07041e-06
0.000519917
0.191304
47.423
5952.39
-5952.39
-47.423
-0.191304
-0.000519917
-1.07042e-06
-1.78302e-09
-1.11022e-12
-1.11022e-12
-3.33067e-12
0
0
2.22045e-12
0
0
1.803e-09
1.07041e-06
0.000519917
0.191304
47.423
5952.39
-5952.39
-47.423
-0.191304
-0.000519917
-1.07041e-06
-1.77969e-09
0
0
0
4.44089e-12
4.44089e-12
-4.44089e-12
-3.33067e-12
4.44089e-12
1.80633e-09
1.07043e-06
0.000519917
0.191304
47.423
5952.39
-5952.39
-47.423
-0.191304
-0.000519917
-1.07043e-06
-1.77414e-09
3.33067e-12
-1.11022e-12
-1.11022e-12
0
2.22045e-12
2.22045e-12
0
0
1.79856e-09
1.07041e-06
0.000519917
0.191304
47.423
5952.39
-5952.39
-47.423
-0.191304
-0.000519917
-1.07042e-06
-1.77969e-09
3.33067e-12
4.44089e-12
-1.11022e-12
-3.33067e-12
-1.11022e-12
2.22045e-12
0
0
1.80078e-09
1.07045e-06
0.000519917
0.191304
47.423
5952.39
-5952.39
-47.423
-0.191304
-0.000519917
-1.0704e-06
-1.79079e-09
0
0
-3.33067e-12
0
3.33067e-12
2.22045e-12
0
0
1.79856e-09
1.07041e-06
0.000519917
0.191304
47.423
5952.39
-5952.39
-47.423
-0.191304
-0.000519917
-1.07044e-06
-1.80189e-09
-4.44089e-12
-1.11022e-12
5.55112e-12
-4.44089e-12
-1.11022e-12
0
1.11022e-12
0
1.76636e-09
1.07042e-06
0.000519917
0.191304
47.423
5952.39
-5952.39
-47.423
-0.191304
-0.000519917
-1.07042e-06
-1.77636e-09
-1.11022e-12
0
0
0
-3.33067e-12
2.22045e-12
0
0
1.80189e-09
1.07042e-06
0.000519917
0.191304
47.423
5952.39
-5952.39
-47.423
-0.191304
-0.000519917
-1.07044e-06
-1.78191e-09
2.22045e-12
-1.11022e-12
-3.33067e-12
0
0
2.22045e-12
0
0
1.80189e-09
1.07044e-06
0.000519917
0.191304
47.423
5952.39
-5952.39
-47.423
-0.191304
-0.000519917
-1.07045e-06
-1.77636e-09
-1.11022e-12
1.11022e-12
0
-1.11022e-12
0
0
1.11022e-12
0
1.77747e-09
1.07044e-06
0.000519917
0.191304
47.423
5952.39
-5952.39
-47.423
-0.191304
-0.000519917
-1.07042e-06
-1.803e-09
2.22045e-12
-3.33067e-12
-3.33067e-12
0
1.11022e-12
0
-1.11022e-12
0
1.78302e-09
1.07046e-06
0.000519917
0.191304
47.423
5952.39
-5952.39
-47.423
-0.191304
-0.000519917
-1.07043e-06
-1.79523e-09
-3.33067e-12
3.33067e-12
0
-3.33067e-12
0
0
1.11022e-12
0
1.7697e-09
1.07044e-06
0.000519917
0.191304
47.423
5952.39
-5952.39
-47.423
-0.191304
-0.000519917
-1.07042e-06
-1.803e-09
4.44089e-12
-4.44089e-12
-4.44089e-12
1.11022e-12
0
0
1.11022e-12
-1.11022e-12
1.78857e-09
1.07041e-06
0.000519917
0.191304
47.423
5952.39
-5952.39
-47.423
-0.191304
-0.000519917
-1.07044e-06
-1.80078e-09
-3.33067e-12
1.11022e-12
2.22045e-12
-3.33067e-12
-2.22045e-12
0
1.11022e-12
0
1.7697e-09
1.07044e-06
0.000519917
0.191304
47.423
5952.39
-5952.39
-47.423
-0.191304
-0.000519917
-1.07044e-06
-1.77636e-09
-3.33067e-12
3.33067e-12
0
-3.33067e-12
0
0
0
0
1.77081e-09
1.07043e-06
0.000519917
0.191304
47.423
5952.39
-5952.39
-47.423
-0.191304
-0.000519917
-1.07045e-06
-1.79523e-09
-3.33067e-12
-5.55112e-12
0
0
3.33067e-12
1.11022e-12
-3.33067e-12
0
1.78968e-09
1.07041e-06
0.000519917
0.191304
47.423
5952.39
-5952.39
-47.423
-0.191304
-0.000519917
-1.07044e-06
-1.79523e-09
-1.11022e-12
1.11022e-12
0
-1.11022e-12
0
0
1.11022e-12
0
1.80078e-09
1.07044e-06
0.000519917
0.191304
47.423
5952.39
-5952.39
-47.423
-0.191304
-0.000519917
-1.07042e-06
-1.77969e-09
1.11022e-12
0
-2.22045e-12
1.11022e-12
1.11022e-12
0
-3.33067e-12
0
1.78857e-09
1.07041e-06
0.000519917
0.191304
47.423
5952.39
-5952.39
-47.423
-0.191304
-0.000519919
-1.0704e-06
-1.79412e-09
-2.22045e-11
2.22045e-11
0
-1.9984e-11
1.11022e-12
-2.22045e-12
6.21725e-11
0
1.71085e-09
1.07042e-06
0.000519917
0.191304
47.423
5952.39
)
;
    }
}


// ************************************************************************* //
