/*--------------------------------*- C++ -*----------------------------------*\
  =========                 |
  \\      /  F ield         | OpenFOAM: The Open Source CFD Toolbox
   \\    /   O peration     | Website:  https://openfoam.org
    \\  /    A nd           | Version:  8
     \\/     M anipulation  |
\*---------------------------------------------------------------------------*/
FoamFile
{
    version     2.0;
    format      ascii;
    class       volScalarField;
    location    "0.5";
    object      gradTx;
}
// * * * * * * * * * * * * * * * * * * * * * * * * * * * * * * * * * * * * * //

dimensions      [0 -1 0 1 0 0 0];

internalField   nonuniform List<scalar> 
400
(
-1.21014e-09
-1.21014e-09
-4.66294e-11
-2.9976e-11
1.66533e-11
2.33147e-11
3.10862e-11
0
-1.88738e-11
-1.55431e-11
-2.88658e-11
5.55112e-12
-1.11022e-12
-1.33227e-11
2.10942e-11
-5.55112e-12
-1.11022e-12
-2.22045e-12
1.21125e-09
1.22902e-09
1.22125e-11
5.55112e-12
-3.10862e-11
-1.11022e-12
1.33227e-11
1.22125e-11
2.22045e-12
-2.44249e-11
2.33147e-11
9.99201e-12
-3.44169e-11
9.99201e-12
2.77556e-11
-1.77636e-11
-1.88738e-11
-8.88178e-12
1.22125e-11
1.20903e-09
2.99747e-07
2.98561e-07
-1.33227e-11
-7.77156e-12
0
-1.55431e-11
2.44249e-11
1.55431e-11
-3.33067e-12
0
-1.11022e-11
6.66134e-12
-1.77636e-11
6.66134e-12
0
-3.55271e-11
2.9976e-11
1.44329e-11
-6.66134e-12
2.77556e-11
2.42806e-09
2.41362e-09
1.22125e-11
6.66134e-12
-1.88738e-11
8.88178e-12
1.33227e-11
-2.55351e-11
2.44249e-11
1.55431e-11
-2.22045e-12
3.21965e-11
-2.33147e-11
-2.10942e-11
0
1.44329e-11
2.44249e-11
5.55112e-12
0
-2.9976e-11
-2.33147e-11
1.11022e-12
-6.66134e-12
-2.22045e-12
0
-1.11022e-11
0
1.55431e-11
2.88658e-11
-1.33227e-11
-2.22045e-11
-1.11022e-12
1.9984e-11
1.9984e-11
0
7.77156e-12
-3.10862e-11
-2.22045e-12
1.9984e-11
-2.10942e-11
-2.22045e-12
1.33227e-11
0
3.33067e-12
0
-3.33067e-12
0
3.33067e-12
3.33067e-12
0
-3.33067e-12
-3.33067e-12
1.11022e-12
2.22045e-12
0
0
2.22045e-12
0
-2.22045e-12
0
2.10942e-11
1.9984e-11
-1.33227e-11
-1.55431e-11
-2.22045e-12
-2.22045e-12
1.11022e-12
-1.11022e-12
5.55112e-12
0
-2.22045e-12
-1.11022e-12
1.11022e-12
0
0
2.22045e-12
-3.33067e-12
2.22045e-12
0
-4.44089e-12
0
0
-3.10862e-11
-3.33067e-11
-4.44089e-12
0
3.33067e-12
0
-3.33067e-12
0
3.33067e-12
-3.33067e-12
0
0
1.11022e-12
0
-4.44089e-12
0
1.11022e-12
3.33067e-12
0
-4.44089e-12
-1.44329e-11
-1.66533e-11
-2.22045e-12
-1.11022e-12
4.44089e-12
1.11022e-12
-1.11022e-12
0
-2.22045e-12
0
-1.11022e-12
2.22045e-12
0
0
3.33067e-12
-3.33067e-12
-2.22045e-12
0
2.10942e-11
2.33147e-11
1.11022e-12
0
0
1.11022e-12
2.22045e-12
-1.11022e-12
2.22045e-12
3.33067e-12
-4.44089e-12
-3.33067e-12
0
0
0
2.22045e-12
0
-2.22045e-12
0
2.22045e-12
0
-2.22045e-12
0
-1.11022e-12
2.22045e-12
0
-3.33067e-12
0
-1.11022e-12
0
1.11022e-12
-1.11022e-12
-1.11022e-12
0
1.11022e-12
0
-1.11022e-12
0
0
1.11022e-12
2.22045e-12
1.11022e-12
0
0
4.44089e-12
4.44089e-12
-4.44089e-12
0
2.22045e-12
-3.33067e-12
-3.33067e-12
0
1.11022e-12
0
-1.11022e-12
0
0
3.33067e-12
0
0
1.11022e-12
-2.22045e-12
2.22045e-12
3.33067e-12
-2.22045e-12
0
3.33067e-12
0
-3.33067e-12
0
3.33067e-12
-3.33067e-12
-3.33067e-12
0
1.11022e-12
0
-1.11022e-12
1.11022e-12
0
0
0
-1.11022e-12
0
0
1.11022e-12
3.33067e-12
0
0
4.44089e-12
-4.44089e-12
-4.44089e-12
1.11022e-12
0
0
1.11022e-12
0
-1.11022e-12
0
1.11022e-12
-1.11022e-12
6.32827e-11
6.21725e-11
0
3.33067e-12
4.44089e-12
0
-1.11022e-12
0
-3.33067e-12
0
3.33067e-12
-3.33067e-12
-3.33067e-12
0
0
0
0
0
0
0
0
0
-4.44089e-12
7.77156e-12
1.66533e-11
0
-5.55112e-12
0
-3.10862e-11
0
3.10862e-11
-2.33147e-11
-2.10942e-11
-6.66134e-12
7.77156e-12
0
-1.77636e-11
1.77636e-11
2.9976e-11
0
-2.77556e-11
-1.44329e-11
-2.33147e-11
-2.44249e-11
1.88738e-11
-1.11022e-12
2.44249e-11
0
-3.77476e-11
1.44329e-11
2.22045e-11
1.55431e-11
1.55431e-11
0
-4.21885e-11
0
1.44329e-11
-2.88658e-11
1.11022e-11
0
-1.9984e-11
8.88178e-12
-2.43583e-09
-2.43916e-09
8.88178e-12
0
-1.22125e-11
0
1.77636e-11
-1.11022e-12
-1.66533e-11
-2.88658e-11
-1.33227e-11
4.77396e-11
4.44089e-12
0
-2.10942e-11
-2.22045e-11
2.9976e-11
-4.44089e-12
2.33147e-11
3.10862e-11
-2.98583e-07
-2.99758e-07
-1.17684e-09
-1.55431e-11
-1.33227e-11
0
4.10783e-11
3.55271e-11
-1.22125e-11
-1.22125e-11
1.22125e-11
0
-3.9968e-11
0
1.44329e-11
-2.22045e-11
4.44089e-12
0
3.88578e-11
5.9952e-11
-1.21014e-09
-1.18794e-09
-1.9984e-11
-1.11022e-12
1.66533e-11
1.11022e-12
-1.55431e-11
-2.9976e-11
4.44089e-11
-8.88178e-12
-1.66533e-11
-4.44089e-12
1.66533e-11
-1.11022e-12
-4.55191e-11
6.66134e-12
0
3.9968e-11
1.22125e-09
1.17684e-09
)
;

boundaryField
{
    front
    {
        type            calculated;
        value           nonuniform List<scalar> 
20
(
-1.21014e-09
-1.21014e-09
-4.66294e-11
-2.9976e-11
1.66533e-11
2.33147e-11
3.10862e-11
0
-1.88738e-11
-1.55431e-11
-2.88658e-11
5.55112e-12
-1.11022e-12
-1.33227e-11
2.10942e-11
-5.55112e-12
-1.11022e-12
-2.22045e-12
1.21125e-09
1.22902e-09
)
;
    }
    back
    {
        type            calculated;
        value           nonuniform List<scalar> 
20
(
-1.21014e-09
-1.18794e-09
-1.9984e-11
-1.11022e-12
1.66533e-11
1.11022e-12
-1.55431e-11
-2.9976e-11
4.44089e-11
-8.88178e-12
-1.66533e-11
-4.44089e-12
1.66533e-11
-1.11022e-12
-4.55191e-11
6.66134e-12
0
3.9968e-11
1.22125e-09
1.17684e-09
)
;
    }
    left
    {
        type            calculated;
        value           uniform 0;
    }
    right
    {
        type            calculated;
        value           uniform 0;
    }
    top
    {
        type            calculated;
        value           nonuniform List<scalar> 
400
(
-1.21014e-09
1.22125e-11
-1.33227e-11
1.22125e-11
-6.66134e-12
0
-1.33227e-11
-3.10862e-11
-1.44329e-11
1.11022e-12
0
0
2.22045e-12
0
0
-4.44089e-12
-2.33147e-11
-2.43583e-09
-2.98583e-07
-1.21014e-09
-1.21014e-09
5.55112e-12
-7.77156e-12
6.66134e-12
-2.22045e-12
3.33067e-12
-1.55431e-11
-3.33067e-11
-1.66533e-11
0
-1.11022e-12
0
3.33067e-12
0
3.33067e-12
7.77156e-12
-2.44249e-11
-2.43916e-09
-2.99758e-07
-1.18794e-09
-4.66294e-11
-3.10862e-11
0
-1.88738e-11
0
0
-2.22045e-12
-4.44089e-12
-2.22045e-12
0
2.22045e-12
4.44089e-12
-2.22045e-12
1.11022e-12
4.44089e-12
1.66533e-11
1.88738e-11
8.88178e-12
-1.17684e-09
-1.9984e-11
-2.9976e-11
-1.11022e-12
-1.55431e-11
8.88178e-12
-1.11022e-11
-3.33067e-12
-2.22045e-12
0
-1.11022e-12
1.11022e-12
0
4.44089e-12
0
3.33067e-12
0
0
-1.11022e-12
0
-1.55431e-11
-1.11022e-12
1.66533e-11
1.33227e-11
2.44249e-11
1.33227e-11
0
0
1.11022e-12
3.33067e-12
4.44089e-12
2.22045e-12
-3.33067e-12
-4.44089e-12
3.33067e-12
0
-1.11022e-12
-5.55112e-12
2.44249e-11
-1.22125e-11
-1.33227e-11
1.66533e-11
2.33147e-11
1.22125e-11
1.55431e-11
-2.55351e-11
1.55431e-11
3.33067e-12
-1.11022e-12
0
1.11022e-12
-1.11022e-12
0
0
0
0
0
0
0
0
0
1.11022e-12
3.10862e-11
2.22045e-12
-3.33067e-12
2.44249e-11
2.88658e-11
3.33067e-12
5.55112e-12
-3.33067e-12
-1.11022e-12
2.22045e-12
-1.11022e-12
2.22045e-12
-3.33067e-12
4.44089e-12
-3.33067e-12
-3.10862e-11
-3.77476e-11
1.77636e-11
4.10783e-11
-1.55431e-11
0
-2.44249e-11
0
1.55431e-11
-1.33227e-11
0
0
0
0
3.33067e-12
0
-3.33067e-12
0
-4.44089e-12
0
0
1.44329e-11
-1.11022e-12
3.55271e-11
-2.9976e-11
-1.88738e-11
2.33147e-11
-1.11022e-11
-2.22045e-12
-2.22045e-11
-3.33067e-12
-2.22045e-12
3.33067e-12
-2.22045e-12
-4.44089e-12
1.11022e-12
-3.33067e-12
3.33067e-12
-4.44089e-12
3.33067e-12
3.10862e-11
2.22045e-11
-1.66533e-11
-1.22125e-11
4.44089e-11
-1.55431e-11
9.99201e-12
6.66134e-12
3.21965e-11
-1.11022e-12
-3.33067e-12
-1.11022e-12
-3.33067e-12
0
-3.33067e-12
-1.11022e-12
0
-3.33067e-12
1.11022e-12
-3.33067e-12
-2.33147e-11
1.55431e-11
-2.88658e-11
-1.22125e-11
-8.88178e-12
-2.88658e-11
-3.44169e-11
-1.77636e-11
-2.33147e-11
1.9984e-11
1.11022e-12
1.11022e-12
0
-1.11022e-12
0
-1.11022e-12
1.11022e-12
-3.33067e-12
0
-3.33067e-12
-2.10942e-11
1.55431e-11
-1.33227e-11
1.22125e-11
-1.66533e-11
5.55112e-12
9.99201e-12
6.66134e-12
-2.10942e-11
1.9984e-11
2.22045e-12
0
0
2.22045e-12
0
0
0
0
0
0
-6.66134e-12
0
4.77396e-11
0
-4.44089e-12
-1.11022e-12
2.77556e-11
0
0
0
0
0
1.11022e-12
0
0
1.11022e-12
-1.11022e-12
1.11022e-12
1.11022e-12
0
7.77156e-12
-4.21885e-11
4.44089e-12
-3.9968e-11
1.66533e-11
-1.33227e-11
-1.77636e-11
-3.55271e-11
1.44329e-11
7.77156e-12
0
2.22045e-12
0
0
2.22045e-12
0
0
0
0
0
0
0
0
0
-1.11022e-12
2.10942e-11
-1.88738e-11
2.9976e-11
2.44249e-11
-3.10862e-11
2.22045e-12
-3.33067e-12
-4.44089e-12
3.33067e-12
0
-1.11022e-12
0
-1.11022e-12
-1.11022e-12
0
-1.77636e-11
1.44329e-11
-2.10942e-11
1.44329e-11
-4.55191e-11
-5.55112e-12
-8.88178e-12
1.44329e-11
5.55112e-12
-2.22045e-12
0
2.22045e-12
0
-3.33067e-12
-2.22045e-12
0
3.33067e-12
1.11022e-12
0
0
1.77636e-11
-2.88658e-11
-2.22045e-11
-2.22045e-11
6.66134e-12
-1.11022e-12
1.22125e-11
-6.66134e-12
0
1.9984e-11
-2.22045e-12
0
1.11022e-12
-2.22045e-12
0
0
0
0
1.11022e-12
0
2.9976e-11
1.11022e-11
2.9976e-11
4.44089e-12
0
-2.22045e-12
1.20903e-09
2.77556e-11
-2.9976e-11
-2.10942e-11
0
-4.44089e-12
3.33067e-12
0
2.22045e-12
1.11022e-12
0
0
-1.11022e-12
0
0
0
-4.44089e-12
0
3.9968e-11
1.21125e-09
2.99747e-07
2.42806e-09
-2.33147e-11
-2.22045e-12
2.10942e-11
0
0
2.10942e-11
0
2.22045e-12
1.11022e-12
0
6.32827e-11
0
-2.77556e-11
-1.9984e-11
2.33147e-11
3.88578e-11
1.22125e-09
1.22902e-09
2.98561e-07
2.41362e-09
1.11022e-12
1.33227e-11
1.9984e-11
0
-4.44089e-12
2.33147e-11
-2.22045e-12
1.11022e-12
-2.22045e-12
-1.11022e-12
6.21725e-11
0
-1.44329e-11
8.88178e-12
3.10862e-11
5.9952e-11
1.17684e-09
)
;
    }
    bottom
    {
        type            calculated;
        value           nonuniform List<scalar> 
400
(
-1.21014e-09
1.22125e-11
-1.33227e-11
1.22125e-11
-6.66134e-12
0
-1.33227e-11
-3.10862e-11
-1.44329e-11
1.11022e-12
0
0
2.22045e-12
0
0
-4.44089e-12
-2.33147e-11
-2.43583e-09
-2.98583e-07
-1.21014e-09
-1.21014e-09
5.55112e-12
-7.77156e-12
6.66134e-12
-2.22045e-12
3.33067e-12
-1.55431e-11
-3.33067e-11
-1.66533e-11
0
-1.11022e-12
0
3.33067e-12
0
3.33067e-12
7.77156e-12
-2.44249e-11
-2.43916e-09
-2.99758e-07
-1.18794e-09
-4.66294e-11
-3.10862e-11
0
-1.88738e-11
0
0
-2.22045e-12
-4.44089e-12
-2.22045e-12
0
2.22045e-12
4.44089e-12
-2.22045e-12
1.11022e-12
4.44089e-12
1.66533e-11
1.88738e-11
8.88178e-12
-1.17684e-09
-1.9984e-11
-2.9976e-11
-1.11022e-12
-1.55431e-11
8.88178e-12
-1.11022e-11
-3.33067e-12
-2.22045e-12
0
-1.11022e-12
1.11022e-12
0
4.44089e-12
0
3.33067e-12
0
0
-1.11022e-12
0
-1.55431e-11
-1.11022e-12
1.66533e-11
1.33227e-11
2.44249e-11
1.33227e-11
0
0
1.11022e-12
3.33067e-12
4.44089e-12
2.22045e-12
-3.33067e-12
-4.44089e-12
3.33067e-12
0
-1.11022e-12
-5.55112e-12
2.44249e-11
-1.22125e-11
-1.33227e-11
1.66533e-11
2.33147e-11
1.22125e-11
1.55431e-11
-2.55351e-11
1.55431e-11
3.33067e-12
-1.11022e-12
0
1.11022e-12
-1.11022e-12
0
0
0
0
0
0
0
0
0
1.11022e-12
3.10862e-11
2.22045e-12
-3.33067e-12
2.44249e-11
2.88658e-11
3.33067e-12
5.55112e-12
-3.33067e-12
-1.11022e-12
2.22045e-12
-1.11022e-12
2.22045e-12
-3.33067e-12
4.44089e-12
-3.33067e-12
-3.10862e-11
-3.77476e-11
1.77636e-11
4.10783e-11
-1.55431e-11
0
-2.44249e-11
0
1.55431e-11
-1.33227e-11
0
0
0
0
3.33067e-12
0
-3.33067e-12
0
-4.44089e-12
0
0
1.44329e-11
-1.11022e-12
3.55271e-11
-2.9976e-11
-1.88738e-11
2.33147e-11
-1.11022e-11
-2.22045e-12
-2.22045e-11
-3.33067e-12
-2.22045e-12
3.33067e-12
-2.22045e-12
-4.44089e-12
1.11022e-12
-3.33067e-12
3.33067e-12
-4.44089e-12
3.33067e-12
3.10862e-11
2.22045e-11
-1.66533e-11
-1.22125e-11
4.44089e-11
-1.55431e-11
9.99201e-12
6.66134e-12
3.21965e-11
-1.11022e-12
-3.33067e-12
-1.11022e-12
-3.33067e-12
0
-3.33067e-12
-1.11022e-12
0
-3.33067e-12
1.11022e-12
-3.33067e-12
-2.33147e-11
1.55431e-11
-2.88658e-11
-1.22125e-11
-8.88178e-12
-2.88658e-11
-3.44169e-11
-1.77636e-11
-2.33147e-11
1.9984e-11
1.11022e-12
1.11022e-12
0
-1.11022e-12
0
-1.11022e-12
1.11022e-12
-3.33067e-12
0
-3.33067e-12
-2.10942e-11
1.55431e-11
-1.33227e-11
1.22125e-11
-1.66533e-11
5.55112e-12
9.99201e-12
6.66134e-12
-2.10942e-11
1.9984e-11
2.22045e-12
0
0
2.22045e-12
0
0
0
0
0
0
-6.66134e-12
0
4.77396e-11
0
-4.44089e-12
-1.11022e-12
2.77556e-11
0
0
0
0
0
1.11022e-12
0
0
1.11022e-12
-1.11022e-12
1.11022e-12
1.11022e-12
0
7.77156e-12
-4.21885e-11
4.44089e-12
-3.9968e-11
1.66533e-11
-1.33227e-11
-1.77636e-11
-3.55271e-11
1.44329e-11
7.77156e-12
0
2.22045e-12
0
0
2.22045e-12
0
0
0
0
0
0
0
0
0
-1.11022e-12
2.10942e-11
-1.88738e-11
2.9976e-11
2.44249e-11
-3.10862e-11
2.22045e-12
-3.33067e-12
-4.44089e-12
3.33067e-12
0
-1.11022e-12
0
-1.11022e-12
-1.11022e-12
0
-1.77636e-11
1.44329e-11
-2.10942e-11
1.44329e-11
-4.55191e-11
-5.55112e-12
-8.88178e-12
1.44329e-11
5.55112e-12
-2.22045e-12
0
2.22045e-12
0
-3.33067e-12
-2.22045e-12
0
3.33067e-12
1.11022e-12
0
0
1.77636e-11
-2.88658e-11
-2.22045e-11
-2.22045e-11
6.66134e-12
-1.11022e-12
1.22125e-11
-6.66134e-12
0
1.9984e-11
-2.22045e-12
0
1.11022e-12
-2.22045e-12
0
0
0
0
1.11022e-12
0
2.9976e-11
1.11022e-11
2.9976e-11
4.44089e-12
0
-2.22045e-12
1.20903e-09
2.77556e-11
-2.9976e-11
-2.10942e-11
0
-4.44089e-12
3.33067e-12
0
2.22045e-12
1.11022e-12
0
0
-1.11022e-12
0
0
0
-4.44089e-12
0
3.9968e-11
1.21125e-09
2.99747e-07
2.42806e-09
-2.33147e-11
-2.22045e-12
2.10942e-11
0
0
2.10942e-11
0
2.22045e-12
1.11022e-12
0
6.32827e-11
0
-2.77556e-11
-1.9984e-11
2.33147e-11
3.88578e-11
1.22125e-09
1.22902e-09
2.98561e-07
2.41362e-09
1.11022e-12
1.33227e-11
1.9984e-11
0
-4.44089e-12
2.33147e-11
-2.22045e-12
1.11022e-12
-2.22045e-12
-1.11022e-12
6.21725e-11
0
-1.44329e-11
8.88178e-12
3.10862e-11
5.9952e-11
1.17684e-09
)
;
    }
}


// ************************************************************************* //
