/*--------------------------------*- C++ -*----------------------------------*\
  =========                 |
  \\      /  F ield         | OpenFOAM: The Open Source CFD Toolbox
   \\    /   O peration     | Website:  https://openfoam.org
    \\  /    A nd           | Version:  8
     \\/     M anipulation  |
\*---------------------------------------------------------------------------*/
FoamFile
{
    version     2.0;
    format      ascii;
    class       volScalarField;
    location    "2.1";
    object      gradTx;
}
// * * * * * * * * * * * * * * * * * * * * * * * * * * * * * * * * * * * * * //

dimensions      [0 -1 0 1 0 0 0];

internalField   nonuniform List<scalar> 
400
(
-1.94311e-08
-1.9662e-08
-3.90799e-10
-1.02141e-10
5.77316e-11
8.65974e-11
1.16573e-10
-2.22045e-12
-5.21805e-11
-3.77476e-11
-1.13243e-10
9.99201e-12
-2.22045e-12
-6.55032e-11
9.54792e-11
-2.22045e-11
3.33067e-12
4.09672e-10
1.94178e-08
1.90847e-08
-3.95239e-10
-4.22995e-10
-1.26565e-10
-3.33067e-12
5.10703e-11
4.66294e-11
6.66134e-12
-8.99281e-11
8.54872e-11
5.21805e-11
-1.32117e-10
1.66533e-11
1.03251e-10
-7.21645e-11
-6.43929e-11
-3.9968e-11
2.69784e-10
1.94511e-08
1.16673e-06
1.1476e-06
-3.77476e-11
-5.55112e-12
-8.88178e-12
-7.10543e-11
1.06581e-10
6.99441e-11
-2.44249e-11
0
-2.77556e-11
2.55351e-11
-6.88338e-11
1.88738e-11
-2.22045e-12
-1.4877e-10
1.03251e-10
6.88338e-11
-1.33227e-11
7.51621e-10
3.94884e-08
3.88001e-08
2.22045e-11
2.22045e-12
-6.88338e-11
3.66374e-11
4.77396e-11
-9.4369e-11
1.06581e-10
6.77236e-11
-1.77636e-11
1.12133e-10
-9.21485e-11
-9.10383e-11
0
7.21645e-11
1.05471e-10
5.55112e-12
0
-9.32587e-11
5.65104e-10
6.55032e-10
-4.10783e-11
-2.55351e-11
-7.77156e-12
-6.88338e-11
0
9.76996e-11
1.22125e-10
-5.88418e-11
-1.0103e-10
2.22045e-12
1.0103e-10
7.77156e-11
-1.11022e-12
1.44329e-11
-1.26565e-10
7.77156e-12
6.77236e-11
-9.32587e-11
2.22045e-11
8.54872e-11
-2.9976e-11
4.21885e-11
1.11022e-12
-5.10703e-11
2.10942e-11
4.996e-11
4.10783e-11
0
-8.21565e-11
-2.22045e-11
6.32827e-11
9.99201e-12
0
0
1.88738e-11
2.22045e-11
-7.77156e-12
1.11022e-12
7.54952e-11
4.10783e-11
-1.77636e-11
-1.9984e-11
-5.88418e-11
-1.44329e-11
4.77396e-11
-2.55351e-11
1.44329e-11
3.21965e-11
-4.44089e-12
-8.88178e-12
6.66134e-12
7.77156e-12
0
3.33067e-12
-2.44249e-11
4.44089e-12
7.77156e-12
-1.11022e-11
-8.88178e-12
-1.11022e-12
-3.10862e-11
-3.33067e-11
-4.44089e-12
0
3.33067e-12
0
-3.33067e-12
0
3.33067e-12
-3.33067e-12
0
0
1.11022e-12
0
-4.44089e-12
0
1.11022e-12
3.33067e-12
0
-4.44089e-12
-1.44329e-11
-1.66533e-11
-2.22045e-12
-1.11022e-12
4.44089e-12
1.11022e-12
-1.11022e-12
0
-2.22045e-12
0
-1.11022e-12
2.22045e-12
0
0
3.33067e-12
-3.33067e-12
-2.22045e-12
0
2.10942e-11
2.33147e-11
1.11022e-12
0
0
1.11022e-12
2.22045e-12
-1.11022e-12
2.22045e-12
3.33067e-12
-4.44089e-12
-3.33067e-12
0
0
0
2.22045e-12
0
-2.22045e-12
0
2.22045e-12
0
-2.22045e-12
0
-1.11022e-12
2.22045e-12
0
-3.33067e-12
0
-1.11022e-12
0
1.11022e-12
-1.11022e-12
-1.11022e-12
0
1.11022e-12
0
-1.11022e-12
0
0
1.11022e-12
2.22045e-12
1.11022e-12
0
0
4.44089e-12
4.44089e-12
-4.44089e-12
0
2.22045e-12
-3.33067e-12
-3.33067e-12
0
1.11022e-12
0
-1.11022e-12
0
0
3.33067e-12
0
0
1.11022e-12
-2.22045e-12
2.22045e-12
3.33067e-12
-2.22045e-12
0
3.33067e-12
0
-3.33067e-12
0
3.33067e-12
-3.33067e-12
-3.33067e-12
0
1.11022e-12
0
-1.11022e-12
1.11022e-12
0
0
0
-1.11022e-12
-7.77156e-12
-2.66454e-11
1.9984e-11
5.21805e-11
-1.11022e-12
0
7.77156e-12
-2.66454e-11
-1.44329e-11
1.22125e-11
-2.66454e-11
-1.11022e-12
4.10783e-11
1.11022e-12
-1.66533e-11
-3.33067e-11
9.99201e-12
-1.11022e-12
1.04361e-10
1.36557e-10
-3.33067e-11
3.77476e-11
7.77156e-11
0
-4.44089e-12
0
-1.11022e-10
0
1.11022e-10
-8.88178e-11
-8.88178e-11
-2.10942e-11
3.88578e-11
0
-6.32827e-11
6.32827e-11
5.55112e-12
2.22045e-12
3.21965e-11
-2.33147e-11
-5.44009e-11
-6.66134e-12
6.88338e-11
0
-2.33147e-11
-3.33067e-12
-1.36557e-10
0
1.33227e-10
-1.16573e-10
-5.66214e-11
-1.66533e-11
2.22045e-12
-2.22045e-12
-8.10463e-11
1.03251e-10
1.5099e-10
-1.88738e-11
-1.08802e-10
-4.21885e-11
-7.20535e-10
-7.29417e-10
5.21805e-11
-1.88738e-11
8.54872e-11
-7.77156e-12
-1.5099e-10
6.32827e-11
9.99201e-11
5.21805e-11
4.44089e-11
0
-1.5099e-10
-1.11022e-12
5.32907e-11
-1.06581e-10
4.44089e-11
0
-6.10623e-11
4.44089e-11
-3.89089e-08
-3.95406e-08
-5.88418e-10
-5.55112e-12
-4.55191e-11
1.11022e-12
5.44009e-11
3.33067e-12
-5.55112e-11
-1.15463e-10
-4.55191e-11
1.72085e-10
9.99201e-12
0
-8.21565e-11
-7.32747e-11
1.11022e-10
-1.77636e-11
1.17684e-10
1.46549e-10
-1.14771e-06
-1.16678e-06
-1.92801e-08
-2.62013e-10
-4.66294e-11
0
1.40998e-10
1.38778e-10
-3.9968e-11
-5.9952e-11
4.88498e-11
3.33067e-12
-1.44329e-10
0
4.55191e-11
-7.99361e-11
1.33227e-11
3.33067e-12
5.79536e-10
6.53921e-10
-1.90459e-08
-1.9359e-08
-4.72955e-10
0
5.88418e-11
-1.11022e-12
-5.21805e-11
-1.08802e-10
1.58762e-10
-3.10862e-11
-4.77396e-11
-1.66533e-11
5.88418e-11
-2.22045e-12
-1.73195e-10
1.33227e-11
7.77156e-12
3.74145e-10
1.96887e-08
1.93023e-08
)
;

boundaryField
{
    front
    {
        type            calculated;
        value           nonuniform List<scalar> 
20
(
-1.94311e-08
-1.9662e-08
-3.90799e-10
-1.02141e-10
5.77316e-11
8.65974e-11
1.16573e-10
-2.22045e-12
-5.21805e-11
-3.77476e-11
-1.13243e-10
9.99201e-12
-2.22045e-12
-6.55032e-11
9.54792e-11
-2.22045e-11
3.33067e-12
4.09672e-10
1.94178e-08
1.90847e-08
)
;
    }
    back
    {
        type            calculated;
        value           nonuniform List<scalar> 
20
(
-1.90459e-08
-1.9359e-08
-4.72955e-10
0
5.88418e-11
-1.11022e-12
-5.21805e-11
-1.08802e-10
1.58762e-10
-3.10862e-11
-4.77396e-11
-1.66533e-11
5.88418e-11
-2.22045e-12
-1.73195e-10
1.33227e-11
7.77156e-12
3.74145e-10
1.96887e-08
1.93023e-08
)
;
    }
    left
    {
        type            calculated;
        value           uniform 0;
    }
    right
    {
        type            calculated;
        value           uniform 0;
    }
    top
    {
        type            calculated;
        value           nonuniform List<scalar> 
400
(
-1.94311e-08
-3.95239e-10
-3.77476e-11
2.22045e-11
-4.10783e-11
-2.9976e-11
-1.77636e-11
-3.10862e-11
-1.44329e-11
1.11022e-12
0
0
2.22045e-12
-7.77156e-12
-3.33067e-11
-5.44009e-11
-7.20535e-10
-3.89089e-08
-1.14771e-06
-1.90459e-08
-1.9662e-08
-4.22995e-10
-5.55112e-12
2.22045e-12
-2.55351e-11
4.21885e-11
-1.9984e-11
-3.33067e-11
-1.66533e-11
0
-1.11022e-12
0
3.33067e-12
-2.66454e-11
3.77476e-11
-6.66134e-12
-7.29417e-10
-3.95406e-08
-1.16678e-06
-1.9359e-08
-3.90799e-10
-1.26565e-10
-8.88178e-12
-6.88338e-11
-7.77156e-12
1.11022e-12
-5.88418e-11
-4.44089e-12
-2.22045e-12
0
2.22045e-12
4.44089e-12
-2.22045e-12
1.9984e-11
7.77156e-11
6.88338e-11
5.21805e-11
-5.88418e-10
-1.92801e-08
-4.72955e-10
-1.02141e-10
-3.33067e-12
-7.10543e-11
3.66374e-11
-6.88338e-11
-5.10703e-11
-1.44329e-11
0
-1.11022e-12
1.11022e-12
0
4.44089e-12
0
5.21805e-11
0
0
-1.88738e-11
-5.55112e-12
-2.62013e-10
0
5.77316e-11
5.10703e-11
1.06581e-10
4.77396e-11
0
2.10942e-11
4.77396e-11
3.33067e-12
4.44089e-12
2.22045e-12
-3.33067e-12
-4.44089e-12
3.33067e-12
-1.11022e-12
-4.44089e-12
-2.33147e-11
8.54872e-11
-4.55191e-11
-4.66294e-11
5.88418e-11
8.65974e-11
4.66294e-11
6.99441e-11
-9.4369e-11
9.76996e-11
4.996e-11
-2.55351e-11
0
1.11022e-12
-1.11022e-12
0
0
0
0
0
-3.33067e-12
-7.77156e-12
1.11022e-12
0
-1.11022e-12
1.16573e-10
6.66134e-12
-2.44249e-11
1.06581e-10
1.22125e-10
4.10783e-11
1.44329e-11
-3.33067e-12
-1.11022e-12
2.22045e-12
-1.11022e-12
2.22045e-12
-3.33067e-12
7.77156e-12
-1.11022e-10
-1.36557e-10
-1.5099e-10
5.44009e-11
1.40998e-10
-5.21805e-11
-2.22045e-12
-8.99281e-11
0
6.77236e-11
-5.88418e-11
0
3.21965e-11
0
0
3.33067e-12
0
-3.33067e-12
0
-2.66454e-11
0
0
6.32827e-11
3.33067e-12
1.38778e-10
-1.08802e-10
-5.21805e-11
8.54872e-11
-2.77556e-11
-1.77636e-11
-1.0103e-10
-8.21565e-11
-4.44089e-12
3.33067e-12
-2.22045e-12
-4.44089e-12
1.11022e-12
-3.33067e-12
3.33067e-12
-1.44329e-11
1.11022e-10
1.33227e-10
9.99201e-11
-5.55112e-11
-3.9968e-11
1.58762e-10
-3.77476e-11
5.21805e-11
2.55351e-11
1.12133e-10
2.22045e-12
-2.22045e-11
-8.88178e-12
-3.33067e-12
0
-3.33067e-12
-1.11022e-12
0
-3.33067e-12
1.22125e-11
-8.88178e-11
-1.16573e-10
5.21805e-11
-1.15463e-10
-5.9952e-11
-3.10862e-11
-1.13243e-10
-1.32117e-10
-6.88338e-11
-9.21485e-11
1.0103e-10
6.32827e-11
6.66134e-12
0
-1.11022e-12
0
-1.11022e-12
1.11022e-12
-3.33067e-12
-2.66454e-11
-8.88178e-11
-5.66214e-11
4.44089e-11
-4.55191e-11
4.88498e-11
-4.77396e-11
9.99201e-12
1.66533e-11
1.88738e-11
-9.10383e-11
7.77156e-11
9.99201e-12
7.77156e-12
0
2.22045e-12
0
0
0
0
-1.11022e-12
-2.10942e-11
-1.66533e-11
0
1.72085e-10
3.33067e-12
-1.66533e-11
-2.22045e-12
1.03251e-10
-2.22045e-12
0
-1.11022e-12
0
0
1.11022e-12
0
0
1.11022e-12
-1.11022e-12
1.11022e-12
4.10783e-11
3.88578e-11
2.22045e-12
-1.5099e-10
9.99201e-12
-1.44329e-10
5.88418e-11
-6.55032e-11
-7.21645e-11
-1.4877e-10
7.21645e-11
1.44329e-11
0
3.33067e-12
0
0
2.22045e-12
0
0
0
1.11022e-12
0
-2.22045e-12
-1.11022e-12
0
0
-2.22045e-12
9.54792e-11
-6.43929e-11
1.03251e-10
1.05471e-10
-1.26565e-10
1.88738e-11
-2.44249e-11
-4.44089e-12
3.33067e-12
0
-1.11022e-12
0
-1.11022e-12
-1.66533e-11
-6.32827e-11
-8.10463e-11
5.32907e-11
-8.21565e-11
4.55191e-11
-1.73195e-10
-2.22045e-11
-3.9968e-11
6.88338e-11
5.55112e-12
7.77156e-12
2.22045e-11
4.44089e-12
0
-3.33067e-12
-2.22045e-12
0
3.33067e-12
1.11022e-12
-3.33067e-11
6.32827e-11
1.03251e-10
-1.06581e-10
-7.32747e-11
-7.99361e-11
1.33227e-11
3.33067e-12
2.69784e-10
-1.33227e-11
0
6.77236e-11
-7.77156e-12
7.77156e-12
1.11022e-12
-2.22045e-12
0
0
0
0
9.99201e-12
5.55112e-12
1.5099e-10
4.44089e-11
1.11022e-10
1.33227e-11
7.77156e-12
4.09672e-10
1.94511e-08
7.51621e-10
-9.32587e-11
-9.32587e-11
1.11022e-12
-1.11022e-11
3.33067e-12
0
2.22045e-12
1.11022e-12
0
0
-1.11022e-12
2.22045e-12
-1.88738e-11
0
-1.77636e-11
3.33067e-12
3.74145e-10
1.94178e-08
1.16673e-06
3.94884e-08
5.65104e-10
2.22045e-11
7.54952e-11
-8.88178e-12
0
2.10942e-11
0
2.22045e-12
1.11022e-12
0
1.04361e-10
3.21965e-11
-1.08802e-10
-6.10623e-11
1.17684e-10
5.79536e-10
1.96887e-08
1.90847e-08
1.1476e-06
3.88001e-08
6.55032e-10
8.54872e-11
4.10783e-11
-1.11022e-12
-4.44089e-12
2.33147e-11
-2.22045e-12
1.11022e-12
-2.22045e-12
-1.11022e-12
1.36557e-10
-2.33147e-11
-4.21885e-11
4.44089e-11
1.46549e-10
6.53921e-10
1.93023e-08
)
;
    }
    bottom
    {
        type            calculated;
        value           nonuniform List<scalar> 
400
(
-1.94311e-08
-3.95239e-10
-3.77476e-11
2.22045e-11
-4.10783e-11
-2.9976e-11
-1.77636e-11
-3.10862e-11
-1.44329e-11
1.11022e-12
0
0
2.22045e-12
-7.77156e-12
-3.33067e-11
-5.44009e-11
-7.20535e-10
-3.89089e-08
-1.14771e-06
-1.90459e-08
-1.9662e-08
-4.22995e-10
-5.55112e-12
2.22045e-12
-2.55351e-11
4.21885e-11
-1.9984e-11
-3.33067e-11
-1.66533e-11
0
-1.11022e-12
0
3.33067e-12
-2.66454e-11
3.77476e-11
-6.66134e-12
-7.29417e-10
-3.95406e-08
-1.16678e-06
-1.9359e-08
-3.90799e-10
-1.26565e-10
-8.88178e-12
-6.88338e-11
-7.77156e-12
1.11022e-12
-5.88418e-11
-4.44089e-12
-2.22045e-12
0
2.22045e-12
4.44089e-12
-2.22045e-12
1.9984e-11
7.77156e-11
6.88338e-11
5.21805e-11
-5.88418e-10
-1.92801e-08
-4.72955e-10
-1.02141e-10
-3.33067e-12
-7.10543e-11
3.66374e-11
-6.88338e-11
-5.10703e-11
-1.44329e-11
0
-1.11022e-12
1.11022e-12
0
4.44089e-12
0
5.21805e-11
0
0
-1.88738e-11
-5.55112e-12
-2.62013e-10
0
5.77316e-11
5.10703e-11
1.06581e-10
4.77396e-11
0
2.10942e-11
4.77396e-11
3.33067e-12
4.44089e-12
2.22045e-12
-3.33067e-12
-4.44089e-12
3.33067e-12
-1.11022e-12
-4.44089e-12
-2.33147e-11
8.54872e-11
-4.55191e-11
-4.66294e-11
5.88418e-11
8.65974e-11
4.66294e-11
6.99441e-11
-9.4369e-11
9.76996e-11
4.996e-11
-2.55351e-11
0
1.11022e-12
-1.11022e-12
0
0
0
0
0
-3.33067e-12
-7.77156e-12
1.11022e-12
0
-1.11022e-12
1.16573e-10
6.66134e-12
-2.44249e-11
1.06581e-10
1.22125e-10
4.10783e-11
1.44329e-11
-3.33067e-12
-1.11022e-12
2.22045e-12
-1.11022e-12
2.22045e-12
-3.33067e-12
7.77156e-12
-1.11022e-10
-1.36557e-10
-1.5099e-10
5.44009e-11
1.40998e-10
-5.21805e-11
-2.22045e-12
-8.99281e-11
0
6.77236e-11
-5.88418e-11
0
3.21965e-11
0
0
3.33067e-12
0
-3.33067e-12
0
-2.66454e-11
0
0
6.32827e-11
3.33067e-12
1.38778e-10
-1.08802e-10
-5.21805e-11
8.54872e-11
-2.77556e-11
-1.77636e-11
-1.0103e-10
-8.21565e-11
-4.44089e-12
3.33067e-12
-2.22045e-12
-4.44089e-12
1.11022e-12
-3.33067e-12
3.33067e-12
-1.44329e-11
1.11022e-10
1.33227e-10
9.99201e-11
-5.55112e-11
-3.9968e-11
1.58762e-10
-3.77476e-11
5.21805e-11
2.55351e-11
1.12133e-10
2.22045e-12
-2.22045e-11
-8.88178e-12
-3.33067e-12
0
-3.33067e-12
-1.11022e-12
0
-3.33067e-12
1.22125e-11
-8.88178e-11
-1.16573e-10
5.21805e-11
-1.15463e-10
-5.9952e-11
-3.10862e-11
-1.13243e-10
-1.32117e-10
-6.88338e-11
-9.21485e-11
1.0103e-10
6.32827e-11
6.66134e-12
0
-1.11022e-12
0
-1.11022e-12
1.11022e-12
-3.33067e-12
-2.66454e-11
-8.88178e-11
-5.66214e-11
4.44089e-11
-4.55191e-11
4.88498e-11
-4.77396e-11
9.99201e-12
1.66533e-11
1.88738e-11
-9.10383e-11
7.77156e-11
9.99201e-12
7.77156e-12
0
2.22045e-12
0
0
0
0
-1.11022e-12
-2.10942e-11
-1.66533e-11
0
1.72085e-10
3.33067e-12
-1.66533e-11
-2.22045e-12
1.03251e-10
-2.22045e-12
0
-1.11022e-12
0
0
1.11022e-12
0
0
1.11022e-12
-1.11022e-12
1.11022e-12
4.10783e-11
3.88578e-11
2.22045e-12
-1.5099e-10
9.99201e-12
-1.44329e-10
5.88418e-11
-6.55032e-11
-7.21645e-11
-1.4877e-10
7.21645e-11
1.44329e-11
0
3.33067e-12
0
0
2.22045e-12
0
0
0
1.11022e-12
0
-2.22045e-12
-1.11022e-12
0
0
-2.22045e-12
9.54792e-11
-6.43929e-11
1.03251e-10
1.05471e-10
-1.26565e-10
1.88738e-11
-2.44249e-11
-4.44089e-12
3.33067e-12
0
-1.11022e-12
0
-1.11022e-12
-1.66533e-11
-6.32827e-11
-8.10463e-11
5.32907e-11
-8.21565e-11
4.55191e-11
-1.73195e-10
-2.22045e-11
-3.9968e-11
6.88338e-11
5.55112e-12
7.77156e-12
2.22045e-11
4.44089e-12
0
-3.33067e-12
-2.22045e-12
0
3.33067e-12
1.11022e-12
-3.33067e-11
6.32827e-11
1.03251e-10
-1.06581e-10
-7.32747e-11
-7.99361e-11
1.33227e-11
3.33067e-12
2.69784e-10
-1.33227e-11
0
6.77236e-11
-7.77156e-12
7.77156e-12
1.11022e-12
-2.22045e-12
0
0
0
0
9.99201e-12
5.55112e-12
1.5099e-10
4.44089e-11
1.11022e-10
1.33227e-11
7.77156e-12
4.09672e-10
1.94511e-08
7.51621e-10
-9.32587e-11
-9.32587e-11
1.11022e-12
-1.11022e-11
3.33067e-12
0
2.22045e-12
1.11022e-12
0
0
-1.11022e-12
2.22045e-12
-1.88738e-11
0
-1.77636e-11
3.33067e-12
3.74145e-10
1.94178e-08
1.16673e-06
3.94884e-08
5.65104e-10
2.22045e-11
7.54952e-11
-8.88178e-12
0
2.10942e-11
0
2.22045e-12
1.11022e-12
0
1.04361e-10
3.21965e-11
-1.08802e-10
-6.10623e-11
1.17684e-10
5.79536e-10
1.96887e-08
1.90847e-08
1.1476e-06
3.88001e-08
6.55032e-10
8.54872e-11
4.10783e-11
-1.11022e-12
-4.44089e-12
2.33147e-11
-2.22045e-12
1.11022e-12
-2.22045e-12
-1.11022e-12
1.36557e-10
-2.33147e-11
-4.21885e-11
4.44089e-11
1.46549e-10
6.53921e-10
1.93023e-08
)
;
    }
}


// ************************************************************************* //
