/*--------------------------------*- C++ -*----------------------------------*\
  =========                 |
  \\      /  F ield         | OpenFOAM: The Open Source CFD Toolbox
   \\    /   O peration     | Website:  https://openfoam.org
    \\  /    A nd           | Version:  8
     \\/     M anipulation  |
\*---------------------------------------------------------------------------*/
FoamFile
{
    version     2.0;
    format      ascii;
    class       volScalarField;
    location    "2.1";
    object      gradTy;
}
// * * * * * * * * * * * * * * * * * * * * * * * * * * * * * * * * * * * * * //

dimensions      [0 -1 0 1 0 0 0];

internalField   nonuniform List<scalar> 
400
(
-5805
-5805
-5805
-5805
-5805
-5805
-5805
-5805
-5805
-5805
-5805
-5805
-5805
-5805
-5805
-5805
-5805
-5805
-5805
-5805
-191.75
-191.75
-191.75
-191.75
-191.75
-191.75
-191.75
-191.75
-191.75
-191.75
-191.75
-191.75
-191.75
-191.75
-191.75
-191.75
-191.75
-191.75
-191.75
-191.75
-3.21022
-3.21022
-3.21022
-3.21022
-3.21022
-3.21022
-3.21022
-3.21022
-3.21022
-3.21022
-3.21022
-3.21022
-3.21022
-3.21022
-3.21022
-3.21022
-3.21022
-3.21022
-3.21022
-3.21022
-0.0360168
-0.0360168
-0.0360168
-0.0360168
-0.0360168
-0.0360168
-0.0360168
-0.0360168
-0.0360168
-0.0360168
-0.0360168
-0.0360168
-0.0360168
-0.0360168
-0.0360168
-0.0360168
-0.0360168
-0.0360168
-0.0360168
-0.0360168
-0.00030413
-0.00030413
-0.00030413
-0.00030413
-0.00030413
-0.00030413
-0.00030413
-0.00030413
-0.00030413
-0.00030413
-0.00030413
-0.00030413
-0.00030413
-0.00030413
-0.00030413
-0.00030413
-0.00030413
-0.00030413
-0.00030413
-0.00030413
-2.06049e-06
-2.06046e-06
-2.06048e-06
-2.06052e-06
-2.06043e-06
-2.06047e-06
-2.06055e-06
-2.06057e-06
-2.06046e-06
-2.06048e-06
-2.06047e-06
-2.06057e-06
-2.06054e-06
-2.06057e-06
-2.06055e-06
-2.06047e-06
-2.06056e-06
-2.06053e-06
-2.06047e-06
-2.06056e-06
-1.16562e-08
-1.16551e-08
-1.17317e-08
-1.16607e-08
-1.16807e-08
-1.16784e-08
-1.17306e-08
-1.17228e-08
-1.17317e-08
-1.16374e-08
-1.1714e-08
-1.16995e-08
-1.17228e-08
-1.16984e-08
-1.17228e-08
-1.17228e-08
-1.1745e-08
-1.17129e-08
-1.17428e-08
-1.17895e-08
-8.32667e-11
-7.88258e-11
-7.99361e-11
-2.10942e-11
-6.66134e-11
-6.55032e-11
-4.10783e-11
-8.21565e-11
-7.10543e-11
-7.88258e-11
-6.10623e-11
-8.88178e-11
-6.88338e-11
-8.88178e-11
-7.10543e-11
-5.88418e-11
-7.99361e-11
-7.10543e-11
-6.77236e-11
-4.21885e-11
-3.55271e-11
-5.55112e-12
-3.33067e-12
0
-1.11022e-12
-1.11022e-12
-3.33067e-12
5.55112e-12
0
-3.33067e-12
0
-3.33067e-12
0
-4.44089e-12
2.22045e-12
0
0
0
-2.22045e-12
0
-1.55431e-11
0
0
4.44089e-12
0
-3.33067e-12
0
-4.44089e-12
0
0
-1.11022e-12
0
-3.33067e-12
1.11022e-12
-3.33067e-12
-3.33067e-12
0
-1.11022e-12
1.11022e-12
-1.9984e-11
0
0
0
4.44089e-12
2.22045e-12
-1.11022e-12
3.33067e-12
-1.11022e-12
-3.33067e-12
0
0
1.11022e-12
0
0
-2.22045e-12
0
3.33067e-12
0
1.11022e-12
1.11022e-12
-2.22045e-12
0
2.22045e-12
-4.44089e-12
2.22045e-12
2.22045e-12
2.22045e-12
0
2.22045e-12
2.22045e-12
0
0
0
0
0
0
1.11022e-12
0
0
-2.22045e-12
6.21725e-11
5.44009e-11
3.66374e-11
6.88338e-11
8.54872e-11
7.10543e-11
8.54872e-11
7.88258e-11
6.21725e-11
6.66134e-11
7.54952e-11
3.77476e-11
7.43849e-11
8.10463e-11
7.43849e-11
6.43929e-11
3.77476e-11
7.43849e-11
3.77476e-11
1.76525e-10
1.16851e-08
1.16485e-08
1.17195e-08
1.17284e-08
1.17195e-08
1.17206e-08
1.17195e-08
1.16118e-08
1.17184e-08
1.17195e-08
1.1634e-08
1.16351e-08
1.16118e-08
1.16718e-08
1.16118e-08
1.16129e-08
1.16729e-08
1.16174e-08
1.16751e-08
1.16518e-08
2.06057e-06
2.06053e-06
2.06059e-06
2.06058e-06
2.06054e-06
2.06056e-06
2.06054e-06
2.06041e-06
2.06056e-06
2.06056e-06
2.06043e-06
2.06053e-06
2.06042e-06
2.06049e-06
2.06042e-06
2.06042e-06
2.06055e-06
2.06057e-06
2.06053e-06
2.06035e-06
0.00030413
0.00030413
0.00030413
0.00030413
0.00030413
0.00030413
0.00030413
0.00030413
0.00030413
0.00030413
0.00030413
0.00030413
0.00030413
0.00030413
0.00030413
0.00030413
0.00030413
0.00030413
0.00030413
0.00030413
0.0360168
0.0360168
0.0360168
0.0360168
0.0360168
0.0360168
0.0360168
0.0360168
0.0360168
0.0360168
0.0360168
0.0360168
0.0360168
0.0360168
0.0360168
0.0360168
0.0360168
0.0360168
0.0360168
0.0360168
3.21022
3.21022
3.21022
3.21022
3.21022
3.21022
3.21022
3.21022
3.21022
3.21022
3.21022
3.21022
3.21022
3.21022
3.21022
3.21022
3.21022
3.21022
3.21022
3.21022
191.75
191.75
191.75
191.75
191.75
191.75
191.75
191.75
191.75
191.75
191.75
191.75
191.75
191.75
191.75
191.75
191.75
191.75
191.75
191.75
5805
5805
5805
5805
5805
5805
5805
5805
5805
5805
5805
5805
5805
5805
5805
5805
5805
5805
5805
5805
)
;

boundaryField
{
    front
    {
        type            calculated;
        value           nonuniform List<scalar> 
20
(
-11232.9
-11232.9
-11232.9
-11232.9
-11232.9
-11232.9
-11232.9
-11232.9
-11232.9
-11232.9
-11232.9
-11232.9
-11232.9
-11232.9
-11232.9
-11232.9
-11232.9
-11232.9
-11232.9
-11232.9
)
;
    }
    back
    {
        type            calculated;
        value           nonuniform List<scalar> 
20
(
11232.9
11232.9
11232.9
11232.9
11232.9
11232.9
11232.9
11232.9
11232.9
11232.9
11232.9
11232.9
11232.9
11232.9
11232.9
11232.9
11232.9
11232.9
11232.9
11232.9
)
;
    }
    left
    {
        type            calculated;
        value           nonuniform List<scalar> 
20
(
-5805
-191.75
-3.21022
-0.0360168
-0.00030413
-2.06049e-06
-1.16562e-08
-8.32667e-11
-3.55271e-11
-1.55431e-11
0
-2.22045e-12
6.21725e-11
1.16851e-08
2.06057e-06
0.00030413
0.0360168
3.21022
191.75
5805
)
;
    }
    right
    {
        type            calculated;
        value           nonuniform List<scalar> 
20
(
-5805
-191.75
-3.21022
-0.0360168
-0.00030413
-2.06056e-06
-1.17895e-08
-4.21885e-11
0
-1.9984e-11
1.11022e-12
-2.22045e-12
1.76525e-10
1.16518e-08
2.06035e-06
0.00030413
0.0360168
3.21022
191.75
5805
)
;
    }
    top
    {
        type            calculated;
        value           nonuniform List<scalar> 
400
(
-5805
-191.75
-3.21022
-0.0360168
-0.00030413
-2.06049e-06
-1.16562e-08
-8.32667e-11
-3.55271e-11
-1.55431e-11
0
-2.22045e-12
6.21725e-11
1.16851e-08
2.06057e-06
0.00030413
0.0360168
3.21022
191.75
5805
-5805
-191.75
-3.21022
-0.0360168
-0.00030413
-2.06046e-06
-1.16551e-08
-7.88258e-11
-5.55112e-12
0
0
0
5.44009e-11
1.16485e-08
2.06053e-06
0.00030413
0.0360168
3.21022
191.75
5805
-5805
-191.75
-3.21022
-0.0360168
-0.00030413
-2.06048e-06
-1.17317e-08
-7.99361e-11
-3.33067e-12
0
0
2.22045e-12
3.66374e-11
1.17195e-08
2.06059e-06
0.00030413
0.0360168
3.21022
191.75
5805
-5805
-191.75
-3.21022
-0.0360168
-0.00030413
-2.06052e-06
-1.16607e-08
-2.10942e-11
0
4.44089e-12
4.44089e-12
-4.44089e-12
6.88338e-11
1.17284e-08
2.06058e-06
0.00030413
0.0360168
3.21022
191.75
5805
-5805
-191.75
-3.21022
-0.0360168
-0.00030413
-2.06043e-06
-1.16807e-08
-6.66134e-11
-1.11022e-12
0
2.22045e-12
2.22045e-12
8.54872e-11
1.17195e-08
2.06054e-06
0.00030413
0.0360168
3.21022
191.75
5805
-5805
-191.75
-3.21022
-0.0360168
-0.00030413
-2.06047e-06
-1.16784e-08
-6.55032e-11
-1.11022e-12
-3.33067e-12
-1.11022e-12
2.22045e-12
7.10543e-11
1.17206e-08
2.06056e-06
0.00030413
0.0360168
3.21022
191.75
5805
-5805
-191.75
-3.21022
-0.0360168
-0.00030413
-2.06055e-06
-1.17306e-08
-4.10783e-11
-3.33067e-12
0
3.33067e-12
2.22045e-12
8.54872e-11
1.17195e-08
2.06054e-06
0.00030413
0.0360168
3.21022
191.75
5805
-5805
-191.75
-3.21022
-0.0360168
-0.00030413
-2.06057e-06
-1.17228e-08
-8.21565e-11
5.55112e-12
-4.44089e-12
-1.11022e-12
0
7.88258e-11
1.16118e-08
2.06041e-06
0.00030413
0.0360168
3.21022
191.75
5805
-5805
-191.75
-3.21022
-0.0360168
-0.00030413
-2.06046e-06
-1.17317e-08
-7.10543e-11
0
0
-3.33067e-12
2.22045e-12
6.21725e-11
1.17184e-08
2.06056e-06
0.00030413
0.0360168
3.21022
191.75
5805
-5805
-191.75
-3.21022
-0.0360168
-0.00030413
-2.06048e-06
-1.16374e-08
-7.88258e-11
-3.33067e-12
0
0
2.22045e-12
6.66134e-11
1.17195e-08
2.06056e-06
0.00030413
0.0360168
3.21022
191.75
5805
-5805
-191.75
-3.21022
-0.0360168
-0.00030413
-2.06047e-06
-1.1714e-08
-6.10623e-11
0
-1.11022e-12
0
0
7.54952e-11
1.1634e-08
2.06043e-06
0.00030413
0.0360168
3.21022
191.75
5805
-5805
-191.75
-3.21022
-0.0360168
-0.00030413
-2.06057e-06
-1.16995e-08
-8.88178e-11
-3.33067e-12
0
1.11022e-12
0
3.77476e-11
1.16351e-08
2.06053e-06
0.00030413
0.0360168
3.21022
191.75
5805
-5805
-191.75
-3.21022
-0.0360168
-0.00030413
-2.06054e-06
-1.17228e-08
-6.88338e-11
0
-3.33067e-12
0
0
7.43849e-11
1.16118e-08
2.06042e-06
0.00030413
0.0360168
3.21022
191.75
5805
-5805
-191.75
-3.21022
-0.0360168
-0.00030413
-2.06057e-06
-1.16984e-08
-8.88178e-11
-4.44089e-12
1.11022e-12
0
0
8.10463e-11
1.16718e-08
2.06049e-06
0.00030413
0.0360168
3.21022
191.75
5805
-5805
-191.75
-3.21022
-0.0360168
-0.00030413
-2.06055e-06
-1.17228e-08
-7.10543e-11
2.22045e-12
-3.33067e-12
-2.22045e-12
0
7.43849e-11
1.16118e-08
2.06042e-06
0.00030413
0.0360168
3.21022
191.75
5805
-5805
-191.75
-3.21022
-0.0360168
-0.00030413
-2.06047e-06
-1.17228e-08
-5.88418e-11
0
-3.33067e-12
0
0
6.43929e-11
1.16129e-08
2.06042e-06
0.00030413
0.0360168
3.21022
191.75
5805
-5805
-191.75
-3.21022
-0.0360168
-0.00030413
-2.06056e-06
-1.1745e-08
-7.99361e-11
0
0
3.33067e-12
1.11022e-12
3.77476e-11
1.16729e-08
2.06055e-06
0.00030413
0.0360168
3.21022
191.75
5805
-5805
-191.75
-3.21022
-0.0360168
-0.00030413
-2.06053e-06
-1.17129e-08
-7.10543e-11
0
-1.11022e-12
0
0
7.43849e-11
1.16174e-08
2.06057e-06
0.00030413
0.0360168
3.21022
191.75
5805
-5805
-191.75
-3.21022
-0.0360168
-0.00030413
-2.06047e-06
-1.17428e-08
-6.77236e-11
-2.22045e-12
1.11022e-12
1.11022e-12
0
3.77476e-11
1.16751e-08
2.06053e-06
0.00030413
0.0360168
3.21022
191.75
5805
-5805
-191.75
-3.21022
-0.0360168
-0.00030413
-2.06056e-06
-1.17895e-08
-4.21885e-11
0
-1.9984e-11
1.11022e-12
-2.22045e-12
1.76525e-10
1.16518e-08
2.06035e-06
0.00030413
0.0360168
3.21022
191.75
5805
)
;
    }
    bottom
    {
        type            calculated;
        value           nonuniform List<scalar> 
400
(
-5805
-191.75
-3.21022
-0.0360168
-0.00030413
-2.06049e-06
-1.16562e-08
-8.32667e-11
-3.55271e-11
-1.55431e-11
0
-2.22045e-12
6.21725e-11
1.16851e-08
2.06057e-06
0.00030413
0.0360168
3.21022
191.75
5805
-5805
-191.75
-3.21022
-0.0360168
-0.00030413
-2.06046e-06
-1.16551e-08
-7.88258e-11
-5.55112e-12
0
0
0
5.44009e-11
1.16485e-08
2.06053e-06
0.00030413
0.0360168
3.21022
191.75
5805
-5805
-191.75
-3.21022
-0.0360168
-0.00030413
-2.06048e-06
-1.17317e-08
-7.99361e-11
-3.33067e-12
0
0
2.22045e-12
3.66374e-11
1.17195e-08
2.06059e-06
0.00030413
0.0360168
3.21022
191.75
5805
-5805
-191.75
-3.21022
-0.0360168
-0.00030413
-2.06052e-06
-1.16607e-08
-2.10942e-11
0
4.44089e-12
4.44089e-12
-4.44089e-12
6.88338e-11
1.17284e-08
2.06058e-06
0.00030413
0.0360168
3.21022
191.75
5805
-5805
-191.75
-3.21022
-0.0360168
-0.00030413
-2.06043e-06
-1.16807e-08
-6.66134e-11
-1.11022e-12
0
2.22045e-12
2.22045e-12
8.54872e-11
1.17195e-08
2.06054e-06
0.00030413
0.0360168
3.21022
191.75
5805
-5805
-191.75
-3.21022
-0.0360168
-0.00030413
-2.06047e-06
-1.16784e-08
-6.55032e-11
-1.11022e-12
-3.33067e-12
-1.11022e-12
2.22045e-12
7.10543e-11
1.17206e-08
2.06056e-06
0.00030413
0.0360168
3.21022
191.75
5805
-5805
-191.75
-3.21022
-0.0360168
-0.00030413
-2.06055e-06
-1.17306e-08
-4.10783e-11
-3.33067e-12
0
3.33067e-12
2.22045e-12
8.54872e-11
1.17195e-08
2.06054e-06
0.00030413
0.0360168
3.21022
191.75
5805
-5805
-191.75
-3.21022
-0.0360168
-0.00030413
-2.06057e-06
-1.17228e-08
-8.21565e-11
5.55112e-12
-4.44089e-12
-1.11022e-12
0
7.88258e-11
1.16118e-08
2.06041e-06
0.00030413
0.0360168
3.21022
191.75
5805
-5805
-191.75
-3.21022
-0.0360168
-0.00030413
-2.06046e-06
-1.17317e-08
-7.10543e-11
0
0
-3.33067e-12
2.22045e-12
6.21725e-11
1.17184e-08
2.06056e-06
0.00030413
0.0360168
3.21022
191.75
5805
-5805
-191.75
-3.21022
-0.0360168
-0.00030413
-2.06048e-06
-1.16374e-08
-7.88258e-11
-3.33067e-12
0
0
2.22045e-12
6.66134e-11
1.17195e-08
2.06056e-06
0.00030413
0.0360168
3.21022
191.75
5805
-5805
-191.75
-3.21022
-0.0360168
-0.00030413
-2.06047e-06
-1.1714e-08
-6.10623e-11
0
-1.11022e-12
0
0
7.54952e-11
1.1634e-08
2.06043e-06
0.00030413
0.0360168
3.21022
191.75
5805
-5805
-191.75
-3.21022
-0.0360168
-0.00030413
-2.06057e-06
-1.16995e-08
-8.88178e-11
-3.33067e-12
0
1.11022e-12
0
3.77476e-11
1.16351e-08
2.06053e-06
0.00030413
0.0360168
3.21022
191.75
5805
-5805
-191.75
-3.21022
-0.0360168
-0.00030413
-2.06054e-06
-1.17228e-08
-6.88338e-11
0
-3.33067e-12
0
0
7.43849e-11
1.16118e-08
2.06042e-06
0.00030413
0.0360168
3.21022
191.75
5805
-5805
-191.75
-3.21022
-0.0360168
-0.00030413
-2.06057e-06
-1.16984e-08
-8.88178e-11
-4.44089e-12
1.11022e-12
0
0
8.10463e-11
1.16718e-08
2.06049e-06
0.00030413
0.0360168
3.21022
191.75
5805
-5805
-191.75
-3.21022
-0.0360168
-0.00030413
-2.06055e-06
-1.17228e-08
-7.10543e-11
2.22045e-12
-3.33067e-12
-2.22045e-12
0
7.43849e-11
1.16118e-08
2.06042e-06
0.00030413
0.0360168
3.21022
191.75
5805
-5805
-191.75
-3.21022
-0.0360168
-0.00030413
-2.06047e-06
-1.17228e-08
-5.88418e-11
0
-3.33067e-12
0
0
6.43929e-11
1.16129e-08
2.06042e-06
0.00030413
0.0360168
3.21022
191.75
5805
-5805
-191.75
-3.21022
-0.0360168
-0.00030413
-2.06056e-06
-1.1745e-08
-7.99361e-11
0
0
3.33067e-12
1.11022e-12
3.77476e-11
1.16729e-08
2.06055e-06
0.00030413
0.0360168
3.21022
191.75
5805
-5805
-191.75
-3.21022
-0.0360168
-0.00030413
-2.06053e-06
-1.17129e-08
-7.10543e-11
0
-1.11022e-12
0
0
7.43849e-11
1.16174e-08
2.06057e-06
0.00030413
0.0360168
3.21022
191.75
5805
-5805
-191.75
-3.21022
-0.0360168
-0.00030413
-2.06047e-06
-1.17428e-08
-6.77236e-11
-2.22045e-12
1.11022e-12
1.11022e-12
0
3.77476e-11
1.16751e-08
2.06053e-06
0.00030413
0.0360168
3.21022
191.75
5805
-5805
-191.75
-3.21022
-0.0360168
-0.00030413
-2.06056e-06
-1.17895e-08
-4.21885e-11
0
-1.9984e-11
1.11022e-12
-2.22045e-12
1.76525e-10
1.16518e-08
2.06035e-06
0.00030413
0.0360168
3.21022
191.75
5805
)
;
    }
}


// ************************************************************************* //
