/*--------------------------------*- C++ -*----------------------------------*\
  =========                 |
  \\      /  F ield         | OpenFOAM: The Open Source CFD Toolbox
   \\    /   O peration     | Website:  https://openfoam.org
    \\  /    A nd           | Version:  8
     \\/     M anipulation  |
\*---------------------------------------------------------------------------*/
FoamFile
{
    version     2.0;
    format      ascii;
    class       volScalarField;
    location    "2.1";
    object      T;
}
// * * * * * * * * * * * * * * * * * * * * * * * * * * * * * * * * * * * * * //

dimensions      [0 0 0 1 0 0 0];

internalField   nonuniform List<scalar> 
400
(
292.179
292.179
292.179
292.179
292.179
292.179
292.179
292.179
292.179
292.179
292.179
292.179
292.179
292.179
292.179
292.179
292.179
292.179
292.179
292.179
273.321
273.321
273.321
273.321
273.321
273.321
273.321
273.321
273.321
273.321
273.321
273.321
273.321
273.321
273.321
273.321
273.321
273.321
273.321
273.321
273.004
273.004
273.004
273.004
273.004
273.004
273.004
273.004
273.004
273.004
273.004
273.004
273.004
273.004
273.004
273.004
273.004
273.004
273.004
273.004
273
273
273
273
273
273
273
273
273
273
273
273
273
273
273
273
273
273
273
273
273
273
273
273
273
273
273
273
273
273
273
273
273
273
273
273
273
273
273
273
273
273
273
273
273
273
273
273
273
273
273
273
273
273
273
273
273
273
273
273
273
273
273
273
273
273
273
273
273
273
273
273
273
273
273
273
273
273
273
273
273
273
273
273
273
273
273
273
273
273
273
273
273
273
273
273
273
273
273
273
273
273
273
273
273
273
273
273
273
273
273
273
273
273
273
273
273
273
273
273
273
273
273
273
273
273
273
273
273
273
273
273
273
273
273
273
273
273
273
273
273
273
273
273
273
273
273
273
273
273
273
273
273
273
273
273
273
273
273
273
273
273
273
273
273
273
273
273
273
273
273
273
273
273
273
273
273
273
273
273
273
273
273
273
273
273
273
273
273
273
273
273
273
273
273
273
273
273
273
273
273
273
273
273
273
273
273
273
273
273
273
273
273
273
273
273
273
273
273
273
273
273
273
273
273
273
273
273
273
273
273
273
273
273
273
273
273
273
273
273
273
273
273
273
273
273
273
273
273
273
273
273
273
273
273
273
273
273
273
273
273
273
273
273
273
273
273
273
273
273
273
273
273
273
273
273
273
273
273
273
273.004
273.004
273.004
273.004
273.004
273.004
273.004
273.004
273.004
273.004
273.004
273.004
273.004
273.004
273.004
273.004
273.004
273.004
273.004
273.004
273.321
273.321
273.321
273.321
273.321
273.321
273.321
273.321
273.321
273.321
273.321
273.321
273.321
273.321
273.321
273.321
273.321
273.321
273.321
273.321
292.179
292.179
292.179
292.179
292.179
292.179
292.179
292.179
292.179
292.179
292.179
292.179
292.179
292.179
292.179
292.179
292.179
292.179
292.179
292.179
)
;

boundaryField
{
    front
    {
        type            fixedValue;
        value           uniform 573;
    }
    back
    {
        type            fixedValue;
        value           uniform 573;
    }
    left
    {
        type            zeroGradient;
    }
    right
    {
        type            zeroGradient;
    }
    top
    {
        type            zeroGradient;
    }
    bottom
    {
        type            zeroGradient;
    }
}


// ************************************************************************* //
