/*--------------------------------*- C++ -*----------------------------------*\
  =========                 |
  \\      /  F ield         | OpenFOAM: The Open Source CFD Toolbox
   \\    /   O peration     | Website:  https://openfoam.org
    \\  /    A nd           | Version:  8
     \\/     M anipulation  |
\*---------------------------------------------------------------------------*/
FoamFile
{
    version     2.0;
    format      ascii;
    class       volScalarField;
    location    "1.5";
    object      gradTx;
}
// * * * * * * * * * * * * * * * * * * * * * * * * * * * * * * * * * * * * * //

dimensions      [0 -1 0 1 0 0 0];

internalField   nonuniform List<scalar> 
400
(
-1.02451e-08
-1.03295e-08
-2.09832e-10
-7.88258e-11
4.32987e-11
6.43929e-11
8.43769e-11
-4.44089e-12
-3.9968e-11
-2.66454e-11
-8.54872e-11
8.88178e-12
0
-4.66294e-11
7.43849e-11
-1.66533e-11
0
1.45439e-10
1.02285e-08
1.01374e-08
-1.26565e-10
-1.45439e-10
-9.21485e-11
-4.44089e-12
3.77476e-11
3.55271e-11
4.44089e-12
-6.66134e-11
6.21725e-11
3.9968e-11
-9.54792e-11
1.33227e-11
7.66054e-11
-5.32907e-11
-4.66294e-11
-2.9976e-11
1.14353e-10
1.02518e-08
8.57405e-07
8.473e-07
-2.66454e-11
-1.11022e-12
-5.55112e-12
-5.10703e-11
7.43849e-11
4.996e-11
-1.66533e-11
0
-1.77636e-11
1.11022e-11
-5.10703e-11
1.9984e-11
0
-1.06581e-10
7.21645e-11
4.77396e-11
-1.66533e-11
3.18634e-10
2.07168e-08
2.04392e-08
1.22125e-11
-1.11022e-12
-4.996e-11
2.77556e-11
3.55271e-11
-6.77236e-11
7.10543e-11
4.996e-11
-6.66134e-12
7.99361e-11
-6.55032e-11
-6.77236e-11
0
4.88498e-11
7.43849e-11
7.77156e-12
-1.11022e-12
-7.54952e-11
1.76525e-10
2.43139e-10
-3.10862e-11
-2.44249e-11
-3.33067e-12
-4.77396e-11
0
7.10543e-11
8.10463e-11
-3.9968e-11
-6.99441e-11
-2.22045e-12
6.99441e-11
5.77316e-11
0
1.22125e-11
-9.21485e-11
3.33067e-12
5.10703e-11
-6.55032e-11
9.99201e-12
5.32907e-11
-1.55431e-11
2.88658e-11
0
-2.9976e-11
7.77156e-12
2.9976e-11
2.77556e-11
0
-4.77396e-11
-1.33227e-11
3.66374e-11
3.33067e-12
-1.11022e-12
0
1.11022e-11
1.33227e-11
-1.11022e-12
-1.11022e-12
4.66294e-11
3.10862e-11
-1.33227e-11
-1.55431e-11
-2.22045e-12
-2.22045e-12
1.11022e-12
-1.11022e-12
5.55112e-12
0
-2.22045e-12
-1.11022e-12
1.11022e-12
0
0
2.22045e-12
-3.33067e-12
2.22045e-12
0
-4.44089e-12
0
0
-3.10862e-11
-3.33067e-11
-4.44089e-12
0
3.33067e-12
0
-3.33067e-12
0
3.33067e-12
-3.33067e-12
0
0
1.11022e-12
0
-4.44089e-12
0
1.11022e-12
3.33067e-12
0
-4.44089e-12
-1.44329e-11
-1.66533e-11
-2.22045e-12
-1.11022e-12
4.44089e-12
1.11022e-12
-1.11022e-12
0
-2.22045e-12
0
-1.11022e-12
2.22045e-12
0
0
3.33067e-12
-3.33067e-12
-2.22045e-12
0
2.10942e-11
2.33147e-11
1.11022e-12
0
0
1.11022e-12
2.22045e-12
-1.11022e-12
2.22045e-12
3.33067e-12
-4.44089e-12
-3.33067e-12
0
0
0
2.22045e-12
0
-2.22045e-12
0
2.22045e-12
0
-2.22045e-12
0
-1.11022e-12
2.22045e-12
0
-3.33067e-12
0
-1.11022e-12
0
1.11022e-12
-1.11022e-12
-1.11022e-12
0
1.11022e-12
0
-1.11022e-12
0
0
1.11022e-12
2.22045e-12
1.11022e-12
0
0
4.44089e-12
4.44089e-12
-4.44089e-12
0
2.22045e-12
-3.33067e-12
-3.33067e-12
0
1.11022e-12
0
-1.11022e-12
0
0
3.33067e-12
0
0
1.11022e-12
-2.22045e-12
2.22045e-12
3.33067e-12
-2.22045e-12
0
3.33067e-12
0
-3.33067e-12
0
3.33067e-12
-3.33067e-12
-3.33067e-12
0
1.11022e-12
0
-1.11022e-12
1.11022e-12
0
0
0
-1.11022e-12
0
0
1.11022e-12
3.33067e-12
0
0
4.44089e-12
-4.44089e-12
-4.44089e-12
1.11022e-12
0
0
1.11022e-12
0
-1.11022e-12
0
1.11022e-12
-1.11022e-12
9.54792e-11
9.4369e-11
-1.9984e-11
2.22045e-11
4.88498e-11
0
-4.44089e-12
0
-6.99441e-11
0
6.99441e-11
-4.996e-11
-5.10703e-11
-1.88738e-11
2.22045e-11
0
-4.32987e-11
4.32987e-11
4.44089e-12
-1.11022e-12
2.33147e-11
-1.66533e-11
-3.33067e-11
2.22045e-12
4.77396e-11
1.11022e-12
-1.33227e-11
-3.33067e-12
-9.76996e-11
0
9.54792e-11
-8.43769e-11
-4.55191e-11
-1.11022e-11
4.44089e-12
1.11022e-12
-5.66214e-11
7.10543e-11
1.05471e-10
-1.22125e-11
-7.77156e-11
-2.9976e-11
-2.94209e-10
-2.9976e-10
4.55191e-11
-9.99201e-12
6.32827e-11
-4.44089e-12
-1.12133e-10
4.10783e-11
7.43849e-11
4.32987e-11
3.21965e-11
0
-1.08802e-10
0
3.66374e-11
-8.10463e-11
3.66374e-11
-1.11022e-12
-4.66294e-11
3.21965e-11
-2.05169e-08
-2.07534e-08
-1.9873e-10
-3.33067e-12
-3.88578e-11
0
4.88498e-11
4.44089e-12
-4.77396e-11
-8.21565e-11
-3.10862e-11
1.31006e-10
4.44089e-12
0
-5.66214e-11
-5.77316e-11
8.21565e-11
-1.44329e-11
7.99361e-11
1.04361e-10
-8.47381e-07
-8.57441e-07
-1.01297e-08
-1.13243e-10
-3.66374e-11
0
1.06581e-10
1.02141e-10
-3.44169e-11
-3.9968e-11
3.9968e-11
1.11022e-12
-1.04361e-10
0
3.44169e-11
-5.66214e-11
6.66134e-12
-1.11022e-12
2.64233e-10
3.18634e-10
-1.01075e-08
-1.01819e-08
-1.9762e-10
0
4.32987e-11
0
-3.66374e-11
-8.21565e-11
1.21014e-10
-2.33147e-11
-3.88578e-11
-1.55431e-11
4.21885e-11
-1.11022e-12
-1.25455e-10
7.77156e-12
2.22045e-12
1.9762e-10
1.03606e-08
1.01574e-08
)
;

boundaryField
{
    front
    {
        type            calculated;
        value           nonuniform List<scalar> 
20
(
-1.02451e-08
-1.03295e-08
-2.09832e-10
-7.88258e-11
4.32987e-11
6.43929e-11
8.43769e-11
-4.44089e-12
-3.9968e-11
-2.66454e-11
-8.54872e-11
8.88178e-12
0
-4.66294e-11
7.43849e-11
-1.66533e-11
0
1.45439e-10
1.02285e-08
1.01374e-08
)
;
    }
    back
    {
        type            calculated;
        value           nonuniform List<scalar> 
20
(
-1.01075e-08
-1.01819e-08
-1.9762e-10
0
4.32987e-11
0
-3.66374e-11
-8.21565e-11
1.21014e-10
-2.33147e-11
-3.88578e-11
-1.55431e-11
4.21885e-11
-1.11022e-12
-1.25455e-10
7.77156e-12
2.22045e-12
1.9762e-10
1.03606e-08
1.01574e-08
)
;
    }
    left
    {
        type            calculated;
        value           uniform 0;
    }
    right
    {
        type            calculated;
        value           uniform 0;
    }
    top
    {
        type            calculated;
        value           nonuniform List<scalar> 
400
(
-1.02451e-08
-1.26565e-10
-2.66454e-11
1.22125e-11
-3.10862e-11
-1.55431e-11
-1.33227e-11
-3.10862e-11
-1.44329e-11
1.11022e-12
0
0
2.22045e-12
0
-1.9984e-11
-3.33067e-11
-2.94209e-10
-2.05169e-08
-8.47381e-07
-1.01075e-08
-1.03295e-08
-1.45439e-10
-1.11022e-12
-1.11022e-12
-2.44249e-11
2.88658e-11
-1.55431e-11
-3.33067e-11
-1.66533e-11
0
-1.11022e-12
0
3.33067e-12
0
2.22045e-11
2.22045e-12
-2.9976e-10
-2.07534e-08
-8.57441e-07
-1.01819e-08
-2.09832e-10
-9.21485e-11
-5.55112e-12
-4.996e-11
-3.33067e-12
0
-2.22045e-12
-4.44089e-12
-2.22045e-12
0
2.22045e-12
4.44089e-12
-2.22045e-12
1.11022e-12
4.88498e-11
4.77396e-11
4.55191e-11
-1.9873e-10
-1.01297e-08
-1.9762e-10
-7.88258e-11
-4.44089e-12
-5.10703e-11
2.77556e-11
-4.77396e-11
-2.9976e-11
-2.22045e-12
0
-1.11022e-12
1.11022e-12
0
4.44089e-12
0
3.33067e-12
0
1.11022e-12
-9.99201e-12
-3.33067e-12
-1.13243e-10
0
4.32987e-11
3.77476e-11
7.43849e-11
3.55271e-11
0
7.77156e-12
1.11022e-12
3.33067e-12
4.44089e-12
2.22045e-12
-3.33067e-12
-4.44089e-12
3.33067e-12
0
-4.44089e-12
-1.33227e-11
6.32827e-11
-3.88578e-11
-3.66374e-11
4.32987e-11
6.43929e-11
3.55271e-11
4.996e-11
-6.77236e-11
7.10543e-11
2.9976e-11
-1.11022e-12
0
1.11022e-12
-1.11022e-12
0
0
0
0
0
-3.33067e-12
-4.44089e-12
0
0
0
8.43769e-11
4.44089e-12
-1.66533e-11
7.10543e-11
8.10463e-11
2.77556e-11
5.55112e-12
-3.33067e-12
-1.11022e-12
2.22045e-12
-1.11022e-12
2.22045e-12
-3.33067e-12
4.44089e-12
-6.99441e-11
-9.76996e-11
-1.12133e-10
4.88498e-11
1.06581e-10
-3.66374e-11
-4.44089e-12
-6.66134e-11
0
4.996e-11
-3.9968e-11
0
0
0
0
3.33067e-12
0
-3.33067e-12
0
-4.44089e-12
0
0
4.10783e-11
4.44089e-12
1.02141e-10
-8.21565e-11
-3.9968e-11
6.21725e-11
-1.77636e-11
-6.66134e-12
-6.99441e-11
-4.77396e-11
-2.22045e-12
3.33067e-12
-2.22045e-12
-4.44089e-12
1.11022e-12
-3.33067e-12
3.33067e-12
-4.44089e-12
6.99441e-11
9.54792e-11
7.43849e-11
-4.77396e-11
-3.44169e-11
1.21014e-10
-2.66454e-11
3.9968e-11
1.11022e-11
7.99361e-11
-2.22045e-12
-1.33227e-11
-1.11022e-12
-3.33067e-12
0
-3.33067e-12
-1.11022e-12
0
-3.33067e-12
1.11022e-12
-4.996e-11
-8.43769e-11
4.32987e-11
-8.21565e-11
-3.9968e-11
-2.33147e-11
-8.54872e-11
-9.54792e-11
-5.10703e-11
-6.55032e-11
6.99441e-11
3.66374e-11
1.11022e-12
0
-1.11022e-12
0
-1.11022e-12
1.11022e-12
-3.33067e-12
0
-5.10703e-11
-4.55191e-11
3.21965e-11
-3.10862e-11
3.9968e-11
-3.88578e-11
8.88178e-12
1.33227e-11
1.9984e-11
-6.77236e-11
5.77316e-11
3.33067e-12
0
0
2.22045e-12
0
0
0
0
0
-1.88738e-11
-1.11022e-11
0
1.31006e-10
1.11022e-12
-1.55431e-11
0
7.66054e-11
0
0
0
-1.11022e-12
0
1.11022e-12
0
0
1.11022e-12
-1.11022e-12
1.11022e-12
1.11022e-12
2.22045e-11
4.44089e-12
-1.08802e-10
4.44089e-12
-1.04361e-10
4.21885e-11
-4.66294e-11
-5.32907e-11
-1.06581e-10
4.88498e-11
1.22125e-11
0
2.22045e-12
0
0
2.22045e-12
0
0
0
0
0
1.11022e-12
0
0
0
-1.11022e-12
7.43849e-11
-4.66294e-11
7.21645e-11
7.43849e-11
-9.21485e-11
1.11022e-11
-3.33067e-12
-4.44089e-12
3.33067e-12
0
-1.11022e-12
0
-1.11022e-12
-1.11022e-12
-4.32987e-11
-5.66214e-11
3.66374e-11
-5.66214e-11
3.44169e-11
-1.25455e-10
-1.66533e-11
-2.9976e-11
4.77396e-11
7.77156e-12
3.33067e-12
1.33227e-11
2.22045e-12
0
-3.33067e-12
-2.22045e-12
0
3.33067e-12
1.11022e-12
0
4.32987e-11
7.10543e-11
-8.10463e-11
-5.77316e-11
-5.66214e-11
7.77156e-12
0
1.14353e-10
-1.66533e-11
-1.11022e-12
5.10703e-11
-1.11022e-12
0
1.11022e-12
-2.22045e-12
0
0
0
0
1.11022e-12
4.44089e-12
1.05471e-10
3.66374e-11
8.21565e-11
6.66134e-12
2.22045e-12
1.45439e-10
1.02518e-08
3.18634e-10
-7.54952e-11
-6.55032e-11
-1.11022e-12
-4.44089e-12
3.33067e-12
0
2.22045e-12
1.11022e-12
0
0
-1.11022e-12
-1.11022e-12
-1.22125e-11
-1.11022e-12
-1.44329e-11
-1.11022e-12
1.9762e-10
1.02285e-08
8.57405e-07
2.07168e-08
1.76525e-10
9.99201e-12
4.66294e-11
0
0
2.10942e-11
0
2.22045e-12
1.11022e-12
0
9.54792e-11
2.33147e-11
-7.77156e-11
-4.66294e-11
7.99361e-11
2.64233e-10
1.03606e-08
1.01374e-08
8.473e-07
2.04392e-08
2.43139e-10
5.32907e-11
3.10862e-11
0
-4.44089e-12
2.33147e-11
-2.22045e-12
1.11022e-12
-2.22045e-12
-1.11022e-12
9.4369e-11
-1.66533e-11
-2.9976e-11
3.21965e-11
1.04361e-10
3.18634e-10
1.01574e-08
)
;
    }
    bottom
    {
        type            calculated;
        value           nonuniform List<scalar> 
400
(
-1.02451e-08
-1.26565e-10
-2.66454e-11
1.22125e-11
-3.10862e-11
-1.55431e-11
-1.33227e-11
-3.10862e-11
-1.44329e-11
1.11022e-12
0
0
2.22045e-12
0
-1.9984e-11
-3.33067e-11
-2.94209e-10
-2.05169e-08
-8.47381e-07
-1.01075e-08
-1.03295e-08
-1.45439e-10
-1.11022e-12
-1.11022e-12
-2.44249e-11
2.88658e-11
-1.55431e-11
-3.33067e-11
-1.66533e-11
0
-1.11022e-12
0
3.33067e-12
0
2.22045e-11
2.22045e-12
-2.9976e-10
-2.07534e-08
-8.57441e-07
-1.01819e-08
-2.09832e-10
-9.21485e-11
-5.55112e-12
-4.996e-11
-3.33067e-12
0
-2.22045e-12
-4.44089e-12
-2.22045e-12
0
2.22045e-12
4.44089e-12
-2.22045e-12
1.11022e-12
4.88498e-11
4.77396e-11
4.55191e-11
-1.9873e-10
-1.01297e-08
-1.9762e-10
-7.88258e-11
-4.44089e-12
-5.10703e-11
2.77556e-11
-4.77396e-11
-2.9976e-11
-2.22045e-12
0
-1.11022e-12
1.11022e-12
0
4.44089e-12
0
3.33067e-12
0
1.11022e-12
-9.99201e-12
-3.33067e-12
-1.13243e-10
0
4.32987e-11
3.77476e-11
7.43849e-11
3.55271e-11
0
7.77156e-12
1.11022e-12
3.33067e-12
4.44089e-12
2.22045e-12
-3.33067e-12
-4.44089e-12
3.33067e-12
0
-4.44089e-12
-1.33227e-11
6.32827e-11
-3.88578e-11
-3.66374e-11
4.32987e-11
6.43929e-11
3.55271e-11
4.996e-11
-6.77236e-11
7.10543e-11
2.9976e-11
-1.11022e-12
0
1.11022e-12
-1.11022e-12
0
0
0
0
0
-3.33067e-12
-4.44089e-12
0
0
0
8.43769e-11
4.44089e-12
-1.66533e-11
7.10543e-11
8.10463e-11
2.77556e-11
5.55112e-12
-3.33067e-12
-1.11022e-12
2.22045e-12
-1.11022e-12
2.22045e-12
-3.33067e-12
4.44089e-12
-6.99441e-11
-9.76996e-11
-1.12133e-10
4.88498e-11
1.06581e-10
-3.66374e-11
-4.44089e-12
-6.66134e-11
0
4.996e-11
-3.9968e-11
0
0
0
0
3.33067e-12
0
-3.33067e-12
0
-4.44089e-12
0
0
4.10783e-11
4.44089e-12
1.02141e-10
-8.21565e-11
-3.9968e-11
6.21725e-11
-1.77636e-11
-6.66134e-12
-6.99441e-11
-4.77396e-11
-2.22045e-12
3.33067e-12
-2.22045e-12
-4.44089e-12
1.11022e-12
-3.33067e-12
3.33067e-12
-4.44089e-12
6.99441e-11
9.54792e-11
7.43849e-11
-4.77396e-11
-3.44169e-11
1.21014e-10
-2.66454e-11
3.9968e-11
1.11022e-11
7.99361e-11
-2.22045e-12
-1.33227e-11
-1.11022e-12
-3.33067e-12
0
-3.33067e-12
-1.11022e-12
0
-3.33067e-12
1.11022e-12
-4.996e-11
-8.43769e-11
4.32987e-11
-8.21565e-11
-3.9968e-11
-2.33147e-11
-8.54872e-11
-9.54792e-11
-5.10703e-11
-6.55032e-11
6.99441e-11
3.66374e-11
1.11022e-12
0
-1.11022e-12
0
-1.11022e-12
1.11022e-12
-3.33067e-12
0
-5.10703e-11
-4.55191e-11
3.21965e-11
-3.10862e-11
3.9968e-11
-3.88578e-11
8.88178e-12
1.33227e-11
1.9984e-11
-6.77236e-11
5.77316e-11
3.33067e-12
0
0
2.22045e-12
0
0
0
0
0
-1.88738e-11
-1.11022e-11
0
1.31006e-10
1.11022e-12
-1.55431e-11
0
7.66054e-11
0
0
0
-1.11022e-12
0
1.11022e-12
0
0
1.11022e-12
-1.11022e-12
1.11022e-12
1.11022e-12
2.22045e-11
4.44089e-12
-1.08802e-10
4.44089e-12
-1.04361e-10
4.21885e-11
-4.66294e-11
-5.32907e-11
-1.06581e-10
4.88498e-11
1.22125e-11
0
2.22045e-12
0
0
2.22045e-12
0
0
0
0
0
1.11022e-12
0
0
0
-1.11022e-12
7.43849e-11
-4.66294e-11
7.21645e-11
7.43849e-11
-9.21485e-11
1.11022e-11
-3.33067e-12
-4.44089e-12
3.33067e-12
0
-1.11022e-12
0
-1.11022e-12
-1.11022e-12
-4.32987e-11
-5.66214e-11
3.66374e-11
-5.66214e-11
3.44169e-11
-1.25455e-10
-1.66533e-11
-2.9976e-11
4.77396e-11
7.77156e-12
3.33067e-12
1.33227e-11
2.22045e-12
0
-3.33067e-12
-2.22045e-12
0
3.33067e-12
1.11022e-12
0
4.32987e-11
7.10543e-11
-8.10463e-11
-5.77316e-11
-5.66214e-11
7.77156e-12
0
1.14353e-10
-1.66533e-11
-1.11022e-12
5.10703e-11
-1.11022e-12
0
1.11022e-12
-2.22045e-12
0
0
0
0
1.11022e-12
4.44089e-12
1.05471e-10
3.66374e-11
8.21565e-11
6.66134e-12
2.22045e-12
1.45439e-10
1.02518e-08
3.18634e-10
-7.54952e-11
-6.55032e-11
-1.11022e-12
-4.44089e-12
3.33067e-12
0
2.22045e-12
1.11022e-12
0
0
-1.11022e-12
-1.11022e-12
-1.22125e-11
-1.11022e-12
-1.44329e-11
-1.11022e-12
1.9762e-10
1.02285e-08
8.57405e-07
2.07168e-08
1.76525e-10
9.99201e-12
4.66294e-11
0
0
2.10942e-11
0
2.22045e-12
1.11022e-12
0
9.54792e-11
2.33147e-11
-7.77156e-11
-4.66294e-11
7.99361e-11
2.64233e-10
1.03606e-08
1.01374e-08
8.473e-07
2.04392e-08
2.43139e-10
5.32907e-11
3.10862e-11
0
-4.44089e-12
2.33147e-11
-2.22045e-12
1.11022e-12
-2.22045e-12
-1.11022e-12
9.4369e-11
-1.66533e-11
-2.9976e-11
3.21965e-11
1.04361e-10
3.18634e-10
1.01574e-08
)
;
    }
}


// ************************************************************************* //
