/*--------------------------------*- C++ -*----------------------------------*\
  =========                 |
  \\      /  F ield         | OpenFOAM: The Open Source CFD Toolbox
   \\    /   O peration     | Website:  https://openfoam.org
    \\  /    A nd           | Version:  8
     \\/     M anipulation  |
\*---------------------------------------------------------------------------*/
FoamFile
{
    version     2.0;
    format      ascii;
    class       volScalarField;
    location    "1.5";
    object      gradTy;
}
// * * * * * * * * * * * * * * * * * * * * * * * * * * * * * * * * * * * * * //

dimensions      [0 -1 0 1 0 0 0];

internalField   nonuniform List<scalar> 
400
(
-5859.4
-5859.4
-5859.4
-5859.4
-5859.4
-5859.4
-5859.4
-5859.4
-5859.4
-5859.4
-5859.4
-5859.4
-5859.4
-5859.4
-5859.4
-5859.4
-5859.4
-5859.4
-5859.4
-5859.4
-138.922
-138.922
-138.922
-138.922
-138.922
-138.922
-138.922
-138.922
-138.922
-138.922
-138.922
-138.922
-138.922
-138.922
-138.922
-138.922
-138.922
-138.922
-138.922
-138.922
-1.66561
-1.66561
-1.66561
-1.66561
-1.66561
-1.66561
-1.66561
-1.66561
-1.66561
-1.66561
-1.66561
-1.66561
-1.66561
-1.66561
-1.66561
-1.66561
-1.66561
-1.66561
-1.66561
-1.66561
-0.0133844
-0.0133844
-0.0133844
-0.0133844
-0.0133844
-0.0133844
-0.0133844
-0.0133844
-0.0133844
-0.0133844
-0.0133844
-0.0133844
-0.0133844
-0.0133844
-0.0133844
-0.0133844
-0.0133844
-0.0133844
-0.0133844
-0.0133844
-8.09975e-05
-8.09975e-05
-8.09975e-05
-8.09975e-05
-8.09975e-05
-8.09975e-05
-8.09974e-05
-8.09976e-05
-8.09975e-05
-8.09976e-05
-8.09976e-05
-8.09975e-05
-8.09975e-05
-8.09975e-05
-8.09976e-05
-8.09976e-05
-8.09976e-05
-8.09976e-05
-8.09975e-05
-8.09977e-05
-3.93594e-07
-3.93576e-07
-3.93586e-07
-3.93573e-07
-3.93541e-07
-3.93574e-07
-3.93612e-07
-3.93652e-07
-3.9357e-07
-3.93587e-07
-3.93565e-07
-3.93656e-07
-3.93623e-07
-3.93656e-07
-3.93633e-07
-3.93566e-07
-3.93636e-07
-3.93616e-07
-3.93575e-07
-3.93627e-07
-1.58318e-09
-1.59872e-09
-1.64535e-09
-1.60427e-09
-1.61426e-09
-1.6076e-09
-1.64424e-09
-1.63869e-09
-1.64424e-09
-1.58651e-09
-1.63647e-09
-1.62426e-09
-1.63869e-09
-1.62204e-09
-1.63869e-09
-1.63869e-09
-1.6509e-09
-1.63647e-09
-1.64757e-09
-1.6831e-09
0
1.11022e-12
-1.11022e-12
0
-1.11022e-12
4.44089e-12
0
-1.11022e-12
0
-1.11022e-12
1.11022e-12
-3.33067e-12
3.33067e-12
-4.44089e-12
1.11022e-12
3.33067e-12
-5.55112e-12
1.11022e-12
0
2.22045e-11
-3.55271e-11
-5.55112e-12
-3.33067e-12
0
-1.11022e-12
-1.11022e-12
-3.33067e-12
5.55112e-12
0
-3.33067e-12
0
-3.33067e-12
0
-4.44089e-12
2.22045e-12
0
0
0
-2.22045e-12
0
-1.55431e-11
0
0
4.44089e-12
0
-3.33067e-12
0
-4.44089e-12
0
0
-1.11022e-12
0
-3.33067e-12
1.11022e-12
-3.33067e-12
-3.33067e-12
0
-1.11022e-12
1.11022e-12
-1.9984e-11
0
0
0
4.44089e-12
2.22045e-12
-1.11022e-12
3.33067e-12
-1.11022e-12
-3.33067e-12
0
0
1.11022e-12
0
0
-2.22045e-12
0
3.33067e-12
0
1.11022e-12
1.11022e-12
-2.22045e-12
0
2.22045e-12
-4.44089e-12
2.22045e-12
2.22045e-12
2.22045e-12
0
2.22045e-12
2.22045e-12
0
0
0
0
0
0
1.11022e-12
0
0
-2.22045e-12
0
0
0
-3.33067e-12
0
0
0
1.11022e-12
0
0
1.11022e-12
-1.11022e-12
1.11022e-12
1.11022e-12
1.11022e-12
0
-3.33067e-12
1.11022e-12
-3.33067e-12
9.4369e-11
1.61426e-09
1.59095e-09
1.63425e-09
1.64313e-09
1.63425e-09
1.63425e-09
1.63425e-09
1.56763e-09
1.63425e-09
1.63425e-09
1.58762e-09
1.58762e-09
1.56763e-09
1.60982e-09
1.56763e-09
1.56763e-09
1.60982e-09
1.57097e-09
1.60982e-09
1.59428e-09
3.93637e-07
3.93604e-07
3.9364e-07
3.93652e-07
3.93635e-07
3.93637e-07
3.93633e-07
3.93537e-07
3.93636e-07
3.93636e-07
3.93551e-07
3.93592e-07
3.93539e-07
3.93595e-07
3.93539e-07
3.9354e-07
3.93612e-07
3.93646e-07
3.93598e-07
3.93473e-07
8.09978e-05
8.09975e-05
8.09975e-05
8.09975e-05
8.09975e-05
8.09976e-05
8.09975e-05
8.09975e-05
8.09975e-05
8.09975e-05
8.09976e-05
8.09976e-05
8.09976e-05
8.09975e-05
8.09976e-05
8.09976e-05
8.09975e-05
8.09976e-05
8.09975e-05
8.09975e-05
0.0133844
0.0133844
0.0133844
0.0133844
0.0133844
0.0133844
0.0133844
0.0133844
0.0133844
0.0133844
0.0133844
0.0133844
0.0133844
0.0133844
0.0133844
0.0133844
0.0133844
0.0133844
0.0133844
0.0133844
1.66561
1.66561
1.66561
1.66561
1.66561
1.66561
1.66561
1.66561
1.66561
1.66561
1.66561
1.66561
1.66561
1.66561
1.66561
1.66561
1.66561
1.66561
1.66561
1.66561
138.922
138.922
138.922
138.922
138.922
138.922
138.922
138.922
138.922
138.922
138.922
138.922
138.922
138.922
138.922
138.922
138.922
138.922
138.922
138.922
5859.4
5859.4
5859.4
5859.4
5859.4
5859.4
5859.4
5859.4
5859.4
5859.4
5859.4
5859.4
5859.4
5859.4
5859.4
5859.4
5859.4
5859.4
5859.4
5859.4
)
;

boundaryField
{
    front
    {
        type            calculated;
        value           nonuniform List<scalar> 
20
(
-11444.3
-11444.3
-11444.3
-11444.3
-11444.3
-11444.3
-11444.3
-11444.3
-11444.3
-11444.3
-11444.3
-11444.3
-11444.3
-11444.3
-11444.3
-11444.3
-11444.3
-11444.3
-11444.3
-11444.3
)
;
    }
    back
    {
        type            calculated;
        value           nonuniform List<scalar> 
20
(
11444.3
11444.3
11444.3
11444.3
11444.3
11444.3
11444.3
11444.3
11444.3
11444.3
11444.3
11444.3
11444.3
11444.3
11444.3
11444.3
11444.3
11444.3
11444.3
11444.3
)
;
    }
    left
    {
        type            calculated;
        value           nonuniform List<scalar> 
20
(
-5859.4
-138.922
-1.66561
-0.0133844
-8.09975e-05
-3.93594e-07
-1.58318e-09
0
-3.55271e-11
-1.55431e-11
0
-2.22045e-12
0
1.61426e-09
3.93637e-07
8.09978e-05
0.0133844
1.66561
138.922
5859.4
)
;
    }
    right
    {
        type            calculated;
        value           nonuniform List<scalar> 
20
(
-5859.4
-138.922
-1.66561
-0.0133844
-8.09977e-05
-3.93627e-07
-1.6831e-09
2.22045e-11
0
-1.9984e-11
1.11022e-12
-2.22045e-12
9.4369e-11
1.59428e-09
3.93473e-07
8.09975e-05
0.0133844
1.66561
138.922
5859.4
)
;
    }
    top
    {
        type            calculated;
        value           nonuniform List<scalar> 
400
(
-5859.4
-138.922
-1.66561
-0.0133844
-8.09975e-05
-3.93594e-07
-1.58318e-09
0
-3.55271e-11
-1.55431e-11
0
-2.22045e-12
0
1.61426e-09
3.93637e-07
8.09978e-05
0.0133844
1.66561
138.922
5859.4
-5859.4
-138.922
-1.66561
-0.0133844
-8.09975e-05
-3.93576e-07
-1.59872e-09
1.11022e-12
-5.55112e-12
0
0
0
0
1.59095e-09
3.93604e-07
8.09975e-05
0.0133844
1.66561
138.922
5859.4
-5859.4
-138.922
-1.66561
-0.0133844
-8.09975e-05
-3.93586e-07
-1.64535e-09
-1.11022e-12
-3.33067e-12
0
0
2.22045e-12
0
1.63425e-09
3.9364e-07
8.09975e-05
0.0133844
1.66561
138.922
5859.4
-5859.4
-138.922
-1.66561
-0.0133844
-8.09975e-05
-3.93573e-07
-1.60427e-09
0
0
4.44089e-12
4.44089e-12
-4.44089e-12
-3.33067e-12
1.64313e-09
3.93652e-07
8.09975e-05
0.0133844
1.66561
138.922
5859.4
-5859.4
-138.922
-1.66561
-0.0133844
-8.09975e-05
-3.93541e-07
-1.61426e-09
-1.11022e-12
-1.11022e-12
0
2.22045e-12
2.22045e-12
0
1.63425e-09
3.93635e-07
8.09975e-05
0.0133844
1.66561
138.922
5859.4
-5859.4
-138.922
-1.66561
-0.0133844
-8.09975e-05
-3.93574e-07
-1.6076e-09
4.44089e-12
-1.11022e-12
-3.33067e-12
-1.11022e-12
2.22045e-12
0
1.63425e-09
3.93637e-07
8.09976e-05
0.0133844
1.66561
138.922
5859.4
-5859.4
-138.922
-1.66561
-0.0133844
-8.09974e-05
-3.93612e-07
-1.64424e-09
0
-3.33067e-12
0
3.33067e-12
2.22045e-12
0
1.63425e-09
3.93633e-07
8.09975e-05
0.0133844
1.66561
138.922
5859.4
-5859.4
-138.922
-1.66561
-0.0133844
-8.09976e-05
-3.93652e-07
-1.63869e-09
-1.11022e-12
5.55112e-12
-4.44089e-12
-1.11022e-12
0
1.11022e-12
1.56763e-09
3.93537e-07
8.09975e-05
0.0133844
1.66561
138.922
5859.4
-5859.4
-138.922
-1.66561
-0.0133844
-8.09975e-05
-3.9357e-07
-1.64424e-09
0
0
0
-3.33067e-12
2.22045e-12
0
1.63425e-09
3.93636e-07
8.09975e-05
0.0133844
1.66561
138.922
5859.4
-5859.4
-138.922
-1.66561
-0.0133844
-8.09976e-05
-3.93587e-07
-1.58651e-09
-1.11022e-12
-3.33067e-12
0
0
2.22045e-12
0
1.63425e-09
3.93636e-07
8.09975e-05
0.0133844
1.66561
138.922
5859.4
-5859.4
-138.922
-1.66561
-0.0133844
-8.09976e-05
-3.93565e-07
-1.63647e-09
1.11022e-12
0
-1.11022e-12
0
0
1.11022e-12
1.58762e-09
3.93551e-07
8.09976e-05
0.0133844
1.66561
138.922
5859.4
-5859.4
-138.922
-1.66561
-0.0133844
-8.09975e-05
-3.93656e-07
-1.62426e-09
-3.33067e-12
-3.33067e-12
0
1.11022e-12
0
-1.11022e-12
1.58762e-09
3.93592e-07
8.09976e-05
0.0133844
1.66561
138.922
5859.4
-5859.4
-138.922
-1.66561
-0.0133844
-8.09975e-05
-3.93623e-07
-1.63869e-09
3.33067e-12
0
-3.33067e-12
0
0
1.11022e-12
1.56763e-09
3.93539e-07
8.09976e-05
0.0133844
1.66561
138.922
5859.4
-5859.4
-138.922
-1.66561
-0.0133844
-8.09975e-05
-3.93656e-07
-1.62204e-09
-4.44089e-12
-4.44089e-12
1.11022e-12
0
0
1.11022e-12
1.60982e-09
3.93595e-07
8.09975e-05
0.0133844
1.66561
138.922
5859.4
-5859.4
-138.922
-1.66561
-0.0133844
-8.09976e-05
-3.93633e-07
-1.63869e-09
1.11022e-12
2.22045e-12
-3.33067e-12
-2.22045e-12
0
1.11022e-12
1.56763e-09
3.93539e-07
8.09976e-05
0.0133844
1.66561
138.922
5859.4
-5859.4
-138.922
-1.66561
-0.0133844
-8.09976e-05
-3.93566e-07
-1.63869e-09
3.33067e-12
0
-3.33067e-12
0
0
0
1.56763e-09
3.9354e-07
8.09976e-05
0.0133844
1.66561
138.922
5859.4
-5859.4
-138.922
-1.66561
-0.0133844
-8.09976e-05
-3.93636e-07
-1.6509e-09
-5.55112e-12
0
0
3.33067e-12
1.11022e-12
-3.33067e-12
1.60982e-09
3.93612e-07
8.09975e-05
0.0133844
1.66561
138.922
5859.4
-5859.4
-138.922
-1.66561
-0.0133844
-8.09976e-05
-3.93616e-07
-1.63647e-09
1.11022e-12
0
-1.11022e-12
0
0
1.11022e-12
1.57097e-09
3.93646e-07
8.09976e-05
0.0133844
1.66561
138.922
5859.4
-5859.4
-138.922
-1.66561
-0.0133844
-8.09975e-05
-3.93575e-07
-1.64757e-09
0
-2.22045e-12
1.11022e-12
1.11022e-12
0
-3.33067e-12
1.60982e-09
3.93598e-07
8.09975e-05
0.0133844
1.66561
138.922
5859.4
-5859.4
-138.922
-1.66561
-0.0133844
-8.09977e-05
-3.93627e-07
-1.6831e-09
2.22045e-11
0
-1.9984e-11
1.11022e-12
-2.22045e-12
9.4369e-11
1.59428e-09
3.93473e-07
8.09975e-05
0.0133844
1.66561
138.922
5859.4
)
;
    }
    bottom
    {
        type            calculated;
        value           nonuniform List<scalar> 
400
(
-5859.4
-138.922
-1.66561
-0.0133844
-8.09975e-05
-3.93594e-07
-1.58318e-09
0
-3.55271e-11
-1.55431e-11
0
-2.22045e-12
0
1.61426e-09
3.93637e-07
8.09978e-05
0.0133844
1.66561
138.922
5859.4
-5859.4
-138.922
-1.66561
-0.0133844
-8.09975e-05
-3.93576e-07
-1.59872e-09
1.11022e-12
-5.55112e-12
0
0
0
0
1.59095e-09
3.93604e-07
8.09975e-05
0.0133844
1.66561
138.922
5859.4
-5859.4
-138.922
-1.66561
-0.0133844
-8.09975e-05
-3.93586e-07
-1.64535e-09
-1.11022e-12
-3.33067e-12
0
0
2.22045e-12
0
1.63425e-09
3.9364e-07
8.09975e-05
0.0133844
1.66561
138.922
5859.4
-5859.4
-138.922
-1.66561
-0.0133844
-8.09975e-05
-3.93573e-07
-1.60427e-09
0
0
4.44089e-12
4.44089e-12
-4.44089e-12
-3.33067e-12
1.64313e-09
3.93652e-07
8.09975e-05
0.0133844
1.66561
138.922
5859.4
-5859.4
-138.922
-1.66561
-0.0133844
-8.09975e-05
-3.93541e-07
-1.61426e-09
-1.11022e-12
-1.11022e-12
0
2.22045e-12
2.22045e-12
0
1.63425e-09
3.93635e-07
8.09975e-05
0.0133844
1.66561
138.922
5859.4
-5859.4
-138.922
-1.66561
-0.0133844
-8.09975e-05
-3.93574e-07
-1.6076e-09
4.44089e-12
-1.11022e-12
-3.33067e-12
-1.11022e-12
2.22045e-12
0
1.63425e-09
3.93637e-07
8.09976e-05
0.0133844
1.66561
138.922
5859.4
-5859.4
-138.922
-1.66561
-0.0133844
-8.09974e-05
-3.93612e-07
-1.64424e-09
0
-3.33067e-12
0
3.33067e-12
2.22045e-12
0
1.63425e-09
3.93633e-07
8.09975e-05
0.0133844
1.66561
138.922
5859.4
-5859.4
-138.922
-1.66561
-0.0133844
-8.09976e-05
-3.93652e-07
-1.63869e-09
-1.11022e-12
5.55112e-12
-4.44089e-12
-1.11022e-12
0
1.11022e-12
1.56763e-09
3.93537e-07
8.09975e-05
0.0133844
1.66561
138.922
5859.4
-5859.4
-138.922
-1.66561
-0.0133844
-8.09975e-05
-3.9357e-07
-1.64424e-09
0
0
0
-3.33067e-12
2.22045e-12
0
1.63425e-09
3.93636e-07
8.09975e-05
0.0133844
1.66561
138.922
5859.4
-5859.4
-138.922
-1.66561
-0.0133844
-8.09976e-05
-3.93587e-07
-1.58651e-09
-1.11022e-12
-3.33067e-12
0
0
2.22045e-12
0
1.63425e-09
3.93636e-07
8.09975e-05
0.0133844
1.66561
138.922
5859.4
-5859.4
-138.922
-1.66561
-0.0133844
-8.09976e-05
-3.93565e-07
-1.63647e-09
1.11022e-12
0
-1.11022e-12
0
0
1.11022e-12
1.58762e-09
3.93551e-07
8.09976e-05
0.0133844
1.66561
138.922
5859.4
-5859.4
-138.922
-1.66561
-0.0133844
-8.09975e-05
-3.93656e-07
-1.62426e-09
-3.33067e-12
-3.33067e-12
0
1.11022e-12
0
-1.11022e-12
1.58762e-09
3.93592e-07
8.09976e-05
0.0133844
1.66561
138.922
5859.4
-5859.4
-138.922
-1.66561
-0.0133844
-8.09975e-05
-3.93623e-07
-1.63869e-09
3.33067e-12
0
-3.33067e-12
0
0
1.11022e-12
1.56763e-09
3.93539e-07
8.09976e-05
0.0133844
1.66561
138.922
5859.4
-5859.4
-138.922
-1.66561
-0.0133844
-8.09975e-05
-3.93656e-07
-1.62204e-09
-4.44089e-12
-4.44089e-12
1.11022e-12
0
0
1.11022e-12
1.60982e-09
3.93595e-07
8.09975e-05
0.0133844
1.66561
138.922
5859.4
-5859.4
-138.922
-1.66561
-0.0133844
-8.09976e-05
-3.93633e-07
-1.63869e-09
1.11022e-12
2.22045e-12
-3.33067e-12
-2.22045e-12
0
1.11022e-12
1.56763e-09
3.93539e-07
8.09976e-05
0.0133844
1.66561
138.922
5859.4
-5859.4
-138.922
-1.66561
-0.0133844
-8.09976e-05
-3.93566e-07
-1.63869e-09
3.33067e-12
0
-3.33067e-12
0
0
0
1.56763e-09
3.9354e-07
8.09976e-05
0.0133844
1.66561
138.922
5859.4
-5859.4
-138.922
-1.66561
-0.0133844
-8.09976e-05
-3.93636e-07
-1.6509e-09
-5.55112e-12
0
0
3.33067e-12
1.11022e-12
-3.33067e-12
1.60982e-09
3.93612e-07
8.09975e-05
0.0133844
1.66561
138.922
5859.4
-5859.4
-138.922
-1.66561
-0.0133844
-8.09976e-05
-3.93616e-07
-1.63647e-09
1.11022e-12
0
-1.11022e-12
0
0
1.11022e-12
1.57097e-09
3.93646e-07
8.09976e-05
0.0133844
1.66561
138.922
5859.4
-5859.4
-138.922
-1.66561
-0.0133844
-8.09975e-05
-3.93575e-07
-1.64757e-09
0
-2.22045e-12
1.11022e-12
1.11022e-12
0
-3.33067e-12
1.60982e-09
3.93598e-07
8.09975e-05
0.0133844
1.66561
138.922
5859.4
-5859.4
-138.922
-1.66561
-0.0133844
-8.09977e-05
-3.93627e-07
-1.6831e-09
2.22045e-11
0
-1.9984e-11
1.11022e-12
-2.22045e-12
9.4369e-11
1.59428e-09
3.93473e-07
8.09975e-05
0.0133844
1.66561
138.922
5859.4
)
;
    }
}


// ************************************************************************* //
