/*--------------------------------*- C++ -*----------------------------------*\
  =========                 |
  \\      /  F ield         | OpenFOAM: The Open Source CFD Toolbox
   \\    /   O peration     | Website:  https://openfoam.org
    \\  /    A nd           | Version:  8
     \\/     M anipulation  |
\*---------------------------------------------------------------------------*/
FoamFile
{
    version     2.0;
    format      ascii;
    class       volScalarField;
    location    "1.1";
    object      gradTx;
}
// * * * * * * * * * * * * * * * * * * * * * * * * * * * * * * * * * * * * * //

dimensions      [0 -1 0 1 0 0 0];

internalField   nonuniform List<scalar> 
400
(
-5.63549e-09
-5.67213e-09
-1.29896e-10
-5.9952e-11
3.55271e-11
4.88498e-11
5.9952e-11
-5.55112e-12
-2.9976e-11
-1.9984e-11
-6.10623e-11
4.44089e-12
1.11022e-12
-3.33067e-11
5.21805e-11
-7.77156e-12
0
4.996e-11
5.6255e-09
5.60996e-09
-3.44169e-11
-4.55191e-11
-7.10543e-11
-4.44089e-12
3.66374e-11
2.22045e-11
-4.44089e-12
-4.32987e-11
4.77396e-11
2.44249e-11
-7.21645e-11
1.11022e-11
5.66214e-11
-4.32987e-11
-3.66374e-11
-1.88738e-11
5.9952e-11
5.64104e-09
6.40836e-07
6.35276e-07
-1.77636e-11
-7.77156e-12
-3.33067e-12
-3.10862e-11
5.44009e-11
3.10862e-11
-1.44329e-11
0
-1.33227e-11
1.22125e-11
-3.88578e-11
1.33227e-11
0
-7.66054e-11
5.10703e-11
3.44169e-11
-8.88178e-12
1.4877e-10
1.13565e-08
1.12366e-08
1.11022e-11
3.33067e-12
-3.77476e-11
1.77636e-11
2.88658e-11
-4.88498e-11
4.88498e-11
3.44169e-11
-4.44089e-12
6.21725e-11
-4.77396e-11
-4.88498e-11
0
3.33067e-11
5.66214e-11
5.55112e-12
-4.44089e-12
-5.66214e-11
4.44089e-11
9.65894e-11
-1.9984e-11
-1.11022e-11
-2.22045e-12
-3.55271e-11
0
4.88498e-11
5.9952e-11
-3.10862e-11
-4.77396e-11
1.11022e-12
4.32987e-11
4.10783e-11
0
1.11022e-11
-6.21725e-11
1.11022e-12
3.55271e-11
-4.77396e-11
8.88178e-12
3.9968e-11
-4.44089e-12
1.9984e-11
1.11022e-12
-1.77636e-11
0
1.77636e-11
2.22045e-11
0
-3.10862e-11
-8.88178e-12
1.9984e-11
5.55112e-12
-2.22045e-12
0
1.22125e-11
4.44089e-12
-3.33067e-12
0
2.77556e-11
2.10942e-11
-1.33227e-11
-1.55431e-11
-2.22045e-12
-2.22045e-12
1.11022e-12
-1.11022e-12
5.55112e-12
0
-2.22045e-12
-1.11022e-12
1.11022e-12
0
0
2.22045e-12
-3.33067e-12
2.22045e-12
0
-4.44089e-12
0
0
-3.10862e-11
-3.33067e-11
-4.44089e-12
0
3.33067e-12
0
-3.33067e-12
0
3.33067e-12
-3.33067e-12
0
0
1.11022e-12
0
-4.44089e-12
0
1.11022e-12
3.33067e-12
0
-4.44089e-12
-1.44329e-11
-1.66533e-11
-2.22045e-12
-1.11022e-12
4.44089e-12
1.11022e-12
-1.11022e-12
0
-2.22045e-12
0
-1.11022e-12
2.22045e-12
0
0
3.33067e-12
-3.33067e-12
-2.22045e-12
0
2.10942e-11
2.33147e-11
1.11022e-12
0
0
1.11022e-12
2.22045e-12
-1.11022e-12
2.22045e-12
3.33067e-12
-4.44089e-12
-3.33067e-12
0
0
0
2.22045e-12
0
-2.22045e-12
0
2.22045e-12
0
-2.22045e-12
0
-1.11022e-12
2.22045e-12
0
-3.33067e-12
0
-1.11022e-12
0
1.11022e-12
-1.11022e-12
-1.11022e-12
0
1.11022e-12
0
-1.11022e-12
0
0
1.11022e-12
2.22045e-12
1.11022e-12
0
0
4.44089e-12
4.44089e-12
-4.44089e-12
0
2.22045e-12
-3.33067e-12
-3.33067e-12
0
1.11022e-12
0
-1.11022e-12
0
0
3.33067e-12
0
0
1.11022e-12
-2.22045e-12
2.22045e-12
3.33067e-12
-2.22045e-12
0
3.33067e-12
0
-3.33067e-12
0
3.33067e-12
-3.33067e-12
-3.33067e-12
0
1.11022e-12
0
-1.11022e-12
1.11022e-12
0
0
0
-1.11022e-12
0
0
1.11022e-12
3.33067e-12
0
0
4.44089e-12
-4.44089e-12
-4.44089e-12
1.11022e-12
0
0
1.11022e-12
0
-1.11022e-12
0
1.11022e-12
-1.11022e-12
9.54792e-11
9.4369e-11
-9.99201e-12
1.66533e-11
2.9976e-11
0
-2.22045e-12
0
-4.66294e-11
0
4.66294e-11
-3.21965e-11
-3.10862e-11
-1.55431e-11
9.99201e-12
0
-2.55351e-11
2.55351e-11
0
0
1.55431e-11
-7.77156e-12
-2.33147e-11
4.44089e-12
3.77476e-11
0
-1.11022e-11
0
-6.99441e-11
0
6.99441e-11
-5.88418e-11
-3.77476e-11
-9.99201e-12
4.44089e-12
1.11022e-12
-3.9968e-11
4.996e-11
7.21645e-11
-9.99201e-12
-5.21805e-11
-1.88738e-11
-1.34337e-10
-1.35447e-10
3.33067e-11
-5.55112e-12
5.10703e-11
-5.55112e-12
-8.32667e-11
3.44169e-11
5.21805e-11
2.77556e-11
2.22045e-11
1.11022e-12
-7.43849e-11
0
2.33147e-11
-6.32827e-11
2.66454e-11
0
-3.55271e-11
2.77556e-11
-1.12965e-08
-1.13876e-08
-5.66214e-11
0
-2.9976e-11
0
3.21965e-11
4.44089e-12
-3.66374e-11
-6.21725e-11
-1.9984e-11
9.4369e-11
6.66134e-12
0
-4.55191e-11
-4.10783e-11
5.9952e-11
-7.77156e-12
5.88418e-11
6.99441e-11
-6.35337e-07
-6.40862e-07
-5.55e-09
-5.44009e-11
-2.66454e-11
0
8.10463e-11
7.21645e-11
-2.55351e-11
-2.77556e-11
2.77556e-11
1.11022e-12
-7.77156e-11
0
2.55351e-11
-4.32987e-11
8.88178e-12
-1.11022e-12
1.37668e-10
1.80966e-10
-5.58442e-09
-5.58997e-09
-9.76996e-11
1.11022e-12
3.33067e-11
0
-2.77556e-11
-5.77316e-11
8.65974e-11
-1.66533e-11
-3.10862e-11
-9.99201e-12
3.10862e-11
0
-9.21485e-11
4.44089e-12
4.44089e-12
1.19904e-10
5.69433e-09
5.56777e-09
)
;

boundaryField
{
    front
    {
        type            calculated;
        value           nonuniform List<scalar> 
20
(
-5.63549e-09
-5.67213e-09
-1.29896e-10
-5.9952e-11
3.55271e-11
4.88498e-11
5.9952e-11
-5.55112e-12
-2.9976e-11
-1.9984e-11
-6.10623e-11
4.44089e-12
1.11022e-12
-3.33067e-11
5.21805e-11
-7.77156e-12
0
4.996e-11
5.6255e-09
5.60996e-09
)
;
    }
    back
    {
        type            calculated;
        value           nonuniform List<scalar> 
20
(
-5.58442e-09
-5.58997e-09
-9.76996e-11
1.11022e-12
3.33067e-11
0
-2.77556e-11
-5.77316e-11
8.65974e-11
-1.66533e-11
-3.10862e-11
-9.99201e-12
3.10862e-11
0
-9.21485e-11
4.44089e-12
4.44089e-12
1.19904e-10
5.69433e-09
5.56777e-09
)
;
    }
    left
    {
        type            calculated;
        value           uniform 0;
    }
    right
    {
        type            calculated;
        value           uniform 0;
    }
    top
    {
        type            calculated;
        value           nonuniform List<scalar> 
400
(
-5.63549e-09
-3.44169e-11
-1.77636e-11
1.11022e-11
-1.9984e-11
-4.44089e-12
-1.33227e-11
-3.10862e-11
-1.44329e-11
1.11022e-12
0
0
2.22045e-12
0
-9.99201e-12
-2.33147e-11
-1.34337e-10
-1.12965e-08
-6.35337e-07
-5.58442e-09
-5.67213e-09
-4.55191e-11
-7.77156e-12
3.33067e-12
-1.11022e-11
1.9984e-11
-1.55431e-11
-3.33067e-11
-1.66533e-11
0
-1.11022e-12
0
3.33067e-12
0
1.66533e-11
4.44089e-12
-1.35447e-10
-1.13876e-08
-6.40862e-07
-5.58997e-09
-1.29896e-10
-7.10543e-11
-3.33067e-12
-3.77476e-11
-2.22045e-12
1.11022e-12
-2.22045e-12
-4.44089e-12
-2.22045e-12
0
2.22045e-12
4.44089e-12
-2.22045e-12
1.11022e-12
2.9976e-11
3.77476e-11
3.33067e-11
-5.66214e-11
-5.55e-09
-9.76996e-11
-5.9952e-11
-4.44089e-12
-3.10862e-11
1.77636e-11
-3.55271e-11
-1.77636e-11
-2.22045e-12
0
-1.11022e-12
1.11022e-12
0
4.44089e-12
0
3.33067e-12
0
0
-5.55112e-12
0
-5.44009e-11
1.11022e-12
3.55271e-11
3.66374e-11
5.44009e-11
2.88658e-11
0
0
1.11022e-12
3.33067e-12
4.44089e-12
2.22045e-12
-3.33067e-12
-4.44089e-12
3.33067e-12
0
-2.22045e-12
-1.11022e-11
5.10703e-11
-2.9976e-11
-2.66454e-11
3.33067e-11
4.88498e-11
2.22045e-11
3.10862e-11
-4.88498e-11
4.88498e-11
1.77636e-11
-1.11022e-12
0
1.11022e-12
-1.11022e-12
0
0
0
0
0
0
-5.55112e-12
0
0
0
5.9952e-11
-4.44089e-12
-1.44329e-11
4.88498e-11
5.9952e-11
2.22045e-11
5.55112e-12
-3.33067e-12
-1.11022e-12
2.22045e-12
-1.11022e-12
2.22045e-12
-3.33067e-12
4.44089e-12
-4.66294e-11
-6.99441e-11
-8.32667e-11
3.21965e-11
8.10463e-11
-2.77556e-11
-5.55112e-12
-4.32987e-11
0
3.44169e-11
-3.10862e-11
0
0
0
0
3.33067e-12
0
-3.33067e-12
0
-4.44089e-12
0
0
3.44169e-11
4.44089e-12
7.21645e-11
-5.77316e-11
-2.9976e-11
4.77396e-11
-1.33227e-11
-4.44089e-12
-4.77396e-11
-3.10862e-11
-2.22045e-12
3.33067e-12
-2.22045e-12
-4.44089e-12
1.11022e-12
-3.33067e-12
3.33067e-12
-4.44089e-12
4.66294e-11
6.99441e-11
5.21805e-11
-3.66374e-11
-2.55351e-11
8.65974e-11
-1.9984e-11
2.44249e-11
1.22125e-11
6.21725e-11
1.11022e-12
-8.88178e-12
-1.11022e-12
-3.33067e-12
0
-3.33067e-12
-1.11022e-12
0
-3.33067e-12
1.11022e-12
-3.21965e-11
-5.88418e-11
2.77556e-11
-6.21725e-11
-2.77556e-11
-1.66533e-11
-6.10623e-11
-7.21645e-11
-3.88578e-11
-4.77396e-11
4.32987e-11
1.9984e-11
1.11022e-12
0
-1.11022e-12
0
-1.11022e-12
1.11022e-12
-3.33067e-12
0
-3.10862e-11
-3.77476e-11
2.22045e-11
-1.9984e-11
2.77556e-11
-3.10862e-11
4.44089e-12
1.11022e-11
1.33227e-11
-4.88498e-11
4.10783e-11
5.55112e-12
0
0
2.22045e-12
0
0
0
0
0
-1.55431e-11
-9.99201e-12
1.11022e-12
9.4369e-11
1.11022e-12
-9.99201e-12
1.11022e-12
5.66214e-11
0
0
0
-2.22045e-12
0
1.11022e-12
0
0
1.11022e-12
-1.11022e-12
1.11022e-12
1.11022e-12
9.99201e-12
4.44089e-12
-7.43849e-11
6.66134e-12
-7.77156e-11
3.10862e-11
-3.33067e-11
-4.32987e-11
-7.66054e-11
3.33067e-11
1.11022e-11
0
2.22045e-12
0
0
2.22045e-12
0
0
0
0
0
1.11022e-12
0
0
0
0
5.21805e-11
-3.66374e-11
5.10703e-11
5.66214e-11
-6.21725e-11
1.22125e-11
-3.33067e-12
-4.44089e-12
3.33067e-12
0
-1.11022e-12
0
-1.11022e-12
-1.11022e-12
-2.55351e-11
-3.9968e-11
2.33147e-11
-4.55191e-11
2.55351e-11
-9.21485e-11
-7.77156e-12
-1.88738e-11
3.44169e-11
5.55112e-12
1.11022e-12
4.44089e-12
2.22045e-12
0
-3.33067e-12
-2.22045e-12
0
3.33067e-12
1.11022e-12
0
2.55351e-11
4.996e-11
-6.32827e-11
-4.10783e-11
-4.32987e-11
4.44089e-12
0
5.9952e-11
-8.88178e-12
-4.44089e-12
3.55271e-11
-3.33067e-12
0
1.11022e-12
-2.22045e-12
0
0
0
0
1.11022e-12
0
7.21645e-11
2.66454e-11
5.9952e-11
8.88178e-12
4.44089e-12
4.996e-11
5.64104e-09
1.4877e-10
-5.66214e-11
-4.77396e-11
0
-4.44089e-12
3.33067e-12
0
2.22045e-12
1.11022e-12
0
0
-1.11022e-12
0
-9.99201e-12
0
-7.77156e-12
-1.11022e-12
1.19904e-10
5.6255e-09
6.40836e-07
1.13565e-08
4.44089e-11
8.88178e-12
2.77556e-11
0
0
2.10942e-11
0
2.22045e-12
1.11022e-12
0
9.54792e-11
1.55431e-11
-5.21805e-11
-3.55271e-11
5.88418e-11
1.37668e-10
5.69433e-09
5.60996e-09
6.35276e-07
1.12366e-08
9.65894e-11
3.9968e-11
2.10942e-11
0
-4.44089e-12
2.33147e-11
-2.22045e-12
1.11022e-12
-2.22045e-12
-1.11022e-12
9.4369e-11
-7.77156e-12
-1.88738e-11
2.77556e-11
6.99441e-11
1.80966e-10
5.56777e-09
)
;
    }
    bottom
    {
        type            calculated;
        value           nonuniform List<scalar> 
400
(
-5.63549e-09
-3.44169e-11
-1.77636e-11
1.11022e-11
-1.9984e-11
-4.44089e-12
-1.33227e-11
-3.10862e-11
-1.44329e-11
1.11022e-12
0
0
2.22045e-12
0
-9.99201e-12
-2.33147e-11
-1.34337e-10
-1.12965e-08
-6.35337e-07
-5.58442e-09
-5.67213e-09
-4.55191e-11
-7.77156e-12
3.33067e-12
-1.11022e-11
1.9984e-11
-1.55431e-11
-3.33067e-11
-1.66533e-11
0
-1.11022e-12
0
3.33067e-12
0
1.66533e-11
4.44089e-12
-1.35447e-10
-1.13876e-08
-6.40862e-07
-5.58997e-09
-1.29896e-10
-7.10543e-11
-3.33067e-12
-3.77476e-11
-2.22045e-12
1.11022e-12
-2.22045e-12
-4.44089e-12
-2.22045e-12
0
2.22045e-12
4.44089e-12
-2.22045e-12
1.11022e-12
2.9976e-11
3.77476e-11
3.33067e-11
-5.66214e-11
-5.55e-09
-9.76996e-11
-5.9952e-11
-4.44089e-12
-3.10862e-11
1.77636e-11
-3.55271e-11
-1.77636e-11
-2.22045e-12
0
-1.11022e-12
1.11022e-12
0
4.44089e-12
0
3.33067e-12
0
0
-5.55112e-12
0
-5.44009e-11
1.11022e-12
3.55271e-11
3.66374e-11
5.44009e-11
2.88658e-11
0
0
1.11022e-12
3.33067e-12
4.44089e-12
2.22045e-12
-3.33067e-12
-4.44089e-12
3.33067e-12
0
-2.22045e-12
-1.11022e-11
5.10703e-11
-2.9976e-11
-2.66454e-11
3.33067e-11
4.88498e-11
2.22045e-11
3.10862e-11
-4.88498e-11
4.88498e-11
1.77636e-11
-1.11022e-12
0
1.11022e-12
-1.11022e-12
0
0
0
0
0
0
-5.55112e-12
0
0
0
5.9952e-11
-4.44089e-12
-1.44329e-11
4.88498e-11
5.9952e-11
2.22045e-11
5.55112e-12
-3.33067e-12
-1.11022e-12
2.22045e-12
-1.11022e-12
2.22045e-12
-3.33067e-12
4.44089e-12
-4.66294e-11
-6.99441e-11
-8.32667e-11
3.21965e-11
8.10463e-11
-2.77556e-11
-5.55112e-12
-4.32987e-11
0
3.44169e-11
-3.10862e-11
0
0
0
0
3.33067e-12
0
-3.33067e-12
0
-4.44089e-12
0
0
3.44169e-11
4.44089e-12
7.21645e-11
-5.77316e-11
-2.9976e-11
4.77396e-11
-1.33227e-11
-4.44089e-12
-4.77396e-11
-3.10862e-11
-2.22045e-12
3.33067e-12
-2.22045e-12
-4.44089e-12
1.11022e-12
-3.33067e-12
3.33067e-12
-4.44089e-12
4.66294e-11
6.99441e-11
5.21805e-11
-3.66374e-11
-2.55351e-11
8.65974e-11
-1.9984e-11
2.44249e-11
1.22125e-11
6.21725e-11
1.11022e-12
-8.88178e-12
-1.11022e-12
-3.33067e-12
0
-3.33067e-12
-1.11022e-12
0
-3.33067e-12
1.11022e-12
-3.21965e-11
-5.88418e-11
2.77556e-11
-6.21725e-11
-2.77556e-11
-1.66533e-11
-6.10623e-11
-7.21645e-11
-3.88578e-11
-4.77396e-11
4.32987e-11
1.9984e-11
1.11022e-12
0
-1.11022e-12
0
-1.11022e-12
1.11022e-12
-3.33067e-12
0
-3.10862e-11
-3.77476e-11
2.22045e-11
-1.9984e-11
2.77556e-11
-3.10862e-11
4.44089e-12
1.11022e-11
1.33227e-11
-4.88498e-11
4.10783e-11
5.55112e-12
0
0
2.22045e-12
0
0
0
0
0
-1.55431e-11
-9.99201e-12
1.11022e-12
9.4369e-11
1.11022e-12
-9.99201e-12
1.11022e-12
5.66214e-11
0
0
0
-2.22045e-12
0
1.11022e-12
0
0
1.11022e-12
-1.11022e-12
1.11022e-12
1.11022e-12
9.99201e-12
4.44089e-12
-7.43849e-11
6.66134e-12
-7.77156e-11
3.10862e-11
-3.33067e-11
-4.32987e-11
-7.66054e-11
3.33067e-11
1.11022e-11
0
2.22045e-12
0
0
2.22045e-12
0
0
0
0
0
1.11022e-12
0
0
0
0
5.21805e-11
-3.66374e-11
5.10703e-11
5.66214e-11
-6.21725e-11
1.22125e-11
-3.33067e-12
-4.44089e-12
3.33067e-12
0
-1.11022e-12
0
-1.11022e-12
-1.11022e-12
-2.55351e-11
-3.9968e-11
2.33147e-11
-4.55191e-11
2.55351e-11
-9.21485e-11
-7.77156e-12
-1.88738e-11
3.44169e-11
5.55112e-12
1.11022e-12
4.44089e-12
2.22045e-12
0
-3.33067e-12
-2.22045e-12
0
3.33067e-12
1.11022e-12
0
2.55351e-11
4.996e-11
-6.32827e-11
-4.10783e-11
-4.32987e-11
4.44089e-12
0
5.9952e-11
-8.88178e-12
-4.44089e-12
3.55271e-11
-3.33067e-12
0
1.11022e-12
-2.22045e-12
0
0
0
0
1.11022e-12
0
7.21645e-11
2.66454e-11
5.9952e-11
8.88178e-12
4.44089e-12
4.996e-11
5.64104e-09
1.4877e-10
-5.66214e-11
-4.77396e-11
0
-4.44089e-12
3.33067e-12
0
2.22045e-12
1.11022e-12
0
0
-1.11022e-12
0
-9.99201e-12
0
-7.77156e-12
-1.11022e-12
1.19904e-10
5.6255e-09
6.40836e-07
1.13565e-08
4.44089e-11
8.88178e-12
2.77556e-11
0
0
2.10942e-11
0
2.22045e-12
1.11022e-12
0
9.54792e-11
1.55431e-11
-5.21805e-11
-3.55271e-11
5.88418e-11
1.37668e-10
5.69433e-09
5.60996e-09
6.35276e-07
1.12366e-08
9.65894e-11
3.9968e-11
2.10942e-11
0
-4.44089e-12
2.33147e-11
-2.22045e-12
1.11022e-12
-2.22045e-12
-1.11022e-12
9.4369e-11
-7.77156e-12
-1.88738e-11
2.77556e-11
6.99441e-11
1.80966e-10
5.56777e-09
)
;
    }
}


// ************************************************************************* //
