/*--------------------------------*- C++ -*----------------------------------*\
  =========                 |
  \\      /  F ield         | OpenFOAM: The Open Source CFD Toolbox
   \\    /   O peration     | Website:  https://openfoam.org
    \\  /    A nd           | Version:  8
     \\/     M anipulation  |
\*---------------------------------------------------------------------------*/
FoamFile
{
    version     2.0;
    format      ascii;
    class       volScalarField;
    location    "1.1";
    object      gradTy;
}
// * * * * * * * * * * * * * * * * * * * * * * * * * * * * * * * * * * * * * //

dimensions      [0 -1 0 1 0 0 0];

internalField   nonuniform List<scalar> 
400
(
-5896.24
-5896.24
-5896.24
-5896.24
-5896.24
-5896.24
-5896.24
-5896.24
-5896.24
-5896.24
-5896.24
-5896.24
-5896.24
-5896.24
-5896.24
-5896.24
-5896.24
-5896.24
-5896.24
-5896.24
-102.849
-102.849
-102.849
-102.849
-102.849
-102.849
-102.849
-102.849
-102.849
-102.849
-102.849
-102.849
-102.849
-102.849
-102.849
-102.849
-102.849
-102.849
-102.849
-102.849
-0.906358
-0.906358
-0.906358
-0.906358
-0.906358
-0.906358
-0.906358
-0.906358
-0.906358
-0.906358
-0.906358
-0.906358
-0.906358
-0.906358
-0.906358
-0.906358
-0.906358
-0.906358
-0.906358
-0.906359
-0.00535685
-0.00535685
-0.00535685
-0.00535685
-0.00535685
-0.00535685
-0.00535685
-0.00535685
-0.00535685
-0.00535685
-0.00535685
-0.00535685
-0.00535685
-0.00535685
-0.00535685
-0.00535685
-0.00535685
-0.00535685
-0.00535685
-0.00535686
-2.38664e-05
-2.38665e-05
-2.38664e-05
-2.38664e-05
-2.38665e-05
-2.38665e-05
-2.38664e-05
-2.38665e-05
-2.38664e-05
-2.38665e-05
-2.38665e-05
-2.38664e-05
-2.38664e-05
-2.38664e-05
-2.38665e-05
-2.38665e-05
-2.38665e-05
-2.38665e-05
-2.38664e-05
-2.38665e-05
-8.54694e-08
-8.5465e-08
-8.54761e-08
-8.5465e-08
-8.54417e-08
-8.54639e-08
-8.54894e-08
-8.55205e-08
-8.54583e-08
-8.54772e-08
-8.54594e-08
-8.55194e-08
-8.55005e-08
-8.55194e-08
-8.55094e-08
-8.54594e-08
-8.55072e-08
-8.54949e-08
-8.5465e-08
-8.55049e-08
-2.33147e-10
-2.58682e-10
-2.86438e-10
-2.63123e-10
-2.67564e-10
-2.59792e-10
-2.86438e-10
-2.86438e-10
-2.86438e-10
-2.5091e-10
-2.80886e-10
-2.72005e-10
-2.85327e-10
-2.69784e-10
-2.85327e-10
-2.85327e-10
-2.90878e-10
-2.80886e-10
-2.86438e-10
-3.10862e-10
0
1.11022e-12
-1.11022e-12
0
-1.11022e-12
4.44089e-12
0
-1.11022e-12
0
-1.11022e-12
1.11022e-12
-3.33067e-12
3.33067e-12
-4.44089e-12
1.11022e-12
3.33067e-12
-5.55112e-12
1.11022e-12
0
2.22045e-11
-3.55271e-11
-5.55112e-12
-3.33067e-12
0
-1.11022e-12
-1.11022e-12
-3.33067e-12
5.55112e-12
0
-3.33067e-12
0
-3.33067e-12
0
-4.44089e-12
2.22045e-12
0
0
0
-2.22045e-12
0
-1.55431e-11
0
0
4.44089e-12
0
-3.33067e-12
0
-4.44089e-12
0
0
-1.11022e-12
0
-3.33067e-12
1.11022e-12
-3.33067e-12
-3.33067e-12
0
-1.11022e-12
1.11022e-12
-1.9984e-11
0
0
0
4.44089e-12
2.22045e-12
-1.11022e-12
3.33067e-12
-1.11022e-12
-3.33067e-12
0
0
1.11022e-12
0
0
-2.22045e-12
0
3.33067e-12
0
1.11022e-12
1.11022e-12
-2.22045e-12
0
2.22045e-12
-4.44089e-12
2.22045e-12
2.22045e-12
2.22045e-12
0
2.22045e-12
2.22045e-12
0
0
0
0
0
0
1.11022e-12
0
0
-2.22045e-12
0
0
0
-3.33067e-12
0
0
0
1.11022e-12
0
0
1.11022e-12
-1.11022e-12
1.11022e-12
1.11022e-12
1.11022e-12
0
-3.33067e-12
1.11022e-12
-3.33067e-12
9.4369e-11
2.67564e-10
2.55351e-10
2.83107e-10
2.87548e-10
2.81997e-10
2.81997e-10
2.81997e-10
2.38698e-10
2.81997e-10
2.81997e-10
2.53131e-10
2.54241e-10
2.38698e-10
2.63123e-10
2.38698e-10
2.38698e-10
2.63123e-10
2.38698e-10
2.63123e-10
2.54241e-10
8.55083e-08
8.54838e-08
8.55105e-08
8.55194e-08
8.55072e-08
8.55105e-08
8.55072e-08
8.54361e-08
8.55105e-08
8.55105e-08
8.54505e-08
8.54739e-08
8.54394e-08
8.54772e-08
8.54394e-08
8.54405e-08
8.54905e-08
8.55116e-08
8.54783e-08
8.53662e-08
2.38666e-05
2.38664e-05
2.38664e-05
2.38664e-05
2.38664e-05
2.38665e-05
2.38664e-05
2.38665e-05
2.38664e-05
2.38665e-05
2.38665e-05
2.38665e-05
2.38665e-05
2.38664e-05
2.38665e-05
2.38665e-05
2.38664e-05
2.38665e-05
2.38664e-05
2.38665e-05
0.00535686
0.00535685
0.00535685
0.00535685
0.00535685
0.00535685
0.00535685
0.00535685
0.00535685
0.00535685
0.00535685
0.00535685
0.00535685
0.00535685
0.00535685
0.00535685
0.00535685
0.00535685
0.00535685
0.00535685
0.906359
0.906358
0.906358
0.906358
0.906358
0.906358
0.906358
0.906358
0.906358
0.906358
0.906358
0.906358
0.906358
0.906358
0.906358
0.906358
0.906358
0.906358
0.906358
0.906358
102.849
102.849
102.849
102.849
102.849
102.849
102.849
102.849
102.849
102.849
102.849
102.849
102.849
102.849
102.849
102.849
102.849
102.849
102.849
102.849
5896.24
5896.24
5896.24
5896.24
5896.24
5896.24
5896.24
5896.24
5896.24
5896.24
5896.24
5896.24
5896.24
5896.24
5896.24
5896.24
5896.24
5896.24
5896.24
5896.24
)
;

boundaryField
{
    front
    {
        type            calculated;
        value           nonuniform List<scalar> 
20
(
-11588.6
-11588.6
-11588.6
-11588.6
-11588.6
-11588.6
-11588.6
-11588.6
-11588.6
-11588.6
-11588.6
-11588.6
-11588.6
-11588.6
-11588.6
-11588.6
-11588.6
-11588.6
-11588.6
-11588.6
)
;
    }
    back
    {
        type            calculated;
        value           nonuniform List<scalar> 
20
(
11588.6
11588.6
11588.6
11588.6
11588.6
11588.6
11588.6
11588.6
11588.6
11588.6
11588.6
11588.6
11588.6
11588.6
11588.6
11588.6
11588.6
11588.6
11588.6
11588.6
)
;
    }
    left
    {
        type            calculated;
        value           nonuniform List<scalar> 
20
(
-5896.24
-102.849
-0.906358
-0.00535685
-2.38664e-05
-8.54694e-08
-2.33147e-10
0
-3.55271e-11
-1.55431e-11
0
-2.22045e-12
0
2.67564e-10
8.55083e-08
2.38666e-05
0.00535686
0.906359
102.849
5896.24
)
;
    }
    right
    {
        type            calculated;
        value           nonuniform List<scalar> 
20
(
-5896.24
-102.849
-0.906359
-0.00535686
-2.38665e-05
-8.55049e-08
-3.10862e-10
2.22045e-11
0
-1.9984e-11
1.11022e-12
-2.22045e-12
9.4369e-11
2.54241e-10
8.53662e-08
2.38665e-05
0.00535685
0.906358
102.849
5896.24
)
;
    }
    top
    {
        type            calculated;
        value           nonuniform List<scalar> 
400
(
-5896.24
-102.849
-0.906358
-0.00535685
-2.38664e-05
-8.54694e-08
-2.33147e-10
0
-3.55271e-11
-1.55431e-11
0
-2.22045e-12
0
2.67564e-10
8.55083e-08
2.38666e-05
0.00535686
0.906359
102.849
5896.24
-5896.24
-102.849
-0.906358
-0.00535685
-2.38665e-05
-8.5465e-08
-2.58682e-10
1.11022e-12
-5.55112e-12
0
0
0
0
2.55351e-10
8.54838e-08
2.38664e-05
0.00535685
0.906358
102.849
5896.24
-5896.24
-102.849
-0.906358
-0.00535685
-2.38664e-05
-8.54761e-08
-2.86438e-10
-1.11022e-12
-3.33067e-12
0
0
2.22045e-12
0
2.83107e-10
8.55105e-08
2.38664e-05
0.00535685
0.906358
102.849
5896.24
-5896.24
-102.849
-0.906358
-0.00535685
-2.38664e-05
-8.5465e-08
-2.63123e-10
0
0
4.44089e-12
4.44089e-12
-4.44089e-12
-3.33067e-12
2.87548e-10
8.55194e-08
2.38664e-05
0.00535685
0.906358
102.849
5896.24
-5896.24
-102.849
-0.906358
-0.00535685
-2.38665e-05
-8.54417e-08
-2.67564e-10
-1.11022e-12
-1.11022e-12
0
2.22045e-12
2.22045e-12
0
2.81997e-10
8.55072e-08
2.38664e-05
0.00535685
0.906358
102.849
5896.24
-5896.24
-102.849
-0.906358
-0.00535685
-2.38665e-05
-8.54639e-08
-2.59792e-10
4.44089e-12
-1.11022e-12
-3.33067e-12
-1.11022e-12
2.22045e-12
0
2.81997e-10
8.55105e-08
2.38665e-05
0.00535685
0.906358
102.849
5896.24
-5896.24
-102.849
-0.906358
-0.00535685
-2.38664e-05
-8.54894e-08
-2.86438e-10
0
-3.33067e-12
0
3.33067e-12
2.22045e-12
0
2.81997e-10
8.55072e-08
2.38664e-05
0.00535685
0.906358
102.849
5896.24
-5896.24
-102.849
-0.906358
-0.00535685
-2.38665e-05
-8.55205e-08
-2.86438e-10
-1.11022e-12
5.55112e-12
-4.44089e-12
-1.11022e-12
0
1.11022e-12
2.38698e-10
8.54361e-08
2.38665e-05
0.00535685
0.906358
102.849
5896.24
-5896.24
-102.849
-0.906358
-0.00535685
-2.38664e-05
-8.54583e-08
-2.86438e-10
0
0
0
-3.33067e-12
2.22045e-12
0
2.81997e-10
8.55105e-08
2.38664e-05
0.00535685
0.906358
102.849
5896.24
-5896.24
-102.849
-0.906358
-0.00535685
-2.38665e-05
-8.54772e-08
-2.5091e-10
-1.11022e-12
-3.33067e-12
0
0
2.22045e-12
0
2.81997e-10
8.55105e-08
2.38665e-05
0.00535685
0.906358
102.849
5896.24
-5896.24
-102.849
-0.906358
-0.00535685
-2.38665e-05
-8.54594e-08
-2.80886e-10
1.11022e-12
0
-1.11022e-12
0
0
1.11022e-12
2.53131e-10
8.54505e-08
2.38665e-05
0.00535685
0.906358
102.849
5896.24
-5896.24
-102.849
-0.906358
-0.00535685
-2.38664e-05
-8.55194e-08
-2.72005e-10
-3.33067e-12
-3.33067e-12
0
1.11022e-12
0
-1.11022e-12
2.54241e-10
8.54739e-08
2.38665e-05
0.00535685
0.906358
102.849
5896.24
-5896.24
-102.849
-0.906358
-0.00535685
-2.38664e-05
-8.55005e-08
-2.85327e-10
3.33067e-12
0
-3.33067e-12
0
0
1.11022e-12
2.38698e-10
8.54394e-08
2.38665e-05
0.00535685
0.906358
102.849
5896.24
-5896.24
-102.849
-0.906358
-0.00535685
-2.38664e-05
-8.55194e-08
-2.69784e-10
-4.44089e-12
-4.44089e-12
1.11022e-12
0
0
1.11022e-12
2.63123e-10
8.54772e-08
2.38664e-05
0.00535685
0.906358
102.849
5896.24
-5896.24
-102.849
-0.906358
-0.00535685
-2.38665e-05
-8.55094e-08
-2.85327e-10
1.11022e-12
2.22045e-12
-3.33067e-12
-2.22045e-12
0
1.11022e-12
2.38698e-10
8.54394e-08
2.38665e-05
0.00535685
0.906358
102.849
5896.24
-5896.24
-102.849
-0.906358
-0.00535685
-2.38665e-05
-8.54594e-08
-2.85327e-10
3.33067e-12
0
-3.33067e-12
0
0
0
2.38698e-10
8.54405e-08
2.38665e-05
0.00535685
0.906358
102.849
5896.24
-5896.24
-102.849
-0.906358
-0.00535685
-2.38665e-05
-8.55072e-08
-2.90878e-10
-5.55112e-12
0
0
3.33067e-12
1.11022e-12
-3.33067e-12
2.63123e-10
8.54905e-08
2.38664e-05
0.00535685
0.906358
102.849
5896.24
-5896.24
-102.849
-0.906358
-0.00535685
-2.38665e-05
-8.54949e-08
-2.80886e-10
1.11022e-12
0
-1.11022e-12
0
0
1.11022e-12
2.38698e-10
8.55116e-08
2.38665e-05
0.00535685
0.906358
102.849
5896.24
-5896.24
-102.849
-0.906358
-0.00535685
-2.38664e-05
-8.5465e-08
-2.86438e-10
0
-2.22045e-12
1.11022e-12
1.11022e-12
0
-3.33067e-12
2.63123e-10
8.54783e-08
2.38664e-05
0.00535685
0.906358
102.849
5896.24
-5896.24
-102.849
-0.906359
-0.00535686
-2.38665e-05
-8.55049e-08
-3.10862e-10
2.22045e-11
0
-1.9984e-11
1.11022e-12
-2.22045e-12
9.4369e-11
2.54241e-10
8.53662e-08
2.38665e-05
0.00535685
0.906358
102.849
5896.24
)
;
    }
    bottom
    {
        type            calculated;
        value           nonuniform List<scalar> 
400
(
-5896.24
-102.849
-0.906358
-0.00535685
-2.38664e-05
-8.54694e-08
-2.33147e-10
0
-3.55271e-11
-1.55431e-11
0
-2.22045e-12
0
2.67564e-10
8.55083e-08
2.38666e-05
0.00535686
0.906359
102.849
5896.24
-5896.24
-102.849
-0.906358
-0.00535685
-2.38665e-05
-8.5465e-08
-2.58682e-10
1.11022e-12
-5.55112e-12
0
0
0
0
2.55351e-10
8.54838e-08
2.38664e-05
0.00535685
0.906358
102.849
5896.24
-5896.24
-102.849
-0.906358
-0.00535685
-2.38664e-05
-8.54761e-08
-2.86438e-10
-1.11022e-12
-3.33067e-12
0
0
2.22045e-12
0
2.83107e-10
8.55105e-08
2.38664e-05
0.00535685
0.906358
102.849
5896.24
-5896.24
-102.849
-0.906358
-0.00535685
-2.38664e-05
-8.5465e-08
-2.63123e-10
0
0
4.44089e-12
4.44089e-12
-4.44089e-12
-3.33067e-12
2.87548e-10
8.55194e-08
2.38664e-05
0.00535685
0.906358
102.849
5896.24
-5896.24
-102.849
-0.906358
-0.00535685
-2.38665e-05
-8.54417e-08
-2.67564e-10
-1.11022e-12
-1.11022e-12
0
2.22045e-12
2.22045e-12
0
2.81997e-10
8.55072e-08
2.38664e-05
0.00535685
0.906358
102.849
5896.24
-5896.24
-102.849
-0.906358
-0.00535685
-2.38665e-05
-8.54639e-08
-2.59792e-10
4.44089e-12
-1.11022e-12
-3.33067e-12
-1.11022e-12
2.22045e-12
0
2.81997e-10
8.55105e-08
2.38665e-05
0.00535685
0.906358
102.849
5896.24
-5896.24
-102.849
-0.906358
-0.00535685
-2.38664e-05
-8.54894e-08
-2.86438e-10
0
-3.33067e-12
0
3.33067e-12
2.22045e-12
0
2.81997e-10
8.55072e-08
2.38664e-05
0.00535685
0.906358
102.849
5896.24
-5896.24
-102.849
-0.906358
-0.00535685
-2.38665e-05
-8.55205e-08
-2.86438e-10
-1.11022e-12
5.55112e-12
-4.44089e-12
-1.11022e-12
0
1.11022e-12
2.38698e-10
8.54361e-08
2.38665e-05
0.00535685
0.906358
102.849
5896.24
-5896.24
-102.849
-0.906358
-0.00535685
-2.38664e-05
-8.54583e-08
-2.86438e-10
0
0
0
-3.33067e-12
2.22045e-12
0
2.81997e-10
8.55105e-08
2.38664e-05
0.00535685
0.906358
102.849
5896.24
-5896.24
-102.849
-0.906358
-0.00535685
-2.38665e-05
-8.54772e-08
-2.5091e-10
-1.11022e-12
-3.33067e-12
0
0
2.22045e-12
0
2.81997e-10
8.55105e-08
2.38665e-05
0.00535685
0.906358
102.849
5896.24
-5896.24
-102.849
-0.906358
-0.00535685
-2.38665e-05
-8.54594e-08
-2.80886e-10
1.11022e-12
0
-1.11022e-12
0
0
1.11022e-12
2.53131e-10
8.54505e-08
2.38665e-05
0.00535685
0.906358
102.849
5896.24
-5896.24
-102.849
-0.906358
-0.00535685
-2.38664e-05
-8.55194e-08
-2.72005e-10
-3.33067e-12
-3.33067e-12
0
1.11022e-12
0
-1.11022e-12
2.54241e-10
8.54739e-08
2.38665e-05
0.00535685
0.906358
102.849
5896.24
-5896.24
-102.849
-0.906358
-0.00535685
-2.38664e-05
-8.55005e-08
-2.85327e-10
3.33067e-12
0
-3.33067e-12
0
0
1.11022e-12
2.38698e-10
8.54394e-08
2.38665e-05
0.00535685
0.906358
102.849
5896.24
-5896.24
-102.849
-0.906358
-0.00535685
-2.38664e-05
-8.55194e-08
-2.69784e-10
-4.44089e-12
-4.44089e-12
1.11022e-12
0
0
1.11022e-12
2.63123e-10
8.54772e-08
2.38664e-05
0.00535685
0.906358
102.849
5896.24
-5896.24
-102.849
-0.906358
-0.00535685
-2.38665e-05
-8.55094e-08
-2.85327e-10
1.11022e-12
2.22045e-12
-3.33067e-12
-2.22045e-12
0
1.11022e-12
2.38698e-10
8.54394e-08
2.38665e-05
0.00535685
0.906358
102.849
5896.24
-5896.24
-102.849
-0.906358
-0.00535685
-2.38665e-05
-8.54594e-08
-2.85327e-10
3.33067e-12
0
-3.33067e-12
0
0
0
2.38698e-10
8.54405e-08
2.38665e-05
0.00535685
0.906358
102.849
5896.24
-5896.24
-102.849
-0.906358
-0.00535685
-2.38665e-05
-8.55072e-08
-2.90878e-10
-5.55112e-12
0
0
3.33067e-12
1.11022e-12
-3.33067e-12
2.63123e-10
8.54905e-08
2.38664e-05
0.00535685
0.906358
102.849
5896.24
-5896.24
-102.849
-0.906358
-0.00535685
-2.38665e-05
-8.54949e-08
-2.80886e-10
1.11022e-12
0
-1.11022e-12
0
0
1.11022e-12
2.38698e-10
8.55116e-08
2.38665e-05
0.00535685
0.906358
102.849
5896.24
-5896.24
-102.849
-0.906358
-0.00535685
-2.38664e-05
-8.5465e-08
-2.86438e-10
0
-2.22045e-12
1.11022e-12
1.11022e-12
0
-3.33067e-12
2.63123e-10
8.54783e-08
2.38664e-05
0.00535685
0.906358
102.849
5896.24
-5896.24
-102.849
-0.906359
-0.00535686
-2.38665e-05
-8.55049e-08
-3.10862e-10
2.22045e-11
0
-1.9984e-11
1.11022e-12
-2.22045e-12
9.4369e-11
2.54241e-10
8.53662e-08
2.38665e-05
0.00535685
0.906358
102.849
5896.24
)
;
    }
}


// ************************************************************************* //
