/*--------------------------------*- C++ -*----------------------------------*\
  =========                 |
  \\      /  F ield         | OpenFOAM: The Open Source CFD Toolbox
   \\    /   O peration     | Website:  https://openfoam.org
    \\  /    A nd           | Version:  8
     \\/     M anipulation  |
\*---------------------------------------------------------------------------*/
FoamFile
{
    version     2.0;
    format      ascii;
    class       volScalarField;
    location    "0.4";
    object      gradTy;
}
// * * * * * * * * * * * * * * * * * * * * * * * * * * * * * * * * * * * * * //

dimensions      [0 -1 0 1 0 0 0];

internalField   nonuniform List<scalar> 
400
(
-5961.85
-5961.85
-5961.85
-5961.85
-5961.85
-5961.85
-5961.85
-5961.85
-5961.85
-5961.85
-5961.85
-5961.85
-5961.85
-5961.85
-5961.85
-5961.85
-5961.85
-5961.85
-5961.85
-5961.85
-38.0292
-38.0292
-38.0292
-38.0292
-38.0292
-38.0292
-38.0292
-38.0292
-38.0292
-38.0292
-38.0292
-38.0292
-38.0292
-38.0292
-38.0292
-38.0292
-38.0292
-38.0292
-38.0292
-38.0292
-0.123064
-0.123064
-0.123064
-0.123064
-0.123064
-0.123064
-0.123064
-0.123064
-0.123064
-0.123064
-0.123064
-0.123064
-0.123064
-0.123064
-0.123064
-0.123064
-0.123064
-0.123064
-0.123064
-0.123065
-0.000268915
-0.000268915
-0.000268915
-0.000268915
-0.000268915
-0.000268915
-0.000268915
-0.000268915
-0.000268915
-0.000268915
-0.000268915
-0.000268915
-0.000268915
-0.000268915
-0.000268915
-0.000268915
-0.000268915
-0.000268915
-0.000268915
-0.000268916
-4.46171e-07
-4.46185e-07
-4.46173e-07
-4.46164e-07
-4.46185e-07
-4.46179e-07
-4.46159e-07
-4.46195e-07
-4.46174e-07
-4.46198e-07
-4.46201e-07
-4.46175e-07
-4.46182e-07
-4.46175e-07
-4.46195e-07
-4.46194e-07
-4.46199e-07
-4.46196e-07
-4.46174e-07
-4.46155e-07
-5.88418e-10
-5.973e-10
-6.03961e-10
-6.00631e-10
-5.9619e-10
-5.9952e-10
-6.08402e-10
-6.18394e-10
-5.973e-10
-6.01741e-10
-5.973e-10
-6.20615e-10
-6.12843e-10
-6.20615e-10
-6.17284e-10
-5.973e-10
-6.11733e-10
-6.12843e-10
-6.00631e-10
-6.10623e-10
3.55271e-11
4.44089e-12
-1.11022e-12
0
3.33067e-12
3.33067e-12
0
-4.44089e-12
-1.11022e-12
2.22045e-12
-1.11022e-12
2.22045e-12
-3.33067e-12
4.44089e-12
-3.33067e-12
-3.33067e-12
-3.33067e-12
-1.11022e-12
1.11022e-12
-2.22045e-11
0
1.11022e-12
-1.11022e-12
0
-1.11022e-12
4.44089e-12
0
-1.11022e-12
0
-1.11022e-12
1.11022e-12
-3.33067e-12
3.33067e-12
-4.44089e-12
1.11022e-12
3.33067e-12
-5.55112e-12
1.11022e-12
0
2.22045e-11
-3.55271e-11
-5.55112e-12
-3.33067e-12
0
-1.11022e-12
-1.11022e-12
-3.33067e-12
5.55112e-12
0
-3.33067e-12
0
-3.33067e-12
0
-4.44089e-12
2.22045e-12
0
0
0
-2.22045e-12
0
-1.55431e-11
0
0
4.44089e-12
0
-3.33067e-12
0
-4.44089e-12
0
0
-1.11022e-12
0
-3.33067e-12
1.11022e-12
-3.33067e-12
-3.33067e-12
0
-1.11022e-12
1.11022e-12
-1.9984e-11
0
0
0
4.44089e-12
2.22045e-12
-1.11022e-12
3.33067e-12
-1.11022e-12
-3.33067e-12
0
0
1.11022e-12
0
0
-2.22045e-12
0
3.33067e-12
0
1.11022e-12
1.11022e-12
-2.22045e-12
0
2.22045e-12
-4.44089e-12
2.22045e-12
2.22045e-12
2.22045e-12
0
2.22045e-12
2.22045e-12
0
0
0
0
0
0
1.11022e-12
0
0
-2.22045e-12
0
0
0
-3.33067e-12
0
0
0
1.11022e-12
0
0
1.11022e-12
-1.11022e-12
1.11022e-12
1.11022e-12
1.11022e-12
0
-3.33067e-12
1.11022e-12
-3.33067e-12
4.88498e-11
0
-2.22045e-12
0
4.44089e-12
0
0
0
0
0
0
0
0
0
-1.11022e-12
0
0
0
0
0
0
6.10623e-10
6.08402e-10
6.19504e-10
6.22835e-10
6.16174e-10
6.18394e-10
6.16174e-10
5.89528e-10
6.19504e-10
6.19504e-10
5.9841e-10
6.01741e-10
5.92859e-10
6.08402e-10
5.92859e-10
5.93969e-10
6.07292e-10
6.16174e-10
6.08402e-10
5.4623e-10
4.46189e-07
4.46169e-07
4.46166e-07
4.46181e-07
4.46166e-07
4.46201e-07
4.46166e-07
4.46175e-07
4.46178e-07
4.4619e-07
4.46194e-07
4.46205e-07
4.46195e-07
4.46172e-07
4.46195e-07
4.46185e-07
4.4617e-07
4.46194e-07
4.4617e-07
4.46176e-07
0.000268916
0.000268915
0.000268915
0.000268915
0.000268915
0.000268915
0.000268915
0.000268915
0.000268915
0.000268915
0.000268915
0.000268915
0.000268915
0.000268915
0.000268915
0.000268915
0.000268915
0.000268915
0.000268915
0.000268915
0.123065
0.123064
0.123064
0.123064
0.123064
0.123064
0.123064
0.123064
0.123064
0.123064
0.123064
0.123064
0.123064
0.123064
0.123064
0.123064
0.123064
0.123064
0.123064
0.123064
38.0292
38.0292
38.0292
38.0292
38.0292
38.0292
38.0292
38.0292
38.0292
38.0292
38.0292
38.0292
38.0292
38.0292
38.0292
38.0292
38.0292
38.0292
38.0292
38.0292
5961.85
5961.85
5961.85
5961.85
5961.85
5961.85
5961.85
5961.85
5961.85
5961.85
5961.85
5961.85
5961.85
5961.85
5961.85
5961.85
5961.85
5961.85
5961.85
5961.85
)
;

boundaryField
{
    front
    {
        type            calculated;
        value           nonuniform List<scalar> 
20
(
-11847.9
-11847.9
-11847.9
-11847.9
-11847.9
-11847.9
-11847.9
-11847.9
-11847.9
-11847.9
-11847.9
-11847.9
-11847.9
-11847.9
-11847.9
-11847.9
-11847.9
-11847.9
-11847.9
-11847.9
)
;
    }
    back
    {
        type            calculated;
        value           nonuniform List<scalar> 
20
(
11847.9
11847.9
11847.9
11847.9
11847.9
11847.9
11847.9
11847.9
11847.9
11847.9
11847.9
11847.9
11847.9
11847.9
11847.9
11847.9
11847.9
11847.9
11847.9
11847.9
)
;
    }
    left
    {
        type            calculated;
        value           nonuniform List<scalar> 
20
(
-5961.85
-38.0292
-0.123064
-0.000268915
-4.46171e-07
-5.88418e-10
3.55271e-11
0
-3.55271e-11
-1.55431e-11
0
-2.22045e-12
0
0
6.10623e-10
4.46189e-07
0.000268916
0.123065
38.0292
5961.85
)
;
    }
    right
    {
        type            calculated;
        value           nonuniform List<scalar> 
20
(
-5961.85
-38.0292
-0.123065
-0.000268916
-4.46155e-07
-6.10623e-10
-2.22045e-11
2.22045e-11
0
-1.9984e-11
1.11022e-12
-2.22045e-12
4.88498e-11
0
5.4623e-10
4.46176e-07
0.000268915
0.123064
38.0292
5961.85
)
;
    }
    top
    {
        type            calculated;
        value           nonuniform List<scalar> 
400
(
-5961.85
-38.0292
-0.123064
-0.000268915
-4.46171e-07
-5.88418e-10
3.55271e-11
0
-3.55271e-11
-1.55431e-11
0
-2.22045e-12
0
0
6.10623e-10
4.46189e-07
0.000268916
0.123065
38.0292
5961.85
-5961.85
-38.0292
-0.123064
-0.000268915
-4.46185e-07
-5.973e-10
4.44089e-12
1.11022e-12
-5.55112e-12
0
0
0
0
-2.22045e-12
6.08402e-10
4.46169e-07
0.000268915
0.123064
38.0292
5961.85
-5961.85
-38.0292
-0.123064
-0.000268915
-4.46173e-07
-6.03961e-10
-1.11022e-12
-1.11022e-12
-3.33067e-12
0
0
2.22045e-12
0
0
6.19504e-10
4.46166e-07
0.000268915
0.123064
38.0292
5961.85
-5961.85
-38.0292
-0.123064
-0.000268915
-4.46164e-07
-6.00631e-10
0
0
0
4.44089e-12
4.44089e-12
-4.44089e-12
-3.33067e-12
4.44089e-12
6.22835e-10
4.46181e-07
0.000268915
0.123064
38.0292
5961.85
-5961.85
-38.0292
-0.123064
-0.000268915
-4.46185e-07
-5.9619e-10
3.33067e-12
-1.11022e-12
-1.11022e-12
0
2.22045e-12
2.22045e-12
0
0
6.16174e-10
4.46166e-07
0.000268915
0.123064
38.0292
5961.85
-5961.85
-38.0292
-0.123064
-0.000268915
-4.46179e-07
-5.9952e-10
3.33067e-12
4.44089e-12
-1.11022e-12
-3.33067e-12
-1.11022e-12
2.22045e-12
0
0
6.18394e-10
4.46201e-07
0.000268915
0.123064
38.0292
5961.85
-5961.85
-38.0292
-0.123064
-0.000268915
-4.46159e-07
-6.08402e-10
0
0
-3.33067e-12
0
3.33067e-12
2.22045e-12
0
0
6.16174e-10
4.46166e-07
0.000268915
0.123064
38.0292
5961.85
-5961.85
-38.0292
-0.123064
-0.000268915
-4.46195e-07
-6.18394e-10
-4.44089e-12
-1.11022e-12
5.55112e-12
-4.44089e-12
-1.11022e-12
0
1.11022e-12
0
5.89528e-10
4.46175e-07
0.000268915
0.123064
38.0292
5961.85
-5961.85
-38.0292
-0.123064
-0.000268915
-4.46174e-07
-5.973e-10
-1.11022e-12
0
0
0
-3.33067e-12
2.22045e-12
0
0
6.19504e-10
4.46178e-07
0.000268915
0.123064
38.0292
5961.85
-5961.85
-38.0292
-0.123064
-0.000268915
-4.46198e-07
-6.01741e-10
2.22045e-12
-1.11022e-12
-3.33067e-12
0
0
2.22045e-12
0
0
6.19504e-10
4.4619e-07
0.000268915
0.123064
38.0292
5961.85
-5961.85
-38.0292
-0.123064
-0.000268915
-4.46201e-07
-5.973e-10
-1.11022e-12
1.11022e-12
0
-1.11022e-12
0
0
1.11022e-12
0
5.9841e-10
4.46194e-07
0.000268915
0.123064
38.0292
5961.85
-5961.85
-38.0292
-0.123064
-0.000268915
-4.46175e-07
-6.20615e-10
2.22045e-12
-3.33067e-12
-3.33067e-12
0
1.11022e-12
0
-1.11022e-12
0
6.01741e-10
4.46205e-07
0.000268915
0.123064
38.0292
5961.85
-5961.85
-38.0292
-0.123064
-0.000268915
-4.46182e-07
-6.12843e-10
-3.33067e-12
3.33067e-12
0
-3.33067e-12
0
0
1.11022e-12
0
5.92859e-10
4.46195e-07
0.000268915
0.123064
38.0292
5961.85
-5961.85
-38.0292
-0.123064
-0.000268915
-4.46175e-07
-6.20615e-10
4.44089e-12
-4.44089e-12
-4.44089e-12
1.11022e-12
0
0
1.11022e-12
-1.11022e-12
6.08402e-10
4.46172e-07
0.000268915
0.123064
38.0292
5961.85
-5961.85
-38.0292
-0.123064
-0.000268915
-4.46195e-07
-6.17284e-10
-3.33067e-12
1.11022e-12
2.22045e-12
-3.33067e-12
-2.22045e-12
0
1.11022e-12
0
5.92859e-10
4.46195e-07
0.000268915
0.123064
38.0292
5961.85
-5961.85
-38.0292
-0.123064
-0.000268915
-4.46194e-07
-5.973e-10
-3.33067e-12
3.33067e-12
0
-3.33067e-12
0
0
0
0
5.93969e-10
4.46185e-07
0.000268915
0.123064
38.0292
5961.85
-5961.85
-38.0292
-0.123064
-0.000268915
-4.46199e-07
-6.11733e-10
-3.33067e-12
-5.55112e-12
0
0
3.33067e-12
1.11022e-12
-3.33067e-12
0
6.07292e-10
4.4617e-07
0.000268915
0.123064
38.0292
5961.85
-5961.85
-38.0292
-0.123064
-0.000268915
-4.46196e-07
-6.12843e-10
-1.11022e-12
1.11022e-12
0
-1.11022e-12
0
0
1.11022e-12
0
6.16174e-10
4.46194e-07
0.000268915
0.123064
38.0292
5961.85
-5961.85
-38.0292
-0.123064
-0.000268915
-4.46174e-07
-6.00631e-10
1.11022e-12
0
-2.22045e-12
1.11022e-12
1.11022e-12
0
-3.33067e-12
0
6.08402e-10
4.4617e-07
0.000268915
0.123064
38.0292
5961.85
-5961.85
-38.0292
-0.123065
-0.000268916
-4.46155e-07
-6.10623e-10
-2.22045e-11
2.22045e-11
0
-1.9984e-11
1.11022e-12
-2.22045e-12
4.88498e-11
0
5.4623e-10
4.46176e-07
0.000268915
0.123064
38.0292
5961.85
)
;
    }
    bottom
    {
        type            calculated;
        value           nonuniform List<scalar> 
400
(
-5961.85
-38.0292
-0.123064
-0.000268915
-4.46171e-07
-5.88418e-10
3.55271e-11
0
-3.55271e-11
-1.55431e-11
0
-2.22045e-12
0
0
6.10623e-10
4.46189e-07
0.000268916
0.123065
38.0292
5961.85
-5961.85
-38.0292
-0.123064
-0.000268915
-4.46185e-07
-5.973e-10
4.44089e-12
1.11022e-12
-5.55112e-12
0
0
0
0
-2.22045e-12
6.08402e-10
4.46169e-07
0.000268915
0.123064
38.0292
5961.85
-5961.85
-38.0292
-0.123064
-0.000268915
-4.46173e-07
-6.03961e-10
-1.11022e-12
-1.11022e-12
-3.33067e-12
0
0
2.22045e-12
0
0
6.19504e-10
4.46166e-07
0.000268915
0.123064
38.0292
5961.85
-5961.85
-38.0292
-0.123064
-0.000268915
-4.46164e-07
-6.00631e-10
0
0
0
4.44089e-12
4.44089e-12
-4.44089e-12
-3.33067e-12
4.44089e-12
6.22835e-10
4.46181e-07
0.000268915
0.123064
38.0292
5961.85
-5961.85
-38.0292
-0.123064
-0.000268915
-4.46185e-07
-5.9619e-10
3.33067e-12
-1.11022e-12
-1.11022e-12
0
2.22045e-12
2.22045e-12
0
0
6.16174e-10
4.46166e-07
0.000268915
0.123064
38.0292
5961.85
-5961.85
-38.0292
-0.123064
-0.000268915
-4.46179e-07
-5.9952e-10
3.33067e-12
4.44089e-12
-1.11022e-12
-3.33067e-12
-1.11022e-12
2.22045e-12
0
0
6.18394e-10
4.46201e-07
0.000268915
0.123064
38.0292
5961.85
-5961.85
-38.0292
-0.123064
-0.000268915
-4.46159e-07
-6.08402e-10
0
0
-3.33067e-12
0
3.33067e-12
2.22045e-12
0
0
6.16174e-10
4.46166e-07
0.000268915
0.123064
38.0292
5961.85
-5961.85
-38.0292
-0.123064
-0.000268915
-4.46195e-07
-6.18394e-10
-4.44089e-12
-1.11022e-12
5.55112e-12
-4.44089e-12
-1.11022e-12
0
1.11022e-12
0
5.89528e-10
4.46175e-07
0.000268915
0.123064
38.0292
5961.85
-5961.85
-38.0292
-0.123064
-0.000268915
-4.46174e-07
-5.973e-10
-1.11022e-12
0
0
0
-3.33067e-12
2.22045e-12
0
0
6.19504e-10
4.46178e-07
0.000268915
0.123064
38.0292
5961.85
-5961.85
-38.0292
-0.123064
-0.000268915
-4.46198e-07
-6.01741e-10
2.22045e-12
-1.11022e-12
-3.33067e-12
0
0
2.22045e-12
0
0
6.19504e-10
4.4619e-07
0.000268915
0.123064
38.0292
5961.85
-5961.85
-38.0292
-0.123064
-0.000268915
-4.46201e-07
-5.973e-10
-1.11022e-12
1.11022e-12
0
-1.11022e-12
0
0
1.11022e-12
0
5.9841e-10
4.46194e-07
0.000268915
0.123064
38.0292
5961.85
-5961.85
-38.0292
-0.123064
-0.000268915
-4.46175e-07
-6.20615e-10
2.22045e-12
-3.33067e-12
-3.33067e-12
0
1.11022e-12
0
-1.11022e-12
0
6.01741e-10
4.46205e-07
0.000268915
0.123064
38.0292
5961.85
-5961.85
-38.0292
-0.123064
-0.000268915
-4.46182e-07
-6.12843e-10
-3.33067e-12
3.33067e-12
0
-3.33067e-12
0
0
1.11022e-12
0
5.92859e-10
4.46195e-07
0.000268915
0.123064
38.0292
5961.85
-5961.85
-38.0292
-0.123064
-0.000268915
-4.46175e-07
-6.20615e-10
4.44089e-12
-4.44089e-12
-4.44089e-12
1.11022e-12
0
0
1.11022e-12
-1.11022e-12
6.08402e-10
4.46172e-07
0.000268915
0.123064
38.0292
5961.85
-5961.85
-38.0292
-0.123064
-0.000268915
-4.46195e-07
-6.17284e-10
-3.33067e-12
1.11022e-12
2.22045e-12
-3.33067e-12
-2.22045e-12
0
1.11022e-12
0
5.92859e-10
4.46195e-07
0.000268915
0.123064
38.0292
5961.85
-5961.85
-38.0292
-0.123064
-0.000268915
-4.46194e-07
-5.973e-10
-3.33067e-12
3.33067e-12
0
-3.33067e-12
0
0
0
0
5.93969e-10
4.46185e-07
0.000268915
0.123064
38.0292
5961.85
-5961.85
-38.0292
-0.123064
-0.000268915
-4.46199e-07
-6.11733e-10
-3.33067e-12
-5.55112e-12
0
0
3.33067e-12
1.11022e-12
-3.33067e-12
0
6.07292e-10
4.4617e-07
0.000268915
0.123064
38.0292
5961.85
-5961.85
-38.0292
-0.123064
-0.000268915
-4.46196e-07
-6.12843e-10
-1.11022e-12
1.11022e-12
0
-1.11022e-12
0
0
1.11022e-12
0
6.16174e-10
4.46194e-07
0.000268915
0.123064
38.0292
5961.85
-5961.85
-38.0292
-0.123064
-0.000268915
-4.46174e-07
-6.00631e-10
1.11022e-12
0
-2.22045e-12
1.11022e-12
1.11022e-12
0
-3.33067e-12
0
6.08402e-10
4.4617e-07
0.000268915
0.123064
38.0292
5961.85
-5961.85
-38.0292
-0.123065
-0.000268916
-4.46155e-07
-6.10623e-10
-2.22045e-11
2.22045e-11
0
-1.9984e-11
1.11022e-12
-2.22045e-12
4.88498e-11
0
5.4623e-10
4.46176e-07
0.000268915
0.123064
38.0292
5961.85
)
;
    }
}


// ************************************************************************* //
