/*--------------------------------*- C++ -*----------------------------------*\
  =========                 |
  \\      /  F ield         | OpenFOAM: The Open Source CFD Toolbox
   \\    /   O peration     | Website:  https://openfoam.org
    \\  /    A nd           | Version:  8
     \\/     M anipulation  |
\*---------------------------------------------------------------------------*/
FoamFile
{
    version     2.0;
    format      ascii;
    class       volScalarField;
    location    "1.2";
    object      gradTx;
}
// * * * * * * * * * * * * * * * * * * * * * * * * * * * * * * * * * * * * * //

dimensions      [0 -1 0 1 0 0 0];

internalField   nonuniform List<scalar> 
400
(
-6.66689e-09
-6.71241e-09
-1.4766e-10
-6.55032e-11
3.55271e-11
5.32907e-11
6.66134e-11
-4.44089e-12
-3.21965e-11
-2.10942e-11
-6.77236e-11
5.55112e-12
1.11022e-12
-3.55271e-11
5.77316e-11
-1.22125e-11
0
6.88338e-11
6.65357e-09
6.62692e-09
-5.44009e-11
-6.66134e-11
-7.54952e-11
-7.77156e-12
3.77476e-11
2.77556e-11
-2.22045e-12
-4.77396e-11
4.996e-11
2.77556e-11
-7.66054e-11
1.33227e-11
6.10623e-11
-4.88498e-11
-3.88578e-11
-2.22045e-11
7.32747e-11
6.67466e-09
6.95773e-07
6.89194e-07
-1.88738e-11
-5.55112e-12
-4.44089e-12
-3.33067e-11
5.9952e-11
3.33067e-11
-1.33227e-11
2.22045e-12
-1.66533e-11
9.99201e-12
-4.10783e-11
1.33227e-11
0
-8.21565e-11
5.66214e-11
3.44169e-11
-9.99201e-12
1.83187e-10
1.34481e-08
1.32971e-08
1.11022e-11
2.22045e-12
-3.77476e-11
2.22045e-11
2.88658e-11
-5.44009e-11
5.66214e-11
3.55271e-11
-3.33067e-12
6.43929e-11
-5.32907e-11
-5.10703e-11
0
3.77476e-11
5.9952e-11
6.66134e-12
-4.44089e-12
-6.10623e-11
6.99441e-11
1.25455e-10
-2.22045e-11
-1.44329e-11
-3.33067e-12
-3.9968e-11
0
5.55112e-11
6.66134e-11
-3.66374e-11
-5.10703e-11
2.22045e-12
4.88498e-11
4.32987e-11
-1.11022e-12
1.55431e-11
-6.88338e-11
-1.11022e-12
3.88578e-11
-5.21805e-11
6.66134e-12
4.32987e-11
-8.88178e-12
2.22045e-11
0
-1.9984e-11
3.33067e-12
2.10942e-11
2.22045e-11
0
-3.55271e-11
-9.99201e-12
2.55351e-11
4.44089e-12
-1.11022e-12
0
1.11022e-11
7.77156e-12
-3.33067e-12
-1.11022e-12
3.44169e-11
2.10942e-11
-1.33227e-11
-1.55431e-11
-2.22045e-12
-2.22045e-12
1.11022e-12
-1.11022e-12
5.55112e-12
0
-2.22045e-12
-1.11022e-12
1.11022e-12
0
0
2.22045e-12
-3.33067e-12
2.22045e-12
0
-4.44089e-12
0
0
-3.10862e-11
-3.33067e-11
-4.44089e-12
0
3.33067e-12
0
-3.33067e-12
0
3.33067e-12
-3.33067e-12
0
0
1.11022e-12
0
-4.44089e-12
0
1.11022e-12
3.33067e-12
0
-4.44089e-12
-1.44329e-11
-1.66533e-11
-2.22045e-12
-1.11022e-12
4.44089e-12
1.11022e-12
-1.11022e-12
0
-2.22045e-12
0
-1.11022e-12
2.22045e-12
0
0
3.33067e-12
-3.33067e-12
-2.22045e-12
0
2.10942e-11
2.33147e-11
1.11022e-12
0
0
1.11022e-12
2.22045e-12
-1.11022e-12
2.22045e-12
3.33067e-12
-4.44089e-12
-3.33067e-12
0
0
0
2.22045e-12
0
-2.22045e-12
0
2.22045e-12
0
-2.22045e-12
0
-1.11022e-12
2.22045e-12
0
-3.33067e-12
0
-1.11022e-12
0
1.11022e-12
-1.11022e-12
-1.11022e-12
0
1.11022e-12
0
-1.11022e-12
0
0
1.11022e-12
2.22045e-12
1.11022e-12
0
0
4.44089e-12
4.44089e-12
-4.44089e-12
0
2.22045e-12
-3.33067e-12
-3.33067e-12
0
1.11022e-12
0
-1.11022e-12
0
0
3.33067e-12
0
0
1.11022e-12
-2.22045e-12
2.22045e-12
3.33067e-12
-2.22045e-12
0
3.33067e-12
0
-3.33067e-12
0
3.33067e-12
-3.33067e-12
-3.33067e-12
0
1.11022e-12
0
-1.11022e-12
1.11022e-12
0
0
0
-1.11022e-12
0
0
1.11022e-12
3.33067e-12
0
0
4.44089e-12
-4.44089e-12
-4.44089e-12
1.11022e-12
0
0
1.11022e-12
0
-1.11022e-12
0
1.11022e-12
-1.11022e-12
9.54792e-11
9.4369e-11
-9.99201e-12
2.10942e-11
3.33067e-11
0
-3.33067e-12
0
-5.21805e-11
0
5.21805e-11
-3.66374e-11
-3.66374e-11
-1.33227e-11
1.33227e-11
0
-2.88658e-11
2.88658e-11
0
0
1.66533e-11
-1.11022e-11
-2.66454e-11
5.55112e-12
4.21885e-11
-2.22045e-12
-1.11022e-11
0
-7.99361e-11
4.44089e-12
7.88258e-11
-6.77236e-11
-4.10783e-11
-1.11022e-11
6.66134e-12
0
-4.66294e-11
5.77316e-11
8.21565e-11
-1.11022e-11
-6.10623e-11
-2.44249e-11
-1.67644e-10
-1.66533e-10
3.55271e-11
-7.77156e-12
5.55112e-11
-6.66134e-12
-8.88178e-11
3.66374e-11
5.77316e-11
2.88658e-11
2.33147e-11
2.22045e-12
-7.99361e-11
0
2.55351e-11
-6.88338e-11
3.10862e-11
-1.11022e-12
-3.9968e-11
2.77556e-11
-1.33649e-08
-1.34837e-08
-7.99361e-11
0
-3.33067e-11
0
3.66374e-11
3.33067e-12
-4.10783e-11
-6.55032e-11
-2.10942e-11
1.03251e-10
7.77156e-12
0
-4.996e-11
-4.44089e-11
6.55032e-11
-7.77156e-12
6.10623e-11
7.77156e-11
-6.89261e-07
-6.95802e-07
-6.57474e-09
-6.55032e-11
-2.9976e-11
0
8.88178e-11
7.77156e-11
-2.77556e-11
-2.9976e-11
3.10862e-11
2.22045e-12
-8.65974e-11
0
2.9976e-11
-4.77396e-11
8.88178e-12
0
1.63203e-10
2.07612e-10
-6.59917e-09
-6.61693e-09
-1.15463e-10
1.11022e-12
3.44169e-11
-1.11022e-12
-2.88658e-11
-6.55032e-11
9.65894e-11
-1.66533e-11
-3.33067e-11
-1.22125e-11
3.33067e-11
0
-9.99201e-11
6.66134e-12
3.33067e-12
1.35447e-10
6.73905e-09
6.59695e-09
)
;

boundaryField
{
    front
    {
        type            calculated;
        value           nonuniform List<scalar> 
20
(
-6.66689e-09
-6.71241e-09
-1.4766e-10
-6.55032e-11
3.55271e-11
5.32907e-11
6.66134e-11
-4.44089e-12
-3.21965e-11
-2.10942e-11
-6.77236e-11
5.55112e-12
1.11022e-12
-3.55271e-11
5.77316e-11
-1.22125e-11
0
6.88338e-11
6.65357e-09
6.62692e-09
)
;
    }
    back
    {
        type            calculated;
        value           nonuniform List<scalar> 
20
(
-6.59917e-09
-6.61693e-09
-1.15463e-10
1.11022e-12
3.44169e-11
-1.11022e-12
-2.88658e-11
-6.55032e-11
9.65894e-11
-1.66533e-11
-3.33067e-11
-1.22125e-11
3.33067e-11
0
-9.99201e-11
6.66134e-12
3.33067e-12
1.35447e-10
6.73905e-09
6.59695e-09
)
;
    }
    left
    {
        type            calculated;
        value           uniform 0;
    }
    right
    {
        type            calculated;
        value           uniform 0;
    }
    top
    {
        type            calculated;
        value           nonuniform List<scalar> 
400
(
-6.66689e-09
-5.44009e-11
-1.88738e-11
1.11022e-11
-2.22045e-11
-8.88178e-12
-1.33227e-11
-3.10862e-11
-1.44329e-11
1.11022e-12
0
0
2.22045e-12
0
-9.99201e-12
-2.66454e-11
-1.67644e-10
-1.33649e-08
-6.89261e-07
-6.59917e-09
-6.71241e-09
-6.66134e-11
-5.55112e-12
2.22045e-12
-1.44329e-11
2.22045e-11
-1.55431e-11
-3.33067e-11
-1.66533e-11
0
-1.11022e-12
0
3.33067e-12
0
2.10942e-11
5.55112e-12
-1.66533e-10
-1.34837e-08
-6.95802e-07
-6.61693e-09
-1.4766e-10
-7.54952e-11
-4.44089e-12
-3.77476e-11
-3.33067e-12
0
-2.22045e-12
-4.44089e-12
-2.22045e-12
0
2.22045e-12
4.44089e-12
-2.22045e-12
1.11022e-12
3.33067e-11
4.21885e-11
3.55271e-11
-7.99361e-11
-6.57474e-09
-1.15463e-10
-6.55032e-11
-7.77156e-12
-3.33067e-11
2.22045e-11
-3.9968e-11
-1.9984e-11
-2.22045e-12
0
-1.11022e-12
1.11022e-12
0
4.44089e-12
0
3.33067e-12
0
-2.22045e-12
-7.77156e-12
0
-6.55032e-11
1.11022e-12
3.55271e-11
3.77476e-11
5.9952e-11
2.88658e-11
0
3.33067e-12
1.11022e-12
3.33067e-12
4.44089e-12
2.22045e-12
-3.33067e-12
-4.44089e-12
3.33067e-12
0
-3.33067e-12
-1.11022e-11
5.55112e-11
-3.33067e-11
-2.9976e-11
3.44169e-11
5.32907e-11
2.77556e-11
3.33067e-11
-5.44009e-11
5.55112e-11
2.10942e-11
-1.11022e-12
0
1.11022e-12
-1.11022e-12
0
0
0
0
0
0
-6.66134e-12
0
0
-1.11022e-12
6.66134e-11
-2.22045e-12
-1.33227e-11
5.66214e-11
6.66134e-11
2.22045e-11
5.55112e-12
-3.33067e-12
-1.11022e-12
2.22045e-12
-1.11022e-12
2.22045e-12
-3.33067e-12
4.44089e-12
-5.21805e-11
-7.99361e-11
-8.88178e-11
3.66374e-11
8.88178e-11
-2.88658e-11
-4.44089e-12
-4.77396e-11
2.22045e-12
3.55271e-11
-3.66374e-11
0
0
0
0
3.33067e-12
0
-3.33067e-12
0
-4.44089e-12
0
4.44089e-12
3.66374e-11
3.33067e-12
7.77156e-11
-6.55032e-11
-3.21965e-11
4.996e-11
-1.66533e-11
-3.33067e-12
-5.10703e-11
-3.55271e-11
-2.22045e-12
3.33067e-12
-2.22045e-12
-4.44089e-12
1.11022e-12
-3.33067e-12
3.33067e-12
-4.44089e-12
5.21805e-11
7.88258e-11
5.77316e-11
-4.10783e-11
-2.77556e-11
9.65894e-11
-2.10942e-11
2.77556e-11
9.99201e-12
6.43929e-11
2.22045e-12
-9.99201e-12
-1.11022e-12
-3.33067e-12
0
-3.33067e-12
-1.11022e-12
0
-3.33067e-12
1.11022e-12
-3.66374e-11
-6.77236e-11
2.88658e-11
-6.55032e-11
-2.9976e-11
-1.66533e-11
-6.77236e-11
-7.66054e-11
-4.10783e-11
-5.32907e-11
4.88498e-11
2.55351e-11
1.11022e-12
0
-1.11022e-12
0
-1.11022e-12
1.11022e-12
-3.33067e-12
0
-3.66374e-11
-4.10783e-11
2.33147e-11
-2.10942e-11
3.10862e-11
-3.33067e-11
5.55112e-12
1.33227e-11
1.33227e-11
-5.10703e-11
4.32987e-11
4.44089e-12
0
0
2.22045e-12
0
0
0
0
0
-1.33227e-11
-1.11022e-11
2.22045e-12
1.03251e-10
2.22045e-12
-1.22125e-11
1.11022e-12
6.10623e-11
0
0
-1.11022e-12
-1.11022e-12
0
1.11022e-12
0
0
1.11022e-12
-1.11022e-12
1.11022e-12
1.11022e-12
1.33227e-11
6.66134e-12
-7.99361e-11
7.77156e-12
-8.65974e-11
3.33067e-11
-3.55271e-11
-4.88498e-11
-8.21565e-11
3.77476e-11
1.55431e-11
0
2.22045e-12
0
0
2.22045e-12
0
0
0
0
0
0
0
0
0
0
5.77316e-11
-3.88578e-11
5.66214e-11
5.9952e-11
-6.88338e-11
1.11022e-11
-3.33067e-12
-4.44089e-12
3.33067e-12
0
-1.11022e-12
0
-1.11022e-12
-1.11022e-12
-2.88658e-11
-4.66294e-11
2.55351e-11
-4.996e-11
2.9976e-11
-9.99201e-11
-1.22125e-11
-2.22045e-11
3.44169e-11
6.66134e-12
-1.11022e-12
7.77156e-12
2.22045e-12
0
-3.33067e-12
-2.22045e-12
0
3.33067e-12
1.11022e-12
0
2.88658e-11
5.77316e-11
-6.88338e-11
-4.44089e-11
-4.77396e-11
6.66134e-12
0
7.32747e-11
-9.99201e-12
-4.44089e-12
3.88578e-11
-3.33067e-12
0
1.11022e-12
-2.22045e-12
0
0
0
0
1.11022e-12
0
8.21565e-11
3.10862e-11
6.55032e-11
8.88178e-12
3.33067e-12
6.88338e-11
6.67466e-09
1.83187e-10
-6.10623e-11
-5.21805e-11
-1.11022e-12
-4.44089e-12
3.33067e-12
0
2.22045e-12
1.11022e-12
0
0
-1.11022e-12
0
-1.11022e-11
-1.11022e-12
-7.77156e-12
0
1.35447e-10
6.65357e-09
6.95773e-07
1.34481e-08
6.99441e-11
6.66134e-12
3.44169e-11
0
0
2.10942e-11
0
2.22045e-12
1.11022e-12
0
9.54792e-11
1.66533e-11
-6.10623e-11
-3.9968e-11
6.10623e-11
1.63203e-10
6.73905e-09
6.62692e-09
6.89194e-07
1.32971e-08
1.25455e-10
4.32987e-11
2.10942e-11
0
-4.44089e-12
2.33147e-11
-2.22045e-12
1.11022e-12
-2.22045e-12
-1.11022e-12
9.4369e-11
-1.11022e-11
-2.44249e-11
2.77556e-11
7.77156e-11
2.07612e-10
6.59695e-09
)
;
    }
    bottom
    {
        type            calculated;
        value           nonuniform List<scalar> 
400
(
-6.66689e-09
-5.44009e-11
-1.88738e-11
1.11022e-11
-2.22045e-11
-8.88178e-12
-1.33227e-11
-3.10862e-11
-1.44329e-11
1.11022e-12
0
0
2.22045e-12
0
-9.99201e-12
-2.66454e-11
-1.67644e-10
-1.33649e-08
-6.89261e-07
-6.59917e-09
-6.71241e-09
-6.66134e-11
-5.55112e-12
2.22045e-12
-1.44329e-11
2.22045e-11
-1.55431e-11
-3.33067e-11
-1.66533e-11
0
-1.11022e-12
0
3.33067e-12
0
2.10942e-11
5.55112e-12
-1.66533e-10
-1.34837e-08
-6.95802e-07
-6.61693e-09
-1.4766e-10
-7.54952e-11
-4.44089e-12
-3.77476e-11
-3.33067e-12
0
-2.22045e-12
-4.44089e-12
-2.22045e-12
0
2.22045e-12
4.44089e-12
-2.22045e-12
1.11022e-12
3.33067e-11
4.21885e-11
3.55271e-11
-7.99361e-11
-6.57474e-09
-1.15463e-10
-6.55032e-11
-7.77156e-12
-3.33067e-11
2.22045e-11
-3.9968e-11
-1.9984e-11
-2.22045e-12
0
-1.11022e-12
1.11022e-12
0
4.44089e-12
0
3.33067e-12
0
-2.22045e-12
-7.77156e-12
0
-6.55032e-11
1.11022e-12
3.55271e-11
3.77476e-11
5.9952e-11
2.88658e-11
0
3.33067e-12
1.11022e-12
3.33067e-12
4.44089e-12
2.22045e-12
-3.33067e-12
-4.44089e-12
3.33067e-12
0
-3.33067e-12
-1.11022e-11
5.55112e-11
-3.33067e-11
-2.9976e-11
3.44169e-11
5.32907e-11
2.77556e-11
3.33067e-11
-5.44009e-11
5.55112e-11
2.10942e-11
-1.11022e-12
0
1.11022e-12
-1.11022e-12
0
0
0
0
0
0
-6.66134e-12
0
0
-1.11022e-12
6.66134e-11
-2.22045e-12
-1.33227e-11
5.66214e-11
6.66134e-11
2.22045e-11
5.55112e-12
-3.33067e-12
-1.11022e-12
2.22045e-12
-1.11022e-12
2.22045e-12
-3.33067e-12
4.44089e-12
-5.21805e-11
-7.99361e-11
-8.88178e-11
3.66374e-11
8.88178e-11
-2.88658e-11
-4.44089e-12
-4.77396e-11
2.22045e-12
3.55271e-11
-3.66374e-11
0
0
0
0
3.33067e-12
0
-3.33067e-12
0
-4.44089e-12
0
4.44089e-12
3.66374e-11
3.33067e-12
7.77156e-11
-6.55032e-11
-3.21965e-11
4.996e-11
-1.66533e-11
-3.33067e-12
-5.10703e-11
-3.55271e-11
-2.22045e-12
3.33067e-12
-2.22045e-12
-4.44089e-12
1.11022e-12
-3.33067e-12
3.33067e-12
-4.44089e-12
5.21805e-11
7.88258e-11
5.77316e-11
-4.10783e-11
-2.77556e-11
9.65894e-11
-2.10942e-11
2.77556e-11
9.99201e-12
6.43929e-11
2.22045e-12
-9.99201e-12
-1.11022e-12
-3.33067e-12
0
-3.33067e-12
-1.11022e-12
0
-3.33067e-12
1.11022e-12
-3.66374e-11
-6.77236e-11
2.88658e-11
-6.55032e-11
-2.9976e-11
-1.66533e-11
-6.77236e-11
-7.66054e-11
-4.10783e-11
-5.32907e-11
4.88498e-11
2.55351e-11
1.11022e-12
0
-1.11022e-12
0
-1.11022e-12
1.11022e-12
-3.33067e-12
0
-3.66374e-11
-4.10783e-11
2.33147e-11
-2.10942e-11
3.10862e-11
-3.33067e-11
5.55112e-12
1.33227e-11
1.33227e-11
-5.10703e-11
4.32987e-11
4.44089e-12
0
0
2.22045e-12
0
0
0
0
0
-1.33227e-11
-1.11022e-11
2.22045e-12
1.03251e-10
2.22045e-12
-1.22125e-11
1.11022e-12
6.10623e-11
0
0
-1.11022e-12
-1.11022e-12
0
1.11022e-12
0
0
1.11022e-12
-1.11022e-12
1.11022e-12
1.11022e-12
1.33227e-11
6.66134e-12
-7.99361e-11
7.77156e-12
-8.65974e-11
3.33067e-11
-3.55271e-11
-4.88498e-11
-8.21565e-11
3.77476e-11
1.55431e-11
0
2.22045e-12
0
0
2.22045e-12
0
0
0
0
0
0
0
0
0
0
5.77316e-11
-3.88578e-11
5.66214e-11
5.9952e-11
-6.88338e-11
1.11022e-11
-3.33067e-12
-4.44089e-12
3.33067e-12
0
-1.11022e-12
0
-1.11022e-12
-1.11022e-12
-2.88658e-11
-4.66294e-11
2.55351e-11
-4.996e-11
2.9976e-11
-9.99201e-11
-1.22125e-11
-2.22045e-11
3.44169e-11
6.66134e-12
-1.11022e-12
7.77156e-12
2.22045e-12
0
-3.33067e-12
-2.22045e-12
0
3.33067e-12
1.11022e-12
0
2.88658e-11
5.77316e-11
-6.88338e-11
-4.44089e-11
-4.77396e-11
6.66134e-12
0
7.32747e-11
-9.99201e-12
-4.44089e-12
3.88578e-11
-3.33067e-12
0
1.11022e-12
-2.22045e-12
0
0
0
0
1.11022e-12
0
8.21565e-11
3.10862e-11
6.55032e-11
8.88178e-12
3.33067e-12
6.88338e-11
6.67466e-09
1.83187e-10
-6.10623e-11
-5.21805e-11
-1.11022e-12
-4.44089e-12
3.33067e-12
0
2.22045e-12
1.11022e-12
0
0
-1.11022e-12
0
-1.11022e-11
-1.11022e-12
-7.77156e-12
0
1.35447e-10
6.65357e-09
6.95773e-07
1.34481e-08
6.99441e-11
6.66134e-12
3.44169e-11
0
0
2.10942e-11
0
2.22045e-12
1.11022e-12
0
9.54792e-11
1.66533e-11
-6.10623e-11
-3.9968e-11
6.10623e-11
1.63203e-10
6.73905e-09
6.62692e-09
6.89194e-07
1.32971e-08
1.25455e-10
4.32987e-11
2.10942e-11
0
-4.44089e-12
2.33147e-11
-2.22045e-12
1.11022e-12
-2.22045e-12
-1.11022e-12
9.4369e-11
-1.11022e-11
-2.44249e-11
2.77556e-11
7.77156e-11
2.07612e-10
6.59695e-09
)
;
    }
}


// ************************************************************************* //
