/*--------------------------------*- C++ -*----------------------------------*\
  =========                 |
  \\      /  F ield         | OpenFOAM: The Open Source CFD Toolbox
   \\    /   O peration     | Website:  https://openfoam.org
    \\  /    A nd           | Version:  8
     \\/     M anipulation  |
\*---------------------------------------------------------------------------*/
FoamFile
{
    version     2.0;
    format      ascii;
    class       volScalarField;
    location    "1.2";
    object      gradTy;
}
// * * * * * * * * * * * * * * * * * * * * * * * * * * * * * * * * * * * * * //

dimensions      [0 -1 0 1 0 0 0];

internalField   nonuniform List<scalar> 
400
(
-5886.99
-5886.99
-5886.99
-5886.99
-5886.99
-5886.99
-5886.99
-5886.99
-5886.99
-5886.99
-5886.99
-5886.99
-5886.99
-5886.99
-5886.99
-5886.99
-5886.99
-5886.99
-5886.99
-5886.99
-111.932
-111.932
-111.932
-111.932
-111.932
-111.932
-111.932
-111.932
-111.932
-111.932
-111.932
-111.932
-111.932
-111.932
-111.932
-111.932
-111.932
-111.932
-111.932
-111.932
-1.07538
-1.07538
-1.07538
-1.07538
-1.07538
-1.07538
-1.07538
-1.07538
-1.07538
-1.07538
-1.07538
-1.07538
-1.07538
-1.07538
-1.07538
-1.07538
-1.07538
-1.07538
-1.07538
-1.07538
-0.00692748
-0.00692748
-0.00692748
-0.00692748
-0.00692748
-0.00692748
-0.00692748
-0.00692748
-0.00692748
-0.00692748
-0.00692748
-0.00692748
-0.00692748
-0.00692748
-0.00692748
-0.00692748
-0.00692748
-0.00692748
-0.00692748
-0.00692749
-3.36294e-05
-3.36294e-05
-3.36294e-05
-3.36294e-05
-3.36294e-05
-3.36294e-05
-3.36294e-05
-3.36294e-05
-3.36294e-05
-3.36295e-05
-3.36295e-05
-3.36294e-05
-3.36294e-05
-3.36294e-05
-3.36294e-05
-3.36294e-05
-3.36294e-05
-3.36294e-05
-3.36294e-05
-3.36295e-05
-1.31182e-07
-1.31174e-07
-1.31185e-07
-1.31172e-07
-1.3115e-07
-1.31172e-07
-1.31202e-07
-1.31233e-07
-1.31166e-07
-1.31186e-07
-1.31168e-07
-1.31234e-07
-1.31211e-07
-1.31234e-07
-1.31224e-07
-1.3117e-07
-1.31221e-07
-1.31207e-07
-1.31173e-07
-1.31215e-07
-4.09672e-10
-4.30767e-10
-4.64073e-10
-4.36318e-10
-4.41869e-10
-4.36318e-10
-4.62963e-10
-4.62963e-10
-4.64073e-10
-4.22995e-10
-4.58522e-10
-4.4853e-10
-4.61853e-10
-4.4631e-10
-4.61853e-10
-4.61853e-10
-4.68514e-10
-4.58522e-10
-4.65183e-10
-4.90719e-10
0
1.11022e-12
-1.11022e-12
0
-1.11022e-12
4.44089e-12
0
-1.11022e-12
0
-1.11022e-12
1.11022e-12
-3.33067e-12
3.33067e-12
-4.44089e-12
1.11022e-12
3.33067e-12
-5.55112e-12
1.11022e-12
0
2.22045e-11
-3.55271e-11
-5.55112e-12
-3.33067e-12
0
-1.11022e-12
-1.11022e-12
-3.33067e-12
5.55112e-12
0
-3.33067e-12
0
-3.33067e-12
0
-4.44089e-12
2.22045e-12
0
0
0
-2.22045e-12
0
-1.55431e-11
0
0
4.44089e-12
0
-3.33067e-12
0
-4.44089e-12
0
0
-1.11022e-12
0
-3.33067e-12
1.11022e-12
-3.33067e-12
-3.33067e-12
0
-1.11022e-12
1.11022e-12
-1.9984e-11
0
0
0
4.44089e-12
2.22045e-12
-1.11022e-12
3.33067e-12
-1.11022e-12
-3.33067e-12
0
0
1.11022e-12
0
0
-2.22045e-12
0
3.33067e-12
0
1.11022e-12
1.11022e-12
-2.22045e-12
0
2.22045e-12
-4.44089e-12
2.22045e-12
2.22045e-12
2.22045e-12
0
2.22045e-12
2.22045e-12
0
0
0
0
0
0
1.11022e-12
0
0
-2.22045e-12
0
0
0
-3.33067e-12
0
0
0
1.11022e-12
0
0
1.11022e-12
-1.11022e-12
1.11022e-12
1.11022e-12
1.11022e-12
0
-3.33067e-12
1.11022e-12
-3.33067e-12
9.4369e-11
4.40759e-10
4.29656e-10
4.57412e-10
4.65183e-10
4.59632e-10
4.57412e-10
4.59632e-10
4.11893e-10
4.57412e-10
4.57412e-10
4.25215e-10
4.25215e-10
4.11893e-10
4.39648e-10
4.11893e-10
4.11893e-10
4.39648e-10
4.11893e-10
4.39648e-10
4.28546e-10
1.31219e-07
1.31192e-07
1.31227e-07
1.31233e-07
1.31217e-07
1.31225e-07
1.31217e-07
1.3114e-07
1.31226e-07
1.31226e-07
1.31156e-07
1.31186e-07
1.31143e-07
1.3119e-07
1.31143e-07
1.31144e-07
1.31202e-07
1.31227e-07
1.31191e-07
1.31071e-07
3.36296e-05
3.36294e-05
3.36294e-05
3.36294e-05
3.36294e-05
3.36295e-05
3.36294e-05
3.36294e-05
3.36294e-05
3.36294e-05
3.36295e-05
3.36295e-05
3.36295e-05
3.36294e-05
3.36295e-05
3.36294e-05
3.36294e-05
3.36295e-05
3.36294e-05
3.36294e-05
0.00692749
0.00692748
0.00692748
0.00692748
0.00692748
0.00692748
0.00692748
0.00692748
0.00692748
0.00692748
0.00692748
0.00692748
0.00692748
0.00692748
0.00692748
0.00692748
0.00692748
0.00692748
0.00692748
0.00692748
1.07538
1.07538
1.07538
1.07538
1.07538
1.07538
1.07538
1.07538
1.07538
1.07538
1.07538
1.07538
1.07538
1.07538
1.07538
1.07538
1.07538
1.07538
1.07538
1.07538
111.932
111.932
111.932
111.932
111.932
111.932
111.932
111.932
111.932
111.932
111.932
111.932
111.932
111.932
111.932
111.932
111.932
111.932
111.932
111.932
5886.99
5886.99
5886.99
5886.99
5886.99
5886.99
5886.99
5886.99
5886.99
5886.99
5886.99
5886.99
5886.99
5886.99
5886.99
5886.99
5886.99
5886.99
5886.99
5886.99
)
;

boundaryField
{
    front
    {
        type            calculated;
        value           nonuniform List<scalar> 
20
(
-11552.2
-11552.2
-11552.2
-11552.2
-11552.2
-11552.2
-11552.2
-11552.2
-11552.2
-11552.2
-11552.2
-11552.2
-11552.2
-11552.2
-11552.2
-11552.2
-11552.2
-11552.2
-11552.2
-11552.2
)
;
    }
    back
    {
        type            calculated;
        value           nonuniform List<scalar> 
20
(
11552.2
11552.2
11552.2
11552.2
11552.2
11552.2
11552.2
11552.2
11552.2
11552.2
11552.2
11552.2
11552.2
11552.2
11552.2
11552.2
11552.2
11552.2
11552.2
11552.2
)
;
    }
    left
    {
        type            calculated;
        value           nonuniform List<scalar> 
20
(
-5886.99
-111.932
-1.07538
-0.00692748
-3.36294e-05
-1.31182e-07
-4.09672e-10
0
-3.55271e-11
-1.55431e-11
0
-2.22045e-12
0
4.40759e-10
1.31219e-07
3.36296e-05
0.00692749
1.07538
111.932
5886.99
)
;
    }
    right
    {
        type            calculated;
        value           nonuniform List<scalar> 
20
(
-5886.99
-111.932
-1.07538
-0.00692749
-3.36295e-05
-1.31215e-07
-4.90719e-10
2.22045e-11
0
-1.9984e-11
1.11022e-12
-2.22045e-12
9.4369e-11
4.28546e-10
1.31071e-07
3.36294e-05
0.00692748
1.07538
111.932
5886.99
)
;
    }
    top
    {
        type            calculated;
        value           nonuniform List<scalar> 
400
(
-5886.99
-111.932
-1.07538
-0.00692748
-3.36294e-05
-1.31182e-07
-4.09672e-10
0
-3.55271e-11
-1.55431e-11
0
-2.22045e-12
0
4.40759e-10
1.31219e-07
3.36296e-05
0.00692749
1.07538
111.932
5886.99
-5886.99
-111.932
-1.07538
-0.00692748
-3.36294e-05
-1.31174e-07
-4.30767e-10
1.11022e-12
-5.55112e-12
0
0
0
0
4.29656e-10
1.31192e-07
3.36294e-05
0.00692748
1.07538
111.932
5886.99
-5886.99
-111.932
-1.07538
-0.00692748
-3.36294e-05
-1.31185e-07
-4.64073e-10
-1.11022e-12
-3.33067e-12
0
0
2.22045e-12
0
4.57412e-10
1.31227e-07
3.36294e-05
0.00692748
1.07538
111.932
5886.99
-5886.99
-111.932
-1.07538
-0.00692748
-3.36294e-05
-1.31172e-07
-4.36318e-10
0
0
4.44089e-12
4.44089e-12
-4.44089e-12
-3.33067e-12
4.65183e-10
1.31233e-07
3.36294e-05
0.00692748
1.07538
111.932
5886.99
-5886.99
-111.932
-1.07538
-0.00692748
-3.36294e-05
-1.3115e-07
-4.41869e-10
-1.11022e-12
-1.11022e-12
0
2.22045e-12
2.22045e-12
0
4.59632e-10
1.31217e-07
3.36294e-05
0.00692748
1.07538
111.932
5886.99
-5886.99
-111.932
-1.07538
-0.00692748
-3.36294e-05
-1.31172e-07
-4.36318e-10
4.44089e-12
-1.11022e-12
-3.33067e-12
-1.11022e-12
2.22045e-12
0
4.57412e-10
1.31225e-07
3.36295e-05
0.00692748
1.07538
111.932
5886.99
-5886.99
-111.932
-1.07538
-0.00692748
-3.36294e-05
-1.31202e-07
-4.62963e-10
0
-3.33067e-12
0
3.33067e-12
2.22045e-12
0
4.59632e-10
1.31217e-07
3.36294e-05
0.00692748
1.07538
111.932
5886.99
-5886.99
-111.932
-1.07538
-0.00692748
-3.36294e-05
-1.31233e-07
-4.62963e-10
-1.11022e-12
5.55112e-12
-4.44089e-12
-1.11022e-12
0
1.11022e-12
4.11893e-10
1.3114e-07
3.36294e-05
0.00692748
1.07538
111.932
5886.99
-5886.99
-111.932
-1.07538
-0.00692748
-3.36294e-05
-1.31166e-07
-4.64073e-10
0
0
0
-3.33067e-12
2.22045e-12
0
4.57412e-10
1.31226e-07
3.36294e-05
0.00692748
1.07538
111.932
5886.99
-5886.99
-111.932
-1.07538
-0.00692748
-3.36295e-05
-1.31186e-07
-4.22995e-10
-1.11022e-12
-3.33067e-12
0
0
2.22045e-12
0
4.57412e-10
1.31226e-07
3.36294e-05
0.00692748
1.07538
111.932
5886.99
-5886.99
-111.932
-1.07538
-0.00692748
-3.36295e-05
-1.31168e-07
-4.58522e-10
1.11022e-12
0
-1.11022e-12
0
0
1.11022e-12
4.25215e-10
1.31156e-07
3.36295e-05
0.00692748
1.07538
111.932
5886.99
-5886.99
-111.932
-1.07538
-0.00692748
-3.36294e-05
-1.31234e-07
-4.4853e-10
-3.33067e-12
-3.33067e-12
0
1.11022e-12
0
-1.11022e-12
4.25215e-10
1.31186e-07
3.36295e-05
0.00692748
1.07538
111.932
5886.99
-5886.99
-111.932
-1.07538
-0.00692748
-3.36294e-05
-1.31211e-07
-4.61853e-10
3.33067e-12
0
-3.33067e-12
0
0
1.11022e-12
4.11893e-10
1.31143e-07
3.36295e-05
0.00692748
1.07538
111.932
5886.99
-5886.99
-111.932
-1.07538
-0.00692748
-3.36294e-05
-1.31234e-07
-4.4631e-10
-4.44089e-12
-4.44089e-12
1.11022e-12
0
0
1.11022e-12
4.39648e-10
1.3119e-07
3.36294e-05
0.00692748
1.07538
111.932
5886.99
-5886.99
-111.932
-1.07538
-0.00692748
-3.36294e-05
-1.31224e-07
-4.61853e-10
1.11022e-12
2.22045e-12
-3.33067e-12
-2.22045e-12
0
1.11022e-12
4.11893e-10
1.31143e-07
3.36295e-05
0.00692748
1.07538
111.932
5886.99
-5886.99
-111.932
-1.07538
-0.00692748
-3.36294e-05
-1.3117e-07
-4.61853e-10
3.33067e-12
0
-3.33067e-12
0
0
0
4.11893e-10
1.31144e-07
3.36294e-05
0.00692748
1.07538
111.932
5886.99
-5886.99
-111.932
-1.07538
-0.00692748
-3.36294e-05
-1.31221e-07
-4.68514e-10
-5.55112e-12
0
0
3.33067e-12
1.11022e-12
-3.33067e-12
4.39648e-10
1.31202e-07
3.36294e-05
0.00692748
1.07538
111.932
5886.99
-5886.99
-111.932
-1.07538
-0.00692748
-3.36294e-05
-1.31207e-07
-4.58522e-10
1.11022e-12
0
-1.11022e-12
0
0
1.11022e-12
4.11893e-10
1.31227e-07
3.36295e-05
0.00692748
1.07538
111.932
5886.99
-5886.99
-111.932
-1.07538
-0.00692748
-3.36294e-05
-1.31173e-07
-4.65183e-10
0
-2.22045e-12
1.11022e-12
1.11022e-12
0
-3.33067e-12
4.39648e-10
1.31191e-07
3.36294e-05
0.00692748
1.07538
111.932
5886.99
-5886.99
-111.932
-1.07538
-0.00692749
-3.36295e-05
-1.31215e-07
-4.90719e-10
2.22045e-11
0
-1.9984e-11
1.11022e-12
-2.22045e-12
9.4369e-11
4.28546e-10
1.31071e-07
3.36294e-05
0.00692748
1.07538
111.932
5886.99
)
;
    }
    bottom
    {
        type            calculated;
        value           nonuniform List<scalar> 
400
(
-5886.99
-111.932
-1.07538
-0.00692748
-3.36294e-05
-1.31182e-07
-4.09672e-10
0
-3.55271e-11
-1.55431e-11
0
-2.22045e-12
0
4.40759e-10
1.31219e-07
3.36296e-05
0.00692749
1.07538
111.932
5886.99
-5886.99
-111.932
-1.07538
-0.00692748
-3.36294e-05
-1.31174e-07
-4.30767e-10
1.11022e-12
-5.55112e-12
0
0
0
0
4.29656e-10
1.31192e-07
3.36294e-05
0.00692748
1.07538
111.932
5886.99
-5886.99
-111.932
-1.07538
-0.00692748
-3.36294e-05
-1.31185e-07
-4.64073e-10
-1.11022e-12
-3.33067e-12
0
0
2.22045e-12
0
4.57412e-10
1.31227e-07
3.36294e-05
0.00692748
1.07538
111.932
5886.99
-5886.99
-111.932
-1.07538
-0.00692748
-3.36294e-05
-1.31172e-07
-4.36318e-10
0
0
4.44089e-12
4.44089e-12
-4.44089e-12
-3.33067e-12
4.65183e-10
1.31233e-07
3.36294e-05
0.00692748
1.07538
111.932
5886.99
-5886.99
-111.932
-1.07538
-0.00692748
-3.36294e-05
-1.3115e-07
-4.41869e-10
-1.11022e-12
-1.11022e-12
0
2.22045e-12
2.22045e-12
0
4.59632e-10
1.31217e-07
3.36294e-05
0.00692748
1.07538
111.932
5886.99
-5886.99
-111.932
-1.07538
-0.00692748
-3.36294e-05
-1.31172e-07
-4.36318e-10
4.44089e-12
-1.11022e-12
-3.33067e-12
-1.11022e-12
2.22045e-12
0
4.57412e-10
1.31225e-07
3.36295e-05
0.00692748
1.07538
111.932
5886.99
-5886.99
-111.932
-1.07538
-0.00692748
-3.36294e-05
-1.31202e-07
-4.62963e-10
0
-3.33067e-12
0
3.33067e-12
2.22045e-12
0
4.59632e-10
1.31217e-07
3.36294e-05
0.00692748
1.07538
111.932
5886.99
-5886.99
-111.932
-1.07538
-0.00692748
-3.36294e-05
-1.31233e-07
-4.62963e-10
-1.11022e-12
5.55112e-12
-4.44089e-12
-1.11022e-12
0
1.11022e-12
4.11893e-10
1.3114e-07
3.36294e-05
0.00692748
1.07538
111.932
5886.99
-5886.99
-111.932
-1.07538
-0.00692748
-3.36294e-05
-1.31166e-07
-4.64073e-10
0
0
0
-3.33067e-12
2.22045e-12
0
4.57412e-10
1.31226e-07
3.36294e-05
0.00692748
1.07538
111.932
5886.99
-5886.99
-111.932
-1.07538
-0.00692748
-3.36295e-05
-1.31186e-07
-4.22995e-10
-1.11022e-12
-3.33067e-12
0
0
2.22045e-12
0
4.57412e-10
1.31226e-07
3.36294e-05
0.00692748
1.07538
111.932
5886.99
-5886.99
-111.932
-1.07538
-0.00692748
-3.36295e-05
-1.31168e-07
-4.58522e-10
1.11022e-12
0
-1.11022e-12
0
0
1.11022e-12
4.25215e-10
1.31156e-07
3.36295e-05
0.00692748
1.07538
111.932
5886.99
-5886.99
-111.932
-1.07538
-0.00692748
-3.36294e-05
-1.31234e-07
-4.4853e-10
-3.33067e-12
-3.33067e-12
0
1.11022e-12
0
-1.11022e-12
4.25215e-10
1.31186e-07
3.36295e-05
0.00692748
1.07538
111.932
5886.99
-5886.99
-111.932
-1.07538
-0.00692748
-3.36294e-05
-1.31211e-07
-4.61853e-10
3.33067e-12
0
-3.33067e-12
0
0
1.11022e-12
4.11893e-10
1.31143e-07
3.36295e-05
0.00692748
1.07538
111.932
5886.99
-5886.99
-111.932
-1.07538
-0.00692748
-3.36294e-05
-1.31234e-07
-4.4631e-10
-4.44089e-12
-4.44089e-12
1.11022e-12
0
0
1.11022e-12
4.39648e-10
1.3119e-07
3.36294e-05
0.00692748
1.07538
111.932
5886.99
-5886.99
-111.932
-1.07538
-0.00692748
-3.36294e-05
-1.31224e-07
-4.61853e-10
1.11022e-12
2.22045e-12
-3.33067e-12
-2.22045e-12
0
1.11022e-12
4.11893e-10
1.31143e-07
3.36295e-05
0.00692748
1.07538
111.932
5886.99
-5886.99
-111.932
-1.07538
-0.00692748
-3.36294e-05
-1.3117e-07
-4.61853e-10
3.33067e-12
0
-3.33067e-12
0
0
0
4.11893e-10
1.31144e-07
3.36294e-05
0.00692748
1.07538
111.932
5886.99
-5886.99
-111.932
-1.07538
-0.00692748
-3.36294e-05
-1.31221e-07
-4.68514e-10
-5.55112e-12
0
0
3.33067e-12
1.11022e-12
-3.33067e-12
4.39648e-10
1.31202e-07
3.36294e-05
0.00692748
1.07538
111.932
5886.99
-5886.99
-111.932
-1.07538
-0.00692748
-3.36294e-05
-1.31207e-07
-4.58522e-10
1.11022e-12
0
-1.11022e-12
0
0
1.11022e-12
4.11893e-10
1.31227e-07
3.36295e-05
0.00692748
1.07538
111.932
5886.99
-5886.99
-111.932
-1.07538
-0.00692748
-3.36294e-05
-1.31173e-07
-4.65183e-10
0
-2.22045e-12
1.11022e-12
1.11022e-12
0
-3.33067e-12
4.39648e-10
1.31191e-07
3.36294e-05
0.00692748
1.07538
111.932
5886.99
-5886.99
-111.932
-1.07538
-0.00692749
-3.36295e-05
-1.31215e-07
-4.90719e-10
2.22045e-11
0
-1.9984e-11
1.11022e-12
-2.22045e-12
9.4369e-11
4.28546e-10
1.31071e-07
3.36294e-05
0.00692748
1.07538
111.932
5886.99
)
;
    }
}


// ************************************************************************* //
