/*--------------------------------*- C++ -*----------------------------------*\
  =========                 |
  \\      /  F ield         | OpenFOAM: The Open Source CFD Toolbox
   \\    /   O peration     | Website:  https://openfoam.org
    \\  /    A nd           | Version:  8
     \\/     M anipulation  |
\*---------------------------------------------------------------------------*/
FoamFile
{
    version     2.0;
    format      ascii;
    class       volScalarField;
    location    "0.1";
    object      gradTy;
}
// * * * * * * * * * * * * * * * * * * * * * * * * * * * * * * * * * * * * * //

dimensions      [0 -1 0 1 0 0 0];

internalField   nonuniform List<scalar> 
400
(
-5990.42
-5990.42
-5990.42
-5990.42
-5990.42
-5990.42
-5990.42
-5990.42
-5990.42
-5990.42
-5990.42
-5990.42
-5990.42
-5990.42
-5990.42
-5990.42
-5990.42
-5990.42
-5990.42
-5990.42
-9.57585
-9.57585
-9.57585
-9.57585
-9.57585
-9.57585
-9.57585
-9.57585
-9.57585
-9.57585
-9.57585
-9.57585
-9.57585
-9.57585
-9.57585
-9.57585
-9.57585
-9.57585
-9.57585
-9.57585
-0.00804033
-0.00804033
-0.00804033
-0.00804033
-0.00804033
-0.00804033
-0.00804033
-0.00804033
-0.00804033
-0.00804033
-0.00804033
-0.00804033
-0.00804033
-0.00804033
-0.00804033
-0.00804033
-0.00804033
-0.00804033
-0.00804033
-0.00804039
-4.71558e-06
-4.71557e-06
-4.71557e-06
-4.71557e-06
-4.71557e-06
-4.71558e-06
-4.71557e-06
-4.71557e-06
-4.71557e-06
-4.71557e-06
-4.71558e-06
-4.71557e-06
-4.71558e-06
-4.71557e-06
-4.71557e-06
-4.71558e-06
-4.71557e-06
-4.71558e-06
-4.71558e-06
-4.71568e-06
-2.16382e-09
-2.16938e-09
-2.16271e-09
-2.16493e-09
-2.16827e-09
-2.16716e-09
-2.15938e-09
-2.1716e-09
-2.16271e-09
-2.17382e-09
-2.17382e-09
-2.16716e-09
-2.16605e-09
-2.16716e-09
-2.1716e-09
-2.1716e-09
-2.16938e-09
-2.17382e-09
-2.16493e-09
-2.1505e-09
1.11022e-11
2.22045e-12
2.22045e-12
0
0
0
-1.11022e-12
1.11022e-12
1.11022e-12
2.22045e-12
0
0
0
0
-1.11022e-12
0
0
0
0
-2.22045e-12
1.22125e-11
4.44089e-12
-1.11022e-12
0
3.33067e-12
3.33067e-12
0
-4.44089e-12
-1.11022e-12
2.22045e-12
-1.11022e-12
2.22045e-12
-3.33067e-12
4.44089e-12
-3.33067e-12
-3.33067e-12
-3.33067e-12
-1.11022e-12
1.11022e-12
-1.55431e-11
0
1.11022e-12
-1.11022e-12
0
-1.11022e-12
4.44089e-12
0
-1.11022e-12
0
-1.11022e-12
1.11022e-12
-3.33067e-12
3.33067e-12
-4.44089e-12
1.11022e-12
3.33067e-12
-5.55112e-12
1.11022e-12
0
1.55431e-11
-1.33227e-11
-5.55112e-12
-3.33067e-12
0
-1.11022e-12
-1.11022e-12
-3.33067e-12
5.55112e-12
0
-3.33067e-12
0
-3.33067e-12
0
-4.44089e-12
2.22045e-12
0
0
0
-2.22045e-12
0
-8.88178e-12
0
0
4.44089e-12
0
-3.33067e-12
0
-4.44089e-12
0
0
-1.11022e-12
0
-3.33067e-12
1.11022e-12
-3.33067e-12
-3.33067e-12
0
-1.11022e-12
1.11022e-12
-1.33227e-11
0
0
0
4.44089e-12
2.22045e-12
-1.11022e-12
3.33067e-12
-1.11022e-12
-3.33067e-12
0
0
1.11022e-12
0
0
-2.22045e-12
0
3.33067e-12
0
1.11022e-12
1.11022e-12
-2.22045e-12
0
2.22045e-12
-4.44089e-12
2.22045e-12
2.22045e-12
2.22045e-12
0
2.22045e-12
2.22045e-12
0
0
0
0
0
0
1.11022e-12
0
0
-2.22045e-12
0
0
0
-3.33067e-12
0
0
0
1.11022e-12
0
0
1.11022e-12
-1.11022e-12
1.11022e-12
1.11022e-12
1.11022e-12
0
-3.33067e-12
1.11022e-12
-3.33067e-12
1.11022e-11
0
-2.22045e-12
0
4.44089e-12
0
0
0
0
0
0
0
0
0
-1.11022e-12
0
0
0
0
0
-1.11022e-12
2.22045e-12
2.22045e-12
3.33067e-12
3.33067e-12
0
2.22045e-12
0
-4.44089e-12
3.33067e-12
3.33067e-12
-1.11022e-12
0
-1.11022e-12
0
-1.11022e-12
0
0
-1.11022e-12
0
-1.11022e-11
2.16827e-09
2.16605e-09
2.1616e-09
2.16716e-09
2.1616e-09
2.17271e-09
2.1616e-09
2.16716e-09
2.16605e-09
2.17049e-09
2.17493e-09
2.17604e-09
2.17493e-09
2.16716e-09
2.17493e-09
2.17049e-09
2.16605e-09
2.17493e-09
2.16605e-09
2.16827e-09
4.71568e-06
4.71557e-06
4.71557e-06
4.71557e-06
4.71557e-06
4.71557e-06
4.71557e-06
4.71558e-06
4.71557e-06
4.71557e-06
4.71557e-06
4.71557e-06
4.71558e-06
4.71557e-06
4.71558e-06
4.71557e-06
4.71557e-06
4.71558e-06
4.71557e-06
4.71558e-06
0.00804039
0.00804033
0.00804033
0.00804033
0.00804033
0.00804033
0.00804033
0.00804033
0.00804033
0.00804033
0.00804033
0.00804033
0.00804033
0.00804033
0.00804033
0.00804033
0.00804033
0.00804033
0.00804033
0.00804033
9.57585
9.57585
9.57585
9.57585
9.57585
9.57585
9.57585
9.57585
9.57585
9.57585
9.57585
9.57585
9.57585
9.57585
9.57585
9.57585
9.57585
9.57585
9.57585
9.57585
5990.42
5990.42
5990.42
5990.42
5990.42
5990.42
5990.42
5990.42
5990.42
5990.42
5990.42
5990.42
5990.42
5990.42
5990.42
5990.42
5990.42
5990.42
5990.42
5990.42
)
;

boundaryField
{
    front
    {
        type            calculated;
        value           nonuniform List<scalar> 
20
(
-11961.7
-11961.7
-11961.7
-11961.7
-11961.7
-11961.7
-11961.7
-11961.7
-11961.7
-11961.7
-11961.7
-11961.7
-11961.7
-11961.7
-11961.7
-11961.7
-11961.7
-11961.7
-11961.7
-11961.7
)
;
    }
    back
    {
        type            calculated;
        value           nonuniform List<scalar> 
20
(
11961.7
11961.7
11961.7
11961.7
11961.7
11961.7
11961.7
11961.7
11961.7
11961.7
11961.7
11961.7
11961.7
11961.7
11961.7
11961.7
11961.7
11961.7
11961.7
11961.7
)
;
    }
    left
    {
        type            calculated;
        value           nonuniform List<scalar> 
20
(
-5990.42
-9.57585
-0.00804033
-4.71558e-06
-2.16382e-09
1.11022e-11
1.22125e-11
0
-1.33227e-11
-8.88178e-12
0
-2.22045e-12
0
0
2.22045e-12
2.16827e-09
4.71568e-06
0.00804039
9.57585
5990.42
)
;
    }
    right
    {
        type            calculated;
        value           nonuniform List<scalar> 
20
(
-5990.42
-9.57585
-0.00804039
-4.71568e-06
-2.1505e-09
-2.22045e-12
-1.55431e-11
1.55431e-11
0
-1.33227e-11
1.11022e-12
-2.22045e-12
1.11022e-11
-1.11022e-12
-1.11022e-11
2.16827e-09
4.71558e-06
0.00804033
9.57585
5990.42
)
;
    }
    top
    {
        type            calculated;
        value           nonuniform List<scalar> 
400
(
-5990.42
-9.57585
-0.00804033
-4.71558e-06
-2.16382e-09
1.11022e-11
1.22125e-11
0
-1.33227e-11
-8.88178e-12
0
-2.22045e-12
0
0
2.22045e-12
2.16827e-09
4.71568e-06
0.00804039
9.57585
5990.42
-5990.42
-9.57585
-0.00804033
-4.71557e-06
-2.16938e-09
2.22045e-12
4.44089e-12
1.11022e-12
-5.55112e-12
0
0
0
0
-2.22045e-12
2.22045e-12
2.16605e-09
4.71557e-06
0.00804033
9.57585
5990.42
-5990.42
-9.57585
-0.00804033
-4.71557e-06
-2.16271e-09
2.22045e-12
-1.11022e-12
-1.11022e-12
-3.33067e-12
0
0
2.22045e-12
0
0
3.33067e-12
2.1616e-09
4.71557e-06
0.00804033
9.57585
5990.42
-5990.42
-9.57585
-0.00804033
-4.71557e-06
-2.16493e-09
0
0
0
0
4.44089e-12
4.44089e-12
-4.44089e-12
-3.33067e-12
4.44089e-12
3.33067e-12
2.16716e-09
4.71557e-06
0.00804033
9.57585
5990.42
-5990.42
-9.57585
-0.00804033
-4.71557e-06
-2.16827e-09
0
3.33067e-12
-1.11022e-12
-1.11022e-12
0
2.22045e-12
2.22045e-12
0
0
0
2.1616e-09
4.71557e-06
0.00804033
9.57585
5990.42
-5990.42
-9.57585
-0.00804033
-4.71558e-06
-2.16716e-09
0
3.33067e-12
4.44089e-12
-1.11022e-12
-3.33067e-12
-1.11022e-12
2.22045e-12
0
0
2.22045e-12
2.17271e-09
4.71557e-06
0.00804033
9.57585
5990.42
-5990.42
-9.57585
-0.00804033
-4.71557e-06
-2.15938e-09
-1.11022e-12
0
0
-3.33067e-12
0
3.33067e-12
2.22045e-12
0
0
0
2.1616e-09
4.71557e-06
0.00804033
9.57585
5990.42
-5990.42
-9.57585
-0.00804033
-4.71557e-06
-2.1716e-09
1.11022e-12
-4.44089e-12
-1.11022e-12
5.55112e-12
-4.44089e-12
-1.11022e-12
0
1.11022e-12
0
-4.44089e-12
2.16716e-09
4.71558e-06
0.00804033
9.57585
5990.42
-5990.42
-9.57585
-0.00804033
-4.71557e-06
-2.16271e-09
1.11022e-12
-1.11022e-12
0
0
0
-3.33067e-12
2.22045e-12
0
0
3.33067e-12
2.16605e-09
4.71557e-06
0.00804033
9.57585
5990.42
-5990.42
-9.57585
-0.00804033
-4.71557e-06
-2.17382e-09
2.22045e-12
2.22045e-12
-1.11022e-12
-3.33067e-12
0
0
2.22045e-12
0
0
3.33067e-12
2.17049e-09
4.71557e-06
0.00804033
9.57585
5990.42
-5990.42
-9.57585
-0.00804033
-4.71558e-06
-2.17382e-09
0
-1.11022e-12
1.11022e-12
0
-1.11022e-12
0
0
1.11022e-12
0
-1.11022e-12
2.17493e-09
4.71557e-06
0.00804033
9.57585
5990.42
-5990.42
-9.57585
-0.00804033
-4.71557e-06
-2.16716e-09
0
2.22045e-12
-3.33067e-12
-3.33067e-12
0
1.11022e-12
0
-1.11022e-12
0
0
2.17604e-09
4.71557e-06
0.00804033
9.57585
5990.42
-5990.42
-9.57585
-0.00804033
-4.71558e-06
-2.16605e-09
0
-3.33067e-12
3.33067e-12
0
-3.33067e-12
0
0
1.11022e-12
0
-1.11022e-12
2.17493e-09
4.71558e-06
0.00804033
9.57585
5990.42
-5990.42
-9.57585
-0.00804033
-4.71557e-06
-2.16716e-09
0
4.44089e-12
-4.44089e-12
-4.44089e-12
1.11022e-12
0
0
1.11022e-12
-1.11022e-12
0
2.16716e-09
4.71557e-06
0.00804033
9.57585
5990.42
-5990.42
-9.57585
-0.00804033
-4.71557e-06
-2.1716e-09
-1.11022e-12
-3.33067e-12
1.11022e-12
2.22045e-12
-3.33067e-12
-2.22045e-12
0
1.11022e-12
0
-1.11022e-12
2.17493e-09
4.71558e-06
0.00804033
9.57585
5990.42
-5990.42
-9.57585
-0.00804033
-4.71558e-06
-2.1716e-09
0
-3.33067e-12
3.33067e-12
0
-3.33067e-12
0
0
0
0
0
2.17049e-09
4.71557e-06
0.00804033
9.57585
5990.42
-5990.42
-9.57585
-0.00804033
-4.71557e-06
-2.16938e-09
0
-3.33067e-12
-5.55112e-12
0
0
3.33067e-12
1.11022e-12
-3.33067e-12
0
0
2.16605e-09
4.71557e-06
0.00804033
9.57585
5990.42
-5990.42
-9.57585
-0.00804033
-4.71558e-06
-2.17382e-09
0
-1.11022e-12
1.11022e-12
0
-1.11022e-12
0
0
1.11022e-12
0
-1.11022e-12
2.17493e-09
4.71558e-06
0.00804033
9.57585
5990.42
-5990.42
-9.57585
-0.00804033
-4.71558e-06
-2.16493e-09
0
1.11022e-12
0
-2.22045e-12
1.11022e-12
1.11022e-12
0
-3.33067e-12
0
0
2.16605e-09
4.71557e-06
0.00804033
9.57585
5990.42
-5990.42
-9.57585
-0.00804039
-4.71568e-06
-2.1505e-09
-2.22045e-12
-1.55431e-11
1.55431e-11
0
-1.33227e-11
1.11022e-12
-2.22045e-12
1.11022e-11
-1.11022e-12
-1.11022e-11
2.16827e-09
4.71558e-06
0.00804033
9.57585
5990.42
)
;
    }
    bottom
    {
        type            calculated;
        value           nonuniform List<scalar> 
400
(
-5990.42
-9.57585
-0.00804033
-4.71558e-06
-2.16382e-09
1.11022e-11
1.22125e-11
0
-1.33227e-11
-8.88178e-12
0
-2.22045e-12
0
0
2.22045e-12
2.16827e-09
4.71568e-06
0.00804039
9.57585
5990.42
-5990.42
-9.57585
-0.00804033
-4.71557e-06
-2.16938e-09
2.22045e-12
4.44089e-12
1.11022e-12
-5.55112e-12
0
0
0
0
-2.22045e-12
2.22045e-12
2.16605e-09
4.71557e-06
0.00804033
9.57585
5990.42
-5990.42
-9.57585
-0.00804033
-4.71557e-06
-2.16271e-09
2.22045e-12
-1.11022e-12
-1.11022e-12
-3.33067e-12
0
0
2.22045e-12
0
0
3.33067e-12
2.1616e-09
4.71557e-06
0.00804033
9.57585
5990.42
-5990.42
-9.57585
-0.00804033
-4.71557e-06
-2.16493e-09
0
0
0
0
4.44089e-12
4.44089e-12
-4.44089e-12
-3.33067e-12
4.44089e-12
3.33067e-12
2.16716e-09
4.71557e-06
0.00804033
9.57585
5990.42
-5990.42
-9.57585
-0.00804033
-4.71557e-06
-2.16827e-09
0
3.33067e-12
-1.11022e-12
-1.11022e-12
0
2.22045e-12
2.22045e-12
0
0
0
2.1616e-09
4.71557e-06
0.00804033
9.57585
5990.42
-5990.42
-9.57585
-0.00804033
-4.71558e-06
-2.16716e-09
0
3.33067e-12
4.44089e-12
-1.11022e-12
-3.33067e-12
-1.11022e-12
2.22045e-12
0
0
2.22045e-12
2.17271e-09
4.71557e-06
0.00804033
9.57585
5990.42
-5990.42
-9.57585
-0.00804033
-4.71557e-06
-2.15938e-09
-1.11022e-12
0
0
-3.33067e-12
0
3.33067e-12
2.22045e-12
0
0
0
2.1616e-09
4.71557e-06
0.00804033
9.57585
5990.42
-5990.42
-9.57585
-0.00804033
-4.71557e-06
-2.1716e-09
1.11022e-12
-4.44089e-12
-1.11022e-12
5.55112e-12
-4.44089e-12
-1.11022e-12
0
1.11022e-12
0
-4.44089e-12
2.16716e-09
4.71558e-06
0.00804033
9.57585
5990.42
-5990.42
-9.57585
-0.00804033
-4.71557e-06
-2.16271e-09
1.11022e-12
-1.11022e-12
0
0
0
-3.33067e-12
2.22045e-12
0
0
3.33067e-12
2.16605e-09
4.71557e-06
0.00804033
9.57585
5990.42
-5990.42
-9.57585
-0.00804033
-4.71557e-06
-2.17382e-09
2.22045e-12
2.22045e-12
-1.11022e-12
-3.33067e-12
0
0
2.22045e-12
0
0
3.33067e-12
2.17049e-09
4.71557e-06
0.00804033
9.57585
5990.42
-5990.42
-9.57585
-0.00804033
-4.71558e-06
-2.17382e-09
0
-1.11022e-12
1.11022e-12
0
-1.11022e-12
0
0
1.11022e-12
0
-1.11022e-12
2.17493e-09
4.71557e-06
0.00804033
9.57585
5990.42
-5990.42
-9.57585
-0.00804033
-4.71557e-06
-2.16716e-09
0
2.22045e-12
-3.33067e-12
-3.33067e-12
0
1.11022e-12
0
-1.11022e-12
0
0
2.17604e-09
4.71557e-06
0.00804033
9.57585
5990.42
-5990.42
-9.57585
-0.00804033
-4.71558e-06
-2.16605e-09
0
-3.33067e-12
3.33067e-12
0
-3.33067e-12
0
0
1.11022e-12
0
-1.11022e-12
2.17493e-09
4.71558e-06
0.00804033
9.57585
5990.42
-5990.42
-9.57585
-0.00804033
-4.71557e-06
-2.16716e-09
0
4.44089e-12
-4.44089e-12
-4.44089e-12
1.11022e-12
0
0
1.11022e-12
-1.11022e-12
0
2.16716e-09
4.71557e-06
0.00804033
9.57585
5990.42
-5990.42
-9.57585
-0.00804033
-4.71557e-06
-2.1716e-09
-1.11022e-12
-3.33067e-12
1.11022e-12
2.22045e-12
-3.33067e-12
-2.22045e-12
0
1.11022e-12
0
-1.11022e-12
2.17493e-09
4.71558e-06
0.00804033
9.57585
5990.42
-5990.42
-9.57585
-0.00804033
-4.71558e-06
-2.1716e-09
0
-3.33067e-12
3.33067e-12
0
-3.33067e-12
0
0
0
0
0
2.17049e-09
4.71557e-06
0.00804033
9.57585
5990.42
-5990.42
-9.57585
-0.00804033
-4.71557e-06
-2.16938e-09
0
-3.33067e-12
-5.55112e-12
0
0
3.33067e-12
1.11022e-12
-3.33067e-12
0
0
2.16605e-09
4.71557e-06
0.00804033
9.57585
5990.42
-5990.42
-9.57585
-0.00804033
-4.71558e-06
-2.17382e-09
0
-1.11022e-12
1.11022e-12
0
-1.11022e-12
0
0
1.11022e-12
0
-1.11022e-12
2.17493e-09
4.71558e-06
0.00804033
9.57585
5990.42
-5990.42
-9.57585
-0.00804033
-4.71558e-06
-2.16493e-09
0
1.11022e-12
0
-2.22045e-12
1.11022e-12
1.11022e-12
0
-3.33067e-12
0
0
2.16605e-09
4.71557e-06
0.00804033
9.57585
5990.42
-5990.42
-9.57585
-0.00804039
-4.71568e-06
-2.1505e-09
-2.22045e-12
-1.55431e-11
1.55431e-11
0
-1.33227e-11
1.11022e-12
-2.22045e-12
1.11022e-11
-1.11022e-12
-1.11022e-11
2.16827e-09
4.71558e-06
0.00804033
9.57585
5990.42
)
;
    }
}


// ************************************************************************* //
