/*--------------------------------*- C++ -*----------------------------------*\
  =========                 |
  \\      /  F ield         | OpenFOAM: The Open Source CFD Toolbox
   \\    /   O peration     | Website:  https://openfoam.org
    \\  /    A nd           | Version:  8
     \\/     M anipulation  |
\*---------------------------------------------------------------------------*/
FoamFile
{
    version     2.0;
    format      ascii;
    class       volScalarField;
    location    "0.1";
    object      gradTx;
}
// * * * * * * * * * * * * * * * * * * * * * * * * * * * * * * * * * * * * * //

dimensions      [0 -1 0 1 0 0 0];

internalField   nonuniform List<scalar> 
400
(
-5.21805e-11
-5.32907e-11
-8.88178e-12
-3.33067e-12
4.44089e-12
4.44089e-12
5.55112e-12
0
-2.22045e-12
-2.22045e-12
-8.88178e-12
3.33067e-12
0
-4.44089e-12
5.55112e-12
-2.22045e-12
0
-2.22045e-12
5.10703e-11
5.77316e-11
5.55112e-12
4.44089e-12
-5.55112e-12
0
3.33067e-12
0
0
-2.22045e-12
2.22045e-12
1.11022e-12
-5.55112e-12
1.11022e-12
5.55112e-12
-3.33067e-12
-2.22045e-12
-3.33067e-12
2.22045e-12
4.996e-11
6.11078e-08
6.10634e-08
-3.33067e-12
-2.22045e-12
1.11022e-12
-4.44089e-12
6.66134e-12
3.33067e-12
-1.11022e-12
0
-2.22045e-12
1.11022e-12
-3.33067e-12
2.22045e-12
0
-6.66134e-12
6.66134e-12
2.22045e-12
-2.22045e-12
4.44089e-12
1.02141e-10
9.99201e-11
3.33067e-12
2.22045e-12
-3.33067e-12
2.22045e-12
3.33067e-12
-5.55112e-12
5.55112e-12
4.44089e-12
0
6.66134e-12
-6.66134e-12
-5.55112e-12
0
5.55112e-12
6.66134e-12
-1.11022e-12
0
-5.55112e-12
-8.88178e-12
-3.33067e-12
1.11022e-12
-1.11022e-12
1.11022e-12
-1.11022e-12
0
1.11022e-12
4.44089e-12
-1.11022e-12
-4.44089e-12
1.11022e-12
2.22045e-12
0
0
3.33067e-12
-3.33067e-12
1.11022e-12
0
-4.44089e-12
2.22045e-12
2.22045e-12
0
3.33067e-12
0
-3.33067e-12
0
3.33067e-12
3.33067e-12
0
-3.33067e-12
-3.33067e-12
1.11022e-12
2.22045e-12
0
0
2.22045e-12
0
-2.22045e-12
0
1.44329e-11
1.22125e-11
-7.77156e-12
-8.88178e-12
-2.22045e-12
-2.22045e-12
1.11022e-12
-1.11022e-12
5.55112e-12
0
-2.22045e-12
-1.11022e-12
1.11022e-12
0
0
2.22045e-12
-3.33067e-12
2.22045e-12
0
-4.44089e-12
0
0
-8.88178e-12
-1.11022e-11
-4.44089e-12
0
3.33067e-12
0
-3.33067e-12
0
3.33067e-12
-3.33067e-12
0
0
1.11022e-12
0
-4.44089e-12
0
1.11022e-12
3.33067e-12
0
-4.44089e-12
-8.88178e-12
-9.99201e-12
-2.22045e-12
-1.11022e-12
4.44089e-12
1.11022e-12
-1.11022e-12
0
-2.22045e-12
0
-1.11022e-12
2.22045e-12
0
0
3.33067e-12
-3.33067e-12
-2.22045e-12
0
1.44329e-11
1.55431e-11
1.11022e-12
0
0
1.11022e-12
2.22045e-12
-1.11022e-12
2.22045e-12
3.33067e-12
-4.44089e-12
-3.33067e-12
0
0
0
2.22045e-12
0
-2.22045e-12
0
2.22045e-12
0
-2.22045e-12
0
-1.11022e-12
2.22045e-12
0
-3.33067e-12
0
-1.11022e-12
0
1.11022e-12
-1.11022e-12
-1.11022e-12
0
1.11022e-12
0
-1.11022e-12
0
0
1.11022e-12
2.22045e-12
1.11022e-12
0
0
4.44089e-12
4.44089e-12
-4.44089e-12
0
2.22045e-12
-3.33067e-12
-3.33067e-12
0
1.11022e-12
0
-1.11022e-12
0
0
3.33067e-12
0
0
1.11022e-12
-2.22045e-12
2.22045e-12
3.33067e-12
-2.22045e-12
0
3.33067e-12
0
-3.33067e-12
0
3.33067e-12
-3.33067e-12
-3.33067e-12
0
1.11022e-12
0
-1.11022e-12
1.11022e-12
0
0
0
-1.11022e-12
0
0
1.11022e-12
3.33067e-12
0
0
4.44089e-12
-4.44089e-12
-4.44089e-12
1.11022e-12
0
0
1.11022e-12
0
-1.11022e-12
0
1.11022e-12
-1.11022e-12
1.22125e-11
1.11022e-11
0
3.33067e-12
4.44089e-12
0
-1.11022e-12
0
-3.33067e-12
0
3.33067e-12
-3.33067e-12
-3.33067e-12
0
0
0
0
0
0
0
0
0
0
1.11022e-12
3.33067e-12
0
-2.22045e-12
0
-3.33067e-12
0
3.33067e-12
-3.33067e-12
-3.33067e-12
0
1.11022e-12
0
-1.11022e-12
1.11022e-12
0
0
0
-1.11022e-12
-2.22045e-12
-2.22045e-12
4.44089e-12
1.11022e-12
4.44089e-12
0
-8.88178e-12
3.33067e-12
5.55112e-12
5.55112e-12
3.33067e-12
0
-8.88178e-12
0
3.33067e-12
-9.99201e-12
5.55112e-12
0
-6.66134e-12
2.22045e-12
-1.03251e-10
-1.05471e-10
0
0
0
0
3.33067e-12
-2.22045e-12
-1.11022e-12
-6.66134e-12
-2.22045e-12
8.88178e-12
0
0
-4.44089e-12
-2.22045e-12
5.55112e-12
-1.11022e-12
6.66134e-12
5.55112e-12
-6.10689e-08
-6.111e-08
-3.9968e-11
-2.22045e-12
-3.33067e-12
0
7.77156e-12
7.77156e-12
-2.22045e-12
-2.22045e-12
2.22045e-12
0
-7.77156e-12
0
3.33067e-12
-5.55112e-12
1.11022e-12
-1.11022e-12
7.77156e-12
1.11022e-11
-5.21805e-11
-4.88498e-11
-5.55112e-12
0
5.55112e-12
0
-4.44089e-12
-4.44089e-12
7.77156e-12
-3.33067e-12
-1.11022e-12
-1.11022e-12
4.44089e-12
0
-1.11022e-11
2.22045e-12
0
8.88178e-12
5.55112e-11
4.55191e-11
)
;

boundaryField
{
    front
    {
        type            calculated;
        value           nonuniform List<scalar> 
20
(
-5.21805e-11
-5.32907e-11
-8.88178e-12
-3.33067e-12
4.44089e-12
4.44089e-12
5.55112e-12
0
-2.22045e-12
-2.22045e-12
-8.88178e-12
3.33067e-12
0
-4.44089e-12
5.55112e-12
-2.22045e-12
0
-2.22045e-12
5.10703e-11
5.77316e-11
)
;
    }
    back
    {
        type            calculated;
        value           nonuniform List<scalar> 
20
(
-5.21805e-11
-4.88498e-11
-5.55112e-12
0
5.55112e-12
0
-4.44089e-12
-4.44089e-12
7.77156e-12
-3.33067e-12
-1.11022e-12
-1.11022e-12
4.44089e-12
0
-1.11022e-11
2.22045e-12
0
8.88178e-12
5.55112e-11
4.55191e-11
)
;
    }
    left
    {
        type            calculated;
        value           uniform 0;
    }
    right
    {
        type            calculated;
        value           uniform 0;
    }
    top
    {
        type            calculated;
        value           nonuniform List<scalar> 
400
(
-5.21805e-11
5.55112e-12
-3.33067e-12
3.33067e-12
1.11022e-12
0
-7.77156e-12
-8.88178e-12
-8.88178e-12
1.11022e-12
0
0
2.22045e-12
0
0
0
-2.22045e-12
-1.03251e-10
-6.10689e-08
-5.21805e-11
-5.32907e-11
4.44089e-12
-2.22045e-12
2.22045e-12
-1.11022e-12
3.33067e-12
-8.88178e-12
-1.11022e-11
-9.99201e-12
0
-1.11022e-12
0
3.33067e-12
0
3.33067e-12
1.11022e-12
-2.22045e-12
-1.05471e-10
-6.111e-08
-4.88498e-11
-8.88178e-12
-5.55112e-12
1.11022e-12
-3.33067e-12
1.11022e-12
0
-2.22045e-12
-4.44089e-12
-2.22045e-12
0
2.22045e-12
4.44089e-12
-2.22045e-12
1.11022e-12
4.44089e-12
3.33067e-12
4.44089e-12
0
-3.9968e-11
-5.55112e-12
-3.33067e-12
0
-4.44089e-12
2.22045e-12
-1.11022e-12
-3.33067e-12
-2.22045e-12
0
-1.11022e-12
1.11022e-12
0
4.44089e-12
0
3.33067e-12
0
0
1.11022e-12
0
-2.22045e-12
0
4.44089e-12
3.33067e-12
6.66134e-12
3.33067e-12
0
0
1.11022e-12
3.33067e-12
4.44089e-12
2.22045e-12
-3.33067e-12
-4.44089e-12
3.33067e-12
0
-1.11022e-12
-2.22045e-12
4.44089e-12
0
-3.33067e-12
5.55112e-12
4.44089e-12
0
3.33067e-12
-5.55112e-12
1.11022e-12
3.33067e-12
-1.11022e-12
0
1.11022e-12
-1.11022e-12
0
0
0
0
0
0
0
0
0
0
5.55112e-12
0
-1.11022e-12
5.55112e-12
4.44089e-12
3.33067e-12
5.55112e-12
-3.33067e-12
-1.11022e-12
2.22045e-12
-1.11022e-12
2.22045e-12
-3.33067e-12
4.44089e-12
-3.33067e-12
-3.33067e-12
-8.88178e-12
3.33067e-12
7.77156e-12
-4.44089e-12
0
-2.22045e-12
0
4.44089e-12
-1.11022e-12
0
0
0
0
3.33067e-12
0
-3.33067e-12
0
-4.44089e-12
0
0
3.33067e-12
-2.22045e-12
7.77156e-12
-4.44089e-12
-2.22045e-12
2.22045e-12
-2.22045e-12
0
-4.44089e-12
-3.33067e-12
-2.22045e-12
3.33067e-12
-2.22045e-12
-4.44089e-12
1.11022e-12
-3.33067e-12
3.33067e-12
-4.44089e-12
3.33067e-12
3.33067e-12
5.55112e-12
-1.11022e-12
-2.22045e-12
7.77156e-12
-2.22045e-12
1.11022e-12
1.11022e-12
6.66134e-12
1.11022e-12
-3.33067e-12
-1.11022e-12
-3.33067e-12
0
-3.33067e-12
-1.11022e-12
0
-3.33067e-12
1.11022e-12
-3.33067e-12
-3.33067e-12
5.55112e-12
-6.66134e-12
-2.22045e-12
-3.33067e-12
-8.88178e-12
-5.55112e-12
-3.33067e-12
-6.66134e-12
2.22045e-12
1.11022e-12
1.11022e-12
0
-1.11022e-12
0
-1.11022e-12
1.11022e-12
-3.33067e-12
0
-3.33067e-12
-3.33067e-12
3.33067e-12
-2.22045e-12
2.22045e-12
-1.11022e-12
3.33067e-12
1.11022e-12
2.22045e-12
-5.55112e-12
0
2.22045e-12
0
0
2.22045e-12
0
0
0
0
0
0
0
0
8.88178e-12
0
-1.11022e-12
0
5.55112e-12
0
0
0
0
0
1.11022e-12
0
0
1.11022e-12
-1.11022e-12
1.11022e-12
1.11022e-12
0
1.11022e-12
-8.88178e-12
0
-7.77156e-12
4.44089e-12
-4.44089e-12
-3.33067e-12
-6.66134e-12
5.55112e-12
3.33067e-12
0
2.22045e-12
0
0
2.22045e-12
0
0
0
0
0
0
0
0
0
0
5.55112e-12
-2.22045e-12
6.66134e-12
6.66134e-12
-3.33067e-12
2.22045e-12
-3.33067e-12
-4.44089e-12
3.33067e-12
0
-1.11022e-12
0
-1.11022e-12
-1.11022e-12
0
-1.11022e-12
3.33067e-12
-4.44089e-12
3.33067e-12
-1.11022e-11
-2.22045e-12
-3.33067e-12
2.22045e-12
-1.11022e-12
1.11022e-12
0
2.22045e-12
0
-3.33067e-12
-2.22045e-12
0
3.33067e-12
1.11022e-12
0
0
1.11022e-12
-9.99201e-12
-2.22045e-12
-5.55112e-12
2.22045e-12
0
2.22045e-12
-2.22045e-12
0
0
-2.22045e-12
0
1.11022e-12
-2.22045e-12
0
0
0
0
1.11022e-12
0
0
5.55112e-12
5.55112e-12
1.11022e-12
0
-2.22045e-12
4.996e-11
4.44089e-12
-5.55112e-12
-4.44089e-12
0
-4.44089e-12
3.33067e-12
0
2.22045e-12
1.11022e-12
0
0
-1.11022e-12
0
0
0
-1.11022e-12
-1.11022e-12
8.88178e-12
5.10703e-11
6.11078e-08
1.02141e-10
-8.88178e-12
2.22045e-12
1.44329e-11
0
0
1.44329e-11
0
2.22045e-12
1.11022e-12
0
1.22125e-11
0
0
-6.66134e-12
6.66134e-12
7.77156e-12
5.55112e-11
5.77316e-11
6.10634e-08
9.99201e-11
-3.33067e-12
2.22045e-12
1.22125e-11
0
-4.44089e-12
1.55431e-11
-2.22045e-12
1.11022e-12
-2.22045e-12
-1.11022e-12
1.11022e-11
0
-1.11022e-12
2.22045e-12
5.55112e-12
1.11022e-11
4.55191e-11
)
;
    }
    bottom
    {
        type            calculated;
        value           nonuniform List<scalar> 
400
(
-5.21805e-11
5.55112e-12
-3.33067e-12
3.33067e-12
1.11022e-12
0
-7.77156e-12
-8.88178e-12
-8.88178e-12
1.11022e-12
0
0
2.22045e-12
0
0
0
-2.22045e-12
-1.03251e-10
-6.10689e-08
-5.21805e-11
-5.32907e-11
4.44089e-12
-2.22045e-12
2.22045e-12
-1.11022e-12
3.33067e-12
-8.88178e-12
-1.11022e-11
-9.99201e-12
0
-1.11022e-12
0
3.33067e-12
0
3.33067e-12
1.11022e-12
-2.22045e-12
-1.05471e-10
-6.111e-08
-4.88498e-11
-8.88178e-12
-5.55112e-12
1.11022e-12
-3.33067e-12
1.11022e-12
0
-2.22045e-12
-4.44089e-12
-2.22045e-12
0
2.22045e-12
4.44089e-12
-2.22045e-12
1.11022e-12
4.44089e-12
3.33067e-12
4.44089e-12
0
-3.9968e-11
-5.55112e-12
-3.33067e-12
0
-4.44089e-12
2.22045e-12
-1.11022e-12
-3.33067e-12
-2.22045e-12
0
-1.11022e-12
1.11022e-12
0
4.44089e-12
0
3.33067e-12
0
0
1.11022e-12
0
-2.22045e-12
0
4.44089e-12
3.33067e-12
6.66134e-12
3.33067e-12
0
0
1.11022e-12
3.33067e-12
4.44089e-12
2.22045e-12
-3.33067e-12
-4.44089e-12
3.33067e-12
0
-1.11022e-12
-2.22045e-12
4.44089e-12
0
-3.33067e-12
5.55112e-12
4.44089e-12
0
3.33067e-12
-5.55112e-12
1.11022e-12
3.33067e-12
-1.11022e-12
0
1.11022e-12
-1.11022e-12
0
0
0
0
0
0
0
0
0
0
5.55112e-12
0
-1.11022e-12
5.55112e-12
4.44089e-12
3.33067e-12
5.55112e-12
-3.33067e-12
-1.11022e-12
2.22045e-12
-1.11022e-12
2.22045e-12
-3.33067e-12
4.44089e-12
-3.33067e-12
-3.33067e-12
-8.88178e-12
3.33067e-12
7.77156e-12
-4.44089e-12
0
-2.22045e-12
0
4.44089e-12
-1.11022e-12
0
0
0
0
3.33067e-12
0
-3.33067e-12
0
-4.44089e-12
0
0
3.33067e-12
-2.22045e-12
7.77156e-12
-4.44089e-12
-2.22045e-12
2.22045e-12
-2.22045e-12
0
-4.44089e-12
-3.33067e-12
-2.22045e-12
3.33067e-12
-2.22045e-12
-4.44089e-12
1.11022e-12
-3.33067e-12
3.33067e-12
-4.44089e-12
3.33067e-12
3.33067e-12
5.55112e-12
-1.11022e-12
-2.22045e-12
7.77156e-12
-2.22045e-12
1.11022e-12
1.11022e-12
6.66134e-12
1.11022e-12
-3.33067e-12
-1.11022e-12
-3.33067e-12
0
-3.33067e-12
-1.11022e-12
0
-3.33067e-12
1.11022e-12
-3.33067e-12
-3.33067e-12
5.55112e-12
-6.66134e-12
-2.22045e-12
-3.33067e-12
-8.88178e-12
-5.55112e-12
-3.33067e-12
-6.66134e-12
2.22045e-12
1.11022e-12
1.11022e-12
0
-1.11022e-12
0
-1.11022e-12
1.11022e-12
-3.33067e-12
0
-3.33067e-12
-3.33067e-12
3.33067e-12
-2.22045e-12
2.22045e-12
-1.11022e-12
3.33067e-12
1.11022e-12
2.22045e-12
-5.55112e-12
0
2.22045e-12
0
0
2.22045e-12
0
0
0
0
0
0
0
0
8.88178e-12
0
-1.11022e-12
0
5.55112e-12
0
0
0
0
0
1.11022e-12
0
0
1.11022e-12
-1.11022e-12
1.11022e-12
1.11022e-12
0
1.11022e-12
-8.88178e-12
0
-7.77156e-12
4.44089e-12
-4.44089e-12
-3.33067e-12
-6.66134e-12
5.55112e-12
3.33067e-12
0
2.22045e-12
0
0
2.22045e-12
0
0
0
0
0
0
0
0
0
0
5.55112e-12
-2.22045e-12
6.66134e-12
6.66134e-12
-3.33067e-12
2.22045e-12
-3.33067e-12
-4.44089e-12
3.33067e-12
0
-1.11022e-12
0
-1.11022e-12
-1.11022e-12
0
-1.11022e-12
3.33067e-12
-4.44089e-12
3.33067e-12
-1.11022e-11
-2.22045e-12
-3.33067e-12
2.22045e-12
-1.11022e-12
1.11022e-12
0
2.22045e-12
0
-3.33067e-12
-2.22045e-12
0
3.33067e-12
1.11022e-12
0
0
1.11022e-12
-9.99201e-12
-2.22045e-12
-5.55112e-12
2.22045e-12
0
2.22045e-12
-2.22045e-12
0
0
-2.22045e-12
0
1.11022e-12
-2.22045e-12
0
0
0
0
1.11022e-12
0
0
5.55112e-12
5.55112e-12
1.11022e-12
0
-2.22045e-12
4.996e-11
4.44089e-12
-5.55112e-12
-4.44089e-12
0
-4.44089e-12
3.33067e-12
0
2.22045e-12
1.11022e-12
0
0
-1.11022e-12
0
0
0
-1.11022e-12
-1.11022e-12
8.88178e-12
5.10703e-11
6.11078e-08
1.02141e-10
-8.88178e-12
2.22045e-12
1.44329e-11
0
0
1.44329e-11
0
2.22045e-12
1.11022e-12
0
1.22125e-11
0
0
-6.66134e-12
6.66134e-12
7.77156e-12
5.55112e-11
5.77316e-11
6.10634e-08
9.99201e-11
-3.33067e-12
2.22045e-12
1.22125e-11
0
-4.44089e-12
1.55431e-11
-2.22045e-12
1.11022e-12
-2.22045e-12
-1.11022e-12
1.11022e-11
0
-1.11022e-12
2.22045e-12
5.55112e-12
1.11022e-11
4.55191e-11
)
;
    }
}


// ************************************************************************* //
