/*--------------------------------*- C++ -*----------------------------------*\
  =========                 |
  \\      /  F ield         | OpenFOAM: The Open Source CFD Toolbox
   \\    /   O peration     | Website:  https://openfoam.org
    \\  /    A nd           | Version:  8
     \\/     M anipulation  |
\*---------------------------------------------------------------------------*/
FoamFile
{
    version     2.0;
    format      ascii;
    class       volScalarField;
    location    "0.2";
    object      gradTy;
}
// * * * * * * * * * * * * * * * * * * * * * * * * * * * * * * * * * * * * * //

dimensions      [0 -1 0 1 0 0 0];

internalField   nonuniform List<scalar> 
400
(
-5980.86
-5980.86
-5980.86
-5980.86
-5980.86
-5980.86
-5980.86
-5980.86
-5980.86
-5980.86
-5980.86
-5980.86
-5980.86
-5980.86
-5980.86
-5980.86
-5980.86
-5980.86
-5980.86
-5980.86
-19.1059
-19.1059
-19.1059
-19.1059
-19.1059
-19.1059
-19.1059
-19.1059
-19.1059
-19.1059
-19.1059
-19.1059
-19.1059
-19.1059
-19.1059
-19.1059
-19.1059
-19.1059
-19.1059
-19.1059
-0.0313122
-0.0313122
-0.0313122
-0.0313122
-0.0313122
-0.0313122
-0.0313122
-0.0313122
-0.0313122
-0.0313122
-0.0313122
-0.0313122
-0.0313122
-0.0313122
-0.0313122
-0.0313122
-0.0313122
-0.0313122
-0.0313122
-0.0313123
-3.50546e-05
-3.50546e-05
-3.50546e-05
-3.50546e-05
-3.50546e-05
-3.50546e-05
-3.50546e-05
-3.50546e-05
-3.50546e-05
-3.50546e-05
-3.50546e-05
-3.50546e-05
-3.50546e-05
-3.50546e-05
-3.50546e-05
-3.50546e-05
-3.50546e-05
-3.50546e-05
-3.50546e-05
-3.5055e-05
-3.01303e-08
-3.0137e-08
-3.01281e-08
-3.01281e-08
-3.01381e-08
-3.01326e-08
-3.01215e-08
-3.01414e-08
-3.01281e-08
-3.01459e-08
-3.01448e-08
-3.01326e-08
-3.01348e-08
-3.01326e-08
-3.01414e-08
-3.01414e-08
-3.01437e-08
-3.01448e-08
-3.01303e-08
-3.01081e-08
-5.55112e-12
-1.88738e-11
-2.10942e-11
-2.10942e-11
-2.10942e-11
-2.10942e-11
-2.33147e-11
-2.77556e-11
-1.9984e-11
-1.9984e-11
-1.9984e-11
-2.77556e-11
-2.44249e-11
-2.77556e-11
-2.77556e-11
-2.10942e-11
-2.33147e-11
-2.44249e-11
-2.22045e-11
-2.77556e-11
2.77556e-11
4.44089e-12
-1.11022e-12
0
3.33067e-12
3.33067e-12
0
-4.44089e-12
-1.11022e-12
2.22045e-12
-1.11022e-12
2.22045e-12
-3.33067e-12
4.44089e-12
-3.33067e-12
-3.33067e-12
-3.33067e-12
-1.11022e-12
1.11022e-12
-2.22045e-11
0
1.11022e-12
-1.11022e-12
0
-1.11022e-12
4.44089e-12
0
-1.11022e-12
0
-1.11022e-12
1.11022e-12
-3.33067e-12
3.33067e-12
-4.44089e-12
1.11022e-12
3.33067e-12
-5.55112e-12
1.11022e-12
0
2.22045e-11
-2.77556e-11
-5.55112e-12
-3.33067e-12
0
-1.11022e-12
-1.11022e-12
-3.33067e-12
5.55112e-12
0
-3.33067e-12
0
-3.33067e-12
0
-4.44089e-12
2.22045e-12
0
0
0
-2.22045e-12
0
-1.55431e-11
0
0
4.44089e-12
0
-3.33067e-12
0
-4.44089e-12
0
0
-1.11022e-12
0
-3.33067e-12
1.11022e-12
-3.33067e-12
-3.33067e-12
0
-1.11022e-12
1.11022e-12
-1.9984e-11
0
0
0
4.44089e-12
2.22045e-12
-1.11022e-12
3.33067e-12
-1.11022e-12
-3.33067e-12
0
0
1.11022e-12
0
0
-2.22045e-12
0
3.33067e-12
0
1.11022e-12
1.11022e-12
-2.22045e-12
0
2.22045e-12
-4.44089e-12
2.22045e-12
2.22045e-12
2.22045e-12
0
2.22045e-12
2.22045e-12
0
0
0
0
0
0
1.11022e-12
0
0
-2.22045e-12
0
0
0
-3.33067e-12
0
0
0
1.11022e-12
0
0
1.11022e-12
-1.11022e-12
1.11022e-12
1.11022e-12
1.11022e-12
0
-3.33067e-12
1.11022e-12
-3.33067e-12
2.33147e-11
0
-2.22045e-12
0
4.44089e-12
0
0
0
0
0
0
0
0
0
-1.11022e-12
0
0
0
0
0
0
2.55351e-11
2.55351e-11
2.88658e-11
3.21965e-11
2.44249e-11
2.66454e-11
2.44249e-11
1.33227e-11
2.77556e-11
2.77556e-11
1.9984e-11
2.22045e-11
1.66533e-11
2.44249e-11
1.66533e-11
1.77636e-11
2.33147e-11
2.44249e-11
2.44249e-11
-4.44089e-12
3.01392e-08
3.01303e-08
3.01259e-08
3.01348e-08
3.01259e-08
3.01459e-08
3.01259e-08
3.01348e-08
3.01326e-08
3.01426e-08
3.01448e-08
3.01481e-08
3.01448e-08
3.01326e-08
3.01448e-08
3.01392e-08
3.01281e-08
3.01437e-08
3.01292e-08
3.01337e-08
3.5055e-05
3.50546e-05
3.50546e-05
3.50546e-05
3.50546e-05
3.50546e-05
3.50546e-05
3.50546e-05
3.50546e-05
3.50546e-05
3.50546e-05
3.50546e-05
3.50546e-05
3.50546e-05
3.50546e-05
3.50546e-05
3.50546e-05
3.50546e-05
3.50546e-05
3.50546e-05
0.0313123
0.0313122
0.0313122
0.0313122
0.0313122
0.0313122
0.0313122
0.0313122
0.0313122
0.0313122
0.0313122
0.0313122
0.0313122
0.0313122
0.0313122
0.0313122
0.0313122
0.0313122
0.0313122
0.0313122
19.1059
19.1059
19.1059
19.1059
19.1059
19.1059
19.1059
19.1059
19.1059
19.1059
19.1059
19.1059
19.1059
19.1059
19.1059
19.1059
19.1059
19.1059
19.1059
19.1059
5980.86
5980.86
5980.86
5980.86
5980.86
5980.86
5980.86
5980.86
5980.86
5980.86
5980.86
5980.86
5980.86
5980.86
5980.86
5980.86
5980.86
5980.86
5980.86
5980.86
)
;

boundaryField
{
    front
    {
        type            calculated;
        value           nonuniform List<scalar> 
20
(
-11923.6
-11923.6
-11923.6
-11923.6
-11923.6
-11923.6
-11923.6
-11923.6
-11923.6
-11923.6
-11923.6
-11923.6
-11923.6
-11923.6
-11923.6
-11923.6
-11923.6
-11923.6
-11923.6
-11923.6
)
;
    }
    back
    {
        type            calculated;
        value           nonuniform List<scalar> 
20
(
11923.6
11923.6
11923.6
11923.6
11923.6
11923.6
11923.6
11923.6
11923.6
11923.6
11923.6
11923.6
11923.6
11923.6
11923.6
11923.6
11923.6
11923.6
11923.6
11923.6
)
;
    }
    left
    {
        type            calculated;
        value           nonuniform List<scalar> 
20
(
-5980.86
-19.1059
-0.0313122
-3.50546e-05
-3.01303e-08
-5.55112e-12
2.77556e-11
0
-2.77556e-11
-1.55431e-11
0
-2.22045e-12
0
0
2.55351e-11
3.01392e-08
3.5055e-05
0.0313123
19.1059
5980.86
)
;
    }
    right
    {
        type            calculated;
        value           nonuniform List<scalar> 
20
(
-5980.86
-19.1059
-0.0313123
-3.5055e-05
-3.01081e-08
-2.77556e-11
-2.22045e-11
2.22045e-11
0
-1.9984e-11
1.11022e-12
-2.22045e-12
2.33147e-11
0
-4.44089e-12
3.01337e-08
3.50546e-05
0.0313122
19.1059
5980.86
)
;
    }
    top
    {
        type            calculated;
        value           nonuniform List<scalar> 
400
(
-5980.86
-19.1059
-0.0313122
-3.50546e-05
-3.01303e-08
-5.55112e-12
2.77556e-11
0
-2.77556e-11
-1.55431e-11
0
-2.22045e-12
0
0
2.55351e-11
3.01392e-08
3.5055e-05
0.0313123
19.1059
5980.86
-5980.86
-19.1059
-0.0313122
-3.50546e-05
-3.0137e-08
-1.88738e-11
4.44089e-12
1.11022e-12
-5.55112e-12
0
0
0
0
-2.22045e-12
2.55351e-11
3.01303e-08
3.50546e-05
0.0313122
19.1059
5980.86
-5980.86
-19.1059
-0.0313122
-3.50546e-05
-3.01281e-08
-2.10942e-11
-1.11022e-12
-1.11022e-12
-3.33067e-12
0
0
2.22045e-12
0
0
2.88658e-11
3.01259e-08
3.50546e-05
0.0313122
19.1059
5980.86
-5980.86
-19.1059
-0.0313122
-3.50546e-05
-3.01281e-08
-2.10942e-11
0
0
0
4.44089e-12
4.44089e-12
-4.44089e-12
-3.33067e-12
4.44089e-12
3.21965e-11
3.01348e-08
3.50546e-05
0.0313122
19.1059
5980.86
-5980.86
-19.1059
-0.0313122
-3.50546e-05
-3.01381e-08
-2.10942e-11
3.33067e-12
-1.11022e-12
-1.11022e-12
0
2.22045e-12
2.22045e-12
0
0
2.44249e-11
3.01259e-08
3.50546e-05
0.0313122
19.1059
5980.86
-5980.86
-19.1059
-0.0313122
-3.50546e-05
-3.01326e-08
-2.10942e-11
3.33067e-12
4.44089e-12
-1.11022e-12
-3.33067e-12
-1.11022e-12
2.22045e-12
0
0
2.66454e-11
3.01459e-08
3.50546e-05
0.0313122
19.1059
5980.86
-5980.86
-19.1059
-0.0313122
-3.50546e-05
-3.01215e-08
-2.33147e-11
0
0
-3.33067e-12
0
3.33067e-12
2.22045e-12
0
0
2.44249e-11
3.01259e-08
3.50546e-05
0.0313122
19.1059
5980.86
-5980.86
-19.1059
-0.0313122
-3.50546e-05
-3.01414e-08
-2.77556e-11
-4.44089e-12
-1.11022e-12
5.55112e-12
-4.44089e-12
-1.11022e-12
0
1.11022e-12
0
1.33227e-11
3.01348e-08
3.50546e-05
0.0313122
19.1059
5980.86
-5980.86
-19.1059
-0.0313122
-3.50546e-05
-3.01281e-08
-1.9984e-11
-1.11022e-12
0
0
0
-3.33067e-12
2.22045e-12
0
0
2.77556e-11
3.01326e-08
3.50546e-05
0.0313122
19.1059
5980.86
-5980.86
-19.1059
-0.0313122
-3.50546e-05
-3.01459e-08
-1.9984e-11
2.22045e-12
-1.11022e-12
-3.33067e-12
0
0
2.22045e-12
0
0
2.77556e-11
3.01426e-08
3.50546e-05
0.0313122
19.1059
5980.86
-5980.86
-19.1059
-0.0313122
-3.50546e-05
-3.01448e-08
-1.9984e-11
-1.11022e-12
1.11022e-12
0
-1.11022e-12
0
0
1.11022e-12
0
1.9984e-11
3.01448e-08
3.50546e-05
0.0313122
19.1059
5980.86
-5980.86
-19.1059
-0.0313122
-3.50546e-05
-3.01326e-08
-2.77556e-11
2.22045e-12
-3.33067e-12
-3.33067e-12
0
1.11022e-12
0
-1.11022e-12
0
2.22045e-11
3.01481e-08
3.50546e-05
0.0313122
19.1059
5980.86
-5980.86
-19.1059
-0.0313122
-3.50546e-05
-3.01348e-08
-2.44249e-11
-3.33067e-12
3.33067e-12
0
-3.33067e-12
0
0
1.11022e-12
0
1.66533e-11
3.01448e-08
3.50546e-05
0.0313122
19.1059
5980.86
-5980.86
-19.1059
-0.0313122
-3.50546e-05
-3.01326e-08
-2.77556e-11
4.44089e-12
-4.44089e-12
-4.44089e-12
1.11022e-12
0
0
1.11022e-12
-1.11022e-12
2.44249e-11
3.01326e-08
3.50546e-05
0.0313122
19.1059
5980.86
-5980.86
-19.1059
-0.0313122
-3.50546e-05
-3.01414e-08
-2.77556e-11
-3.33067e-12
1.11022e-12
2.22045e-12
-3.33067e-12
-2.22045e-12
0
1.11022e-12
0
1.66533e-11
3.01448e-08
3.50546e-05
0.0313122
19.1059
5980.86
-5980.86
-19.1059
-0.0313122
-3.50546e-05
-3.01414e-08
-2.10942e-11
-3.33067e-12
3.33067e-12
0
-3.33067e-12
0
0
0
0
1.77636e-11
3.01392e-08
3.50546e-05
0.0313122
19.1059
5980.86
-5980.86
-19.1059
-0.0313122
-3.50546e-05
-3.01437e-08
-2.33147e-11
-3.33067e-12
-5.55112e-12
0
0
3.33067e-12
1.11022e-12
-3.33067e-12
0
2.33147e-11
3.01281e-08
3.50546e-05
0.0313122
19.1059
5980.86
-5980.86
-19.1059
-0.0313122
-3.50546e-05
-3.01448e-08
-2.44249e-11
-1.11022e-12
1.11022e-12
0
-1.11022e-12
0
0
1.11022e-12
0
2.44249e-11
3.01437e-08
3.50546e-05
0.0313122
19.1059
5980.86
-5980.86
-19.1059
-0.0313122
-3.50546e-05
-3.01303e-08
-2.22045e-11
1.11022e-12
0
-2.22045e-12
1.11022e-12
1.11022e-12
0
-3.33067e-12
0
2.44249e-11
3.01292e-08
3.50546e-05
0.0313122
19.1059
5980.86
-5980.86
-19.1059
-0.0313123
-3.5055e-05
-3.01081e-08
-2.77556e-11
-2.22045e-11
2.22045e-11
0
-1.9984e-11
1.11022e-12
-2.22045e-12
2.33147e-11
0
-4.44089e-12
3.01337e-08
3.50546e-05
0.0313122
19.1059
5980.86
)
;
    }
    bottom
    {
        type            calculated;
        value           nonuniform List<scalar> 
400
(
-5980.86
-19.1059
-0.0313122
-3.50546e-05
-3.01303e-08
-5.55112e-12
2.77556e-11
0
-2.77556e-11
-1.55431e-11
0
-2.22045e-12
0
0
2.55351e-11
3.01392e-08
3.5055e-05
0.0313123
19.1059
5980.86
-5980.86
-19.1059
-0.0313122
-3.50546e-05
-3.0137e-08
-1.88738e-11
4.44089e-12
1.11022e-12
-5.55112e-12
0
0
0
0
-2.22045e-12
2.55351e-11
3.01303e-08
3.50546e-05
0.0313122
19.1059
5980.86
-5980.86
-19.1059
-0.0313122
-3.50546e-05
-3.01281e-08
-2.10942e-11
-1.11022e-12
-1.11022e-12
-3.33067e-12
0
0
2.22045e-12
0
0
2.88658e-11
3.01259e-08
3.50546e-05
0.0313122
19.1059
5980.86
-5980.86
-19.1059
-0.0313122
-3.50546e-05
-3.01281e-08
-2.10942e-11
0
0
0
4.44089e-12
4.44089e-12
-4.44089e-12
-3.33067e-12
4.44089e-12
3.21965e-11
3.01348e-08
3.50546e-05
0.0313122
19.1059
5980.86
-5980.86
-19.1059
-0.0313122
-3.50546e-05
-3.01381e-08
-2.10942e-11
3.33067e-12
-1.11022e-12
-1.11022e-12
0
2.22045e-12
2.22045e-12
0
0
2.44249e-11
3.01259e-08
3.50546e-05
0.0313122
19.1059
5980.86
-5980.86
-19.1059
-0.0313122
-3.50546e-05
-3.01326e-08
-2.10942e-11
3.33067e-12
4.44089e-12
-1.11022e-12
-3.33067e-12
-1.11022e-12
2.22045e-12
0
0
2.66454e-11
3.01459e-08
3.50546e-05
0.0313122
19.1059
5980.86
-5980.86
-19.1059
-0.0313122
-3.50546e-05
-3.01215e-08
-2.33147e-11
0
0
-3.33067e-12
0
3.33067e-12
2.22045e-12
0
0
2.44249e-11
3.01259e-08
3.50546e-05
0.0313122
19.1059
5980.86
-5980.86
-19.1059
-0.0313122
-3.50546e-05
-3.01414e-08
-2.77556e-11
-4.44089e-12
-1.11022e-12
5.55112e-12
-4.44089e-12
-1.11022e-12
0
1.11022e-12
0
1.33227e-11
3.01348e-08
3.50546e-05
0.0313122
19.1059
5980.86
-5980.86
-19.1059
-0.0313122
-3.50546e-05
-3.01281e-08
-1.9984e-11
-1.11022e-12
0
0
0
-3.33067e-12
2.22045e-12
0
0
2.77556e-11
3.01326e-08
3.50546e-05
0.0313122
19.1059
5980.86
-5980.86
-19.1059
-0.0313122
-3.50546e-05
-3.01459e-08
-1.9984e-11
2.22045e-12
-1.11022e-12
-3.33067e-12
0
0
2.22045e-12
0
0
2.77556e-11
3.01426e-08
3.50546e-05
0.0313122
19.1059
5980.86
-5980.86
-19.1059
-0.0313122
-3.50546e-05
-3.01448e-08
-1.9984e-11
-1.11022e-12
1.11022e-12
0
-1.11022e-12
0
0
1.11022e-12
0
1.9984e-11
3.01448e-08
3.50546e-05
0.0313122
19.1059
5980.86
-5980.86
-19.1059
-0.0313122
-3.50546e-05
-3.01326e-08
-2.77556e-11
2.22045e-12
-3.33067e-12
-3.33067e-12
0
1.11022e-12
0
-1.11022e-12
0
2.22045e-11
3.01481e-08
3.50546e-05
0.0313122
19.1059
5980.86
-5980.86
-19.1059
-0.0313122
-3.50546e-05
-3.01348e-08
-2.44249e-11
-3.33067e-12
3.33067e-12
0
-3.33067e-12
0
0
1.11022e-12
0
1.66533e-11
3.01448e-08
3.50546e-05
0.0313122
19.1059
5980.86
-5980.86
-19.1059
-0.0313122
-3.50546e-05
-3.01326e-08
-2.77556e-11
4.44089e-12
-4.44089e-12
-4.44089e-12
1.11022e-12
0
0
1.11022e-12
-1.11022e-12
2.44249e-11
3.01326e-08
3.50546e-05
0.0313122
19.1059
5980.86
-5980.86
-19.1059
-0.0313122
-3.50546e-05
-3.01414e-08
-2.77556e-11
-3.33067e-12
1.11022e-12
2.22045e-12
-3.33067e-12
-2.22045e-12
0
1.11022e-12
0
1.66533e-11
3.01448e-08
3.50546e-05
0.0313122
19.1059
5980.86
-5980.86
-19.1059
-0.0313122
-3.50546e-05
-3.01414e-08
-2.10942e-11
-3.33067e-12
3.33067e-12
0
-3.33067e-12
0
0
0
0
1.77636e-11
3.01392e-08
3.50546e-05
0.0313122
19.1059
5980.86
-5980.86
-19.1059
-0.0313122
-3.50546e-05
-3.01437e-08
-2.33147e-11
-3.33067e-12
-5.55112e-12
0
0
3.33067e-12
1.11022e-12
-3.33067e-12
0
2.33147e-11
3.01281e-08
3.50546e-05
0.0313122
19.1059
5980.86
-5980.86
-19.1059
-0.0313122
-3.50546e-05
-3.01448e-08
-2.44249e-11
-1.11022e-12
1.11022e-12
0
-1.11022e-12
0
0
1.11022e-12
0
2.44249e-11
3.01437e-08
3.50546e-05
0.0313122
19.1059
5980.86
-5980.86
-19.1059
-0.0313122
-3.50546e-05
-3.01303e-08
-2.22045e-11
1.11022e-12
0
-2.22045e-12
1.11022e-12
1.11022e-12
0
-3.33067e-12
0
2.44249e-11
3.01292e-08
3.50546e-05
0.0313122
19.1059
5980.86
-5980.86
-19.1059
-0.0313123
-3.5055e-05
-3.01081e-08
-2.77556e-11
-2.22045e-11
2.22045e-11
0
-1.9984e-11
1.11022e-12
-2.22045e-12
2.33147e-11
0
-4.44089e-12
3.01337e-08
3.50546e-05
0.0313122
19.1059
5980.86
)
;
    }
}


// ************************************************************************* //
