/*--------------------------------*- C++ -*----------------------------------*\
  =========                 |
  \\      /  F ield         | OpenFOAM: The Open Source CFD Toolbox
   \\    /   O peration     | Website:  https://openfoam.org
    \\  /    A nd           | Version:  8
     \\/     M anipulation  |
\*---------------------------------------------------------------------------*/
FoamFile
{
    version     2.0;
    format      ascii;
    class       volScalarField;
    location    "0.2";
    object      gradTx;
}
// * * * * * * * * * * * * * * * * * * * * * * * * * * * * * * * * * * * * * //

dimensions      [0 -1 0 1 0 0 0];

internalField   nonuniform List<scalar> 
400
(
-1.9984e-10
-2.0095e-10
-1.77636e-11
-9.99201e-12
6.66134e-12
7.77156e-12
1.11022e-11
0
-6.66134e-12
-5.55112e-12
-1.22125e-11
4.44089e-12
0
-6.66134e-12
7.77156e-12
-1.11022e-12
0
-2.22045e-12
1.9984e-10
2.08722e-10
9.99201e-12
7.77156e-12
-1.33227e-11
0
7.77156e-12
1.11022e-12
0
-6.66134e-12
6.66134e-12
4.44089e-12
-1.33227e-11
2.22045e-12
1.11022e-11
-6.66134e-12
-5.55112e-12
-5.55112e-12
4.44089e-12
2.0095e-10
1.21635e-07
1.21446e-07
-5.55112e-12
-2.22045e-12
0
-6.66134e-12
1.11022e-11
7.77156e-12
-2.22045e-12
0
-4.44089e-12
5.55112e-12
-9.99201e-12
1.11022e-12
0
-1.22125e-11
1.33227e-11
4.44089e-12
-2.22045e-12
1.22125e-11
3.9746e-10
3.94129e-10
6.66134e-12
2.22045e-12
-8.88178e-12
6.66134e-12
4.44089e-12
-1.33227e-11
1.22125e-11
6.66134e-12
0
1.33227e-11
-1.22125e-11
-7.77156e-12
0
7.77156e-12
1.22125e-11
1.11022e-12
0
-1.33227e-11
-1.33227e-11
-3.33067e-12
-1.11022e-12
0
0
-1.11022e-12
0
1.11022e-12
1.11022e-11
-1.11022e-12
-9.99201e-12
0
5.55112e-12
4.44089e-12
0
4.44089e-12
-8.88178e-12
0
3.33067e-12
-7.77156e-12
2.22045e-12
5.55112e-12
0
3.33067e-12
0
-3.33067e-12
0
3.33067e-12
3.33067e-12
0
-3.33067e-12
-3.33067e-12
1.11022e-12
2.22045e-12
0
0
2.22045e-12
0
-2.22045e-12
0
2.10942e-11
1.9984e-11
-1.33227e-11
-1.55431e-11
-2.22045e-12
-2.22045e-12
1.11022e-12
-1.11022e-12
5.55112e-12
0
-2.22045e-12
-1.11022e-12
1.11022e-12
0
0
2.22045e-12
-3.33067e-12
2.22045e-12
0
-4.44089e-12
0
0
-2.22045e-11
-2.55351e-11
-4.44089e-12
0
3.33067e-12
0
-3.33067e-12
0
3.33067e-12
-3.33067e-12
0
0
1.11022e-12
0
-4.44089e-12
0
1.11022e-12
3.33067e-12
0
-4.44089e-12
-1.44329e-11
-1.66533e-11
-2.22045e-12
-1.11022e-12
4.44089e-12
1.11022e-12
-1.11022e-12
0
-2.22045e-12
0
-1.11022e-12
2.22045e-12
0
0
3.33067e-12
-3.33067e-12
-2.22045e-12
0
2.10942e-11
2.33147e-11
1.11022e-12
0
0
1.11022e-12
2.22045e-12
-1.11022e-12
2.22045e-12
3.33067e-12
-4.44089e-12
-3.33067e-12
0
0
0
2.22045e-12
0
-2.22045e-12
0
2.22045e-12
0
-2.22045e-12
0
-1.11022e-12
2.22045e-12
0
-3.33067e-12
0
-1.11022e-12
0
1.11022e-12
-1.11022e-12
-1.11022e-12
0
1.11022e-12
0
-1.11022e-12
0
0
1.11022e-12
2.22045e-12
1.11022e-12
0
0
4.44089e-12
4.44089e-12
-4.44089e-12
0
2.22045e-12
-3.33067e-12
-3.33067e-12
0
1.11022e-12
0
-1.11022e-12
0
0
3.33067e-12
0
0
1.11022e-12
-2.22045e-12
2.22045e-12
3.33067e-12
-2.22045e-12
0
3.33067e-12
0
-3.33067e-12
0
3.33067e-12
-3.33067e-12
-3.33067e-12
0
1.11022e-12
0
-1.11022e-12
1.11022e-12
0
0
0
-1.11022e-12
0
0
1.11022e-12
3.33067e-12
0
0
4.44089e-12
-4.44089e-12
-4.44089e-12
1.11022e-12
0
0
1.11022e-12
0
-1.11022e-12
0
1.11022e-12
-1.11022e-12
2.44249e-11
2.22045e-11
0
3.33067e-12
4.44089e-12
0
-1.11022e-12
0
-3.33067e-12
0
3.33067e-12
-3.33067e-12
-3.33067e-12
0
0
0
0
0
0
0
0
0
0
2.22045e-12
5.55112e-12
1.11022e-12
-4.44089e-12
0
-9.99201e-12
0
9.99201e-12
-7.77156e-12
-6.66134e-12
-2.22045e-12
3.33067e-12
0
-6.66134e-12
4.44089e-12
5.55112e-12
2.22045e-12
-4.44089e-12
-5.55112e-12
-7.77156e-12
-8.88178e-12
1.11022e-11
0
7.77156e-12
0
-1.66533e-11
8.88178e-12
1.11022e-11
7.77156e-12
3.33067e-12
0
-1.55431e-11
0
5.55112e-12
-1.44329e-11
5.55112e-12
0
-9.99201e-12
3.33067e-12
-4.05231e-10
-4.03011e-10
4.44089e-12
0
-3.33067e-12
0
4.44089e-12
-1.11022e-12
-3.33067e-12
-1.44329e-11
-7.77156e-12
1.9984e-11
1.11022e-12
0
-9.99201e-12
-5.55112e-12
1.33227e-11
-2.22045e-12
9.99201e-12
1.22125e-11
-1.21455e-07
-1.2164e-07
-1.83187e-10
-5.55112e-12
-4.44089e-12
0
1.44329e-11
1.66533e-11
-2.22045e-12
-3.33067e-12
2.22045e-12
0
-1.55431e-11
0
6.66134e-12
-1.22125e-11
2.22045e-12
0
1.11022e-11
2.22045e-11
-2.03171e-10
-1.90958e-10
-7.77156e-12
0
8.88178e-12
-1.11022e-12
-6.66134e-12
-1.11022e-11
1.77636e-11
-5.55112e-12
-5.55112e-12
-1.11022e-12
6.66134e-12
0
-1.77636e-11
2.22045e-12
1.11022e-12
1.55431e-11
2.04281e-10
1.85407e-10
)
;

boundaryField
{
    front
    {
        type            calculated;
        value           nonuniform List<scalar> 
20
(
-1.9984e-10
-2.0095e-10
-1.77636e-11
-9.99201e-12
6.66134e-12
7.77156e-12
1.11022e-11
0
-6.66134e-12
-5.55112e-12
-1.22125e-11
4.44089e-12
0
-6.66134e-12
7.77156e-12
-1.11022e-12
0
-2.22045e-12
1.9984e-10
2.08722e-10
)
;
    }
    back
    {
        type            calculated;
        value           nonuniform List<scalar> 
20
(
-2.03171e-10
-1.90958e-10
-7.77156e-12
0
8.88178e-12
-1.11022e-12
-6.66134e-12
-1.11022e-11
1.77636e-11
-5.55112e-12
-5.55112e-12
-1.11022e-12
6.66134e-12
0
-1.77636e-11
2.22045e-12
1.11022e-12
1.55431e-11
2.04281e-10
1.85407e-10
)
;
    }
    left
    {
        type            calculated;
        value           uniform 0;
    }
    right
    {
        type            calculated;
        value           uniform 0;
    }
    top
    {
        type            calculated;
        value           nonuniform List<scalar> 
400
(
-1.9984e-10
9.99201e-12
-5.55112e-12
6.66134e-12
-1.11022e-12
0
-1.33227e-11
-2.22045e-11
-1.44329e-11
1.11022e-12
0
0
2.22045e-12
0
0
0
-7.77156e-12
-4.05231e-10
-1.21455e-07
-2.03171e-10
-2.0095e-10
7.77156e-12
-2.22045e-12
2.22045e-12
0
3.33067e-12
-1.55431e-11
-2.55351e-11
-1.66533e-11
0
-1.11022e-12
0
3.33067e-12
0
3.33067e-12
2.22045e-12
-8.88178e-12
-4.03011e-10
-1.2164e-07
-1.90958e-10
-1.77636e-11
-1.33227e-11
0
-8.88178e-12
0
0
-2.22045e-12
-4.44089e-12
-2.22045e-12
0
2.22045e-12
4.44089e-12
-2.22045e-12
1.11022e-12
4.44089e-12
5.55112e-12
1.11022e-11
4.44089e-12
-1.83187e-10
-7.77156e-12
-9.99201e-12
0
-6.66134e-12
6.66134e-12
-1.11022e-12
-3.33067e-12
-2.22045e-12
0
-1.11022e-12
1.11022e-12
0
4.44089e-12
0
3.33067e-12
0
1.11022e-12
0
0
-5.55112e-12
0
6.66134e-12
7.77156e-12
1.11022e-11
4.44089e-12
0
0
1.11022e-12
3.33067e-12
4.44089e-12
2.22045e-12
-3.33067e-12
-4.44089e-12
3.33067e-12
0
-1.11022e-12
-4.44089e-12
7.77156e-12
-3.33067e-12
-4.44089e-12
8.88178e-12
7.77156e-12
1.11022e-12
7.77156e-12
-1.33227e-11
1.11022e-12
3.33067e-12
-1.11022e-12
0
1.11022e-12
-1.11022e-12
0
0
0
0
0
0
0
0
0
-1.11022e-12
1.11022e-11
0
-2.22045e-12
1.22125e-11
1.11022e-11
3.33067e-12
5.55112e-12
-3.33067e-12
-1.11022e-12
2.22045e-12
-1.11022e-12
2.22045e-12
-3.33067e-12
4.44089e-12
-3.33067e-12
-9.99201e-12
-1.66533e-11
4.44089e-12
1.44329e-11
-6.66134e-12
0
-6.66134e-12
0
6.66134e-12
-1.11022e-12
0
0
0
0
3.33067e-12
0
-3.33067e-12
0
-4.44089e-12
0
0
8.88178e-12
-1.11022e-12
1.66533e-11
-1.11022e-11
-6.66134e-12
6.66134e-12
-4.44089e-12
0
-9.99201e-12
-3.33067e-12
-2.22045e-12
3.33067e-12
-2.22045e-12
-4.44089e-12
1.11022e-12
-3.33067e-12
3.33067e-12
-4.44089e-12
3.33067e-12
9.99201e-12
1.11022e-11
-3.33067e-12
-2.22045e-12
1.77636e-11
-5.55112e-12
4.44089e-12
5.55112e-12
1.33227e-11
0
-3.33067e-12
-1.11022e-12
-3.33067e-12
0
-3.33067e-12
-1.11022e-12
0
-3.33067e-12
1.11022e-12
-3.33067e-12
-7.77156e-12
7.77156e-12
-1.44329e-11
-3.33067e-12
-5.55112e-12
-1.22125e-11
-1.33227e-11
-9.99201e-12
-1.22125e-11
5.55112e-12
1.11022e-12
1.11022e-12
0
-1.11022e-12
0
-1.11022e-12
1.11022e-12
-3.33067e-12
0
-3.33067e-12
-6.66134e-12
3.33067e-12
-7.77156e-12
2.22045e-12
-5.55112e-12
4.44089e-12
2.22045e-12
1.11022e-12
-7.77156e-12
4.44089e-12
2.22045e-12
0
0
2.22045e-12
0
0
0
0
0
0
-2.22045e-12
0
1.9984e-11
0
-1.11022e-12
0
1.11022e-11
0
0
0
0
0
1.11022e-12
0
0
1.11022e-12
-1.11022e-12
1.11022e-12
1.11022e-12
0
3.33067e-12
-1.55431e-11
1.11022e-12
-1.55431e-11
6.66134e-12
-6.66134e-12
-6.66134e-12
-1.22125e-11
7.77156e-12
4.44089e-12
0
2.22045e-12
0
0
2.22045e-12
0
0
0
0
0
0
0
0
0
0
7.77156e-12
-5.55112e-12
1.33227e-11
1.22125e-11
-8.88178e-12
2.22045e-12
-3.33067e-12
-4.44089e-12
3.33067e-12
0
-1.11022e-12
0
-1.11022e-12
-1.11022e-12
0
-6.66134e-12
5.55112e-12
-9.99201e-12
6.66134e-12
-1.77636e-11
-1.11022e-12
-5.55112e-12
4.44089e-12
1.11022e-12
0
0
2.22045e-12
0
-3.33067e-12
-2.22045e-12
0
3.33067e-12
1.11022e-12
0
0
4.44089e-12
-1.44329e-11
-5.55112e-12
-1.22125e-11
2.22045e-12
0
4.44089e-12
-2.22045e-12
0
3.33067e-12
-2.22045e-12
0
1.11022e-12
-2.22045e-12
0
0
0
0
1.11022e-12
0
5.55112e-12
5.55112e-12
1.33227e-11
2.22045e-12
1.11022e-12
-2.22045e-12
2.0095e-10
1.22125e-11
-1.33227e-11
-7.77156e-12
0
-4.44089e-12
3.33067e-12
0
2.22045e-12
1.11022e-12
0
0
-1.11022e-12
0
2.22045e-12
0
-2.22045e-12
0
1.55431e-11
1.9984e-10
1.21635e-07
3.9746e-10
-1.33227e-11
2.22045e-12
2.10942e-11
0
0
2.10942e-11
0
2.22045e-12
1.11022e-12
0
2.44249e-11
0
-4.44089e-12
-9.99201e-12
9.99201e-12
1.11022e-11
2.04281e-10
2.08722e-10
1.21446e-07
3.94129e-10
-3.33067e-12
5.55112e-12
1.9984e-11
0
-4.44089e-12
2.33147e-11
-2.22045e-12
1.11022e-12
-2.22045e-12
-1.11022e-12
2.22045e-11
0
-5.55112e-12
3.33067e-12
1.22125e-11
2.22045e-11
1.85407e-10
)
;
    }
    bottom
    {
        type            calculated;
        value           nonuniform List<scalar> 
400
(
-1.9984e-10
9.99201e-12
-5.55112e-12
6.66134e-12
-1.11022e-12
0
-1.33227e-11
-2.22045e-11
-1.44329e-11
1.11022e-12
0
0
2.22045e-12
0
0
0
-7.77156e-12
-4.05231e-10
-1.21455e-07
-2.03171e-10
-2.0095e-10
7.77156e-12
-2.22045e-12
2.22045e-12
0
3.33067e-12
-1.55431e-11
-2.55351e-11
-1.66533e-11
0
-1.11022e-12
0
3.33067e-12
0
3.33067e-12
2.22045e-12
-8.88178e-12
-4.03011e-10
-1.2164e-07
-1.90958e-10
-1.77636e-11
-1.33227e-11
0
-8.88178e-12
0
0
-2.22045e-12
-4.44089e-12
-2.22045e-12
0
2.22045e-12
4.44089e-12
-2.22045e-12
1.11022e-12
4.44089e-12
5.55112e-12
1.11022e-11
4.44089e-12
-1.83187e-10
-7.77156e-12
-9.99201e-12
0
-6.66134e-12
6.66134e-12
-1.11022e-12
-3.33067e-12
-2.22045e-12
0
-1.11022e-12
1.11022e-12
0
4.44089e-12
0
3.33067e-12
0
1.11022e-12
0
0
-5.55112e-12
0
6.66134e-12
7.77156e-12
1.11022e-11
4.44089e-12
0
0
1.11022e-12
3.33067e-12
4.44089e-12
2.22045e-12
-3.33067e-12
-4.44089e-12
3.33067e-12
0
-1.11022e-12
-4.44089e-12
7.77156e-12
-3.33067e-12
-4.44089e-12
8.88178e-12
7.77156e-12
1.11022e-12
7.77156e-12
-1.33227e-11
1.11022e-12
3.33067e-12
-1.11022e-12
0
1.11022e-12
-1.11022e-12
0
0
0
0
0
0
0
0
0
-1.11022e-12
1.11022e-11
0
-2.22045e-12
1.22125e-11
1.11022e-11
3.33067e-12
5.55112e-12
-3.33067e-12
-1.11022e-12
2.22045e-12
-1.11022e-12
2.22045e-12
-3.33067e-12
4.44089e-12
-3.33067e-12
-9.99201e-12
-1.66533e-11
4.44089e-12
1.44329e-11
-6.66134e-12
0
-6.66134e-12
0
6.66134e-12
-1.11022e-12
0
0
0
0
3.33067e-12
0
-3.33067e-12
0
-4.44089e-12
0
0
8.88178e-12
-1.11022e-12
1.66533e-11
-1.11022e-11
-6.66134e-12
6.66134e-12
-4.44089e-12
0
-9.99201e-12
-3.33067e-12
-2.22045e-12
3.33067e-12
-2.22045e-12
-4.44089e-12
1.11022e-12
-3.33067e-12
3.33067e-12
-4.44089e-12
3.33067e-12
9.99201e-12
1.11022e-11
-3.33067e-12
-2.22045e-12
1.77636e-11
-5.55112e-12
4.44089e-12
5.55112e-12
1.33227e-11
0
-3.33067e-12
-1.11022e-12
-3.33067e-12
0
-3.33067e-12
-1.11022e-12
0
-3.33067e-12
1.11022e-12
-3.33067e-12
-7.77156e-12
7.77156e-12
-1.44329e-11
-3.33067e-12
-5.55112e-12
-1.22125e-11
-1.33227e-11
-9.99201e-12
-1.22125e-11
5.55112e-12
1.11022e-12
1.11022e-12
0
-1.11022e-12
0
-1.11022e-12
1.11022e-12
-3.33067e-12
0
-3.33067e-12
-6.66134e-12
3.33067e-12
-7.77156e-12
2.22045e-12
-5.55112e-12
4.44089e-12
2.22045e-12
1.11022e-12
-7.77156e-12
4.44089e-12
2.22045e-12
0
0
2.22045e-12
0
0
0
0
0
0
-2.22045e-12
0
1.9984e-11
0
-1.11022e-12
0
1.11022e-11
0
0
0
0
0
1.11022e-12
0
0
1.11022e-12
-1.11022e-12
1.11022e-12
1.11022e-12
0
3.33067e-12
-1.55431e-11
1.11022e-12
-1.55431e-11
6.66134e-12
-6.66134e-12
-6.66134e-12
-1.22125e-11
7.77156e-12
4.44089e-12
0
2.22045e-12
0
0
2.22045e-12
0
0
0
0
0
0
0
0
0
0
7.77156e-12
-5.55112e-12
1.33227e-11
1.22125e-11
-8.88178e-12
2.22045e-12
-3.33067e-12
-4.44089e-12
3.33067e-12
0
-1.11022e-12
0
-1.11022e-12
-1.11022e-12
0
-6.66134e-12
5.55112e-12
-9.99201e-12
6.66134e-12
-1.77636e-11
-1.11022e-12
-5.55112e-12
4.44089e-12
1.11022e-12
0
0
2.22045e-12
0
-3.33067e-12
-2.22045e-12
0
3.33067e-12
1.11022e-12
0
0
4.44089e-12
-1.44329e-11
-5.55112e-12
-1.22125e-11
2.22045e-12
0
4.44089e-12
-2.22045e-12
0
3.33067e-12
-2.22045e-12
0
1.11022e-12
-2.22045e-12
0
0
0
0
1.11022e-12
0
5.55112e-12
5.55112e-12
1.33227e-11
2.22045e-12
1.11022e-12
-2.22045e-12
2.0095e-10
1.22125e-11
-1.33227e-11
-7.77156e-12
0
-4.44089e-12
3.33067e-12
0
2.22045e-12
1.11022e-12
0
0
-1.11022e-12
0
2.22045e-12
0
-2.22045e-12
0
1.55431e-11
1.9984e-10
1.21635e-07
3.9746e-10
-1.33227e-11
2.22045e-12
2.10942e-11
0
0
2.10942e-11
0
2.22045e-12
1.11022e-12
0
2.44249e-11
0
-4.44089e-12
-9.99201e-12
9.99201e-12
1.11022e-11
2.04281e-10
2.08722e-10
1.21446e-07
3.94129e-10
-3.33067e-12
5.55112e-12
1.9984e-11
0
-4.44089e-12
2.33147e-11
-2.22045e-12
1.11022e-12
-2.22045e-12
-1.11022e-12
2.22045e-11
0
-5.55112e-12
3.33067e-12
1.22125e-11
2.22045e-11
1.85407e-10
)
;
    }
}


// ************************************************************************* //
