/*--------------------------------*- C++ -*----------------------------------*\
  =========                 |
  \\      /  F ield         | OpenFOAM: The Open Source CFD Toolbox
   \\    /   O peration     | Website:  https://openfoam.org
    \\  /    A nd           | Version:  8
     \\/     M anipulation  |
\*---------------------------------------------------------------------------*/
FoamFile
{
    version     2.0;
    format      ascii;
    class       volScalarField;
    location    "1";
    object      gradTy;
}
// * * * * * * * * * * * * * * * * * * * * * * * * * * * * * * * * * * * * * //

dimensions      [0 -1 0 1 0 0 0];

internalField   nonuniform List<scalar> 
400
(
-5905.52
-5905.52
-5905.52
-5905.52
-5905.52
-5905.52
-5905.52
-5905.52
-5905.52
-5905.52
-5905.52
-5905.52
-5905.52
-5905.52
-5905.52
-5905.52
-5905.52
-5905.52
-5905.52
-5905.52
-93.7214
-93.7214
-93.7214
-93.7214
-93.7214
-93.7214
-93.7214
-93.7214
-93.7214
-93.7214
-93.7214
-93.7214
-93.7214
-93.7214
-93.7214
-93.7214
-93.7214
-93.7214
-93.7214
-93.7214
-0.751385
-0.751385
-0.751385
-0.751385
-0.751385
-0.751385
-0.751385
-0.751385
-0.751385
-0.751385
-0.751385
-0.751385
-0.751385
-0.751385
-0.751385
-0.751385
-0.751385
-0.751385
-0.751385
-0.751385
-0.00404138
-0.00404138
-0.00404138
-0.00404138
-0.00404138
-0.00404138
-0.00404138
-0.00404138
-0.00404138
-0.00404138
-0.00404138
-0.00404138
-0.00404138
-0.00404138
-0.00404138
-0.00404138
-0.00404138
-0.00404138
-0.00404138
-0.00404139
-1.63921e-05
-1.63921e-05
-1.63921e-05
-1.63921e-05
-1.63921e-05
-1.63921e-05
-1.6392e-05
-1.63921e-05
-1.63921e-05
-1.63921e-05
-1.63921e-05
-1.63921e-05
-1.63921e-05
-1.63921e-05
-1.63921e-05
-1.63921e-05
-1.63921e-05
-1.63921e-05
-1.63921e-05
-1.63921e-05
-5.34628e-08
-5.34606e-08
-5.34683e-08
-5.34595e-08
-5.34384e-08
-5.34595e-08
-5.34817e-08
-5.35083e-08
-5.34539e-08
-5.34683e-08
-5.3455e-08
-5.3505e-08
-5.34917e-08
-5.3505e-08
-5.34983e-08
-5.34539e-08
-5.34983e-08
-5.34883e-08
-5.34595e-08
-5.34928e-08
-1.18794e-10
-1.46549e-10
-1.69864e-10
-1.52101e-10
-1.55431e-10
-1.46549e-10
-1.69864e-10
-1.70974e-10
-1.69864e-10
-1.42109e-10
-1.64313e-10
-1.57652e-10
-1.69864e-10
-1.55431e-10
-1.69864e-10
-1.69864e-10
-1.75415e-10
-1.64313e-10
-1.72085e-10
-1.93179e-10
0
1.11022e-12
-1.11022e-12
0
-1.11022e-12
4.44089e-12
0
-1.11022e-12
0
-1.11022e-12
1.11022e-12
-3.33067e-12
3.33067e-12
-4.44089e-12
1.11022e-12
3.33067e-12
-5.55112e-12
1.11022e-12
0
2.22045e-11
-3.55271e-11
-5.55112e-12
-3.33067e-12
0
-1.11022e-12
-1.11022e-12
-3.33067e-12
5.55112e-12
0
-3.33067e-12
0
-3.33067e-12
0
-4.44089e-12
2.22045e-12
0
0
0
-2.22045e-12
0
-1.55431e-11
0
0
4.44089e-12
0
-3.33067e-12
0
-4.44089e-12
0
0
-1.11022e-12
0
-3.33067e-12
1.11022e-12
-3.33067e-12
-3.33067e-12
0
-1.11022e-12
1.11022e-12
-1.9984e-11
0
0
0
4.44089e-12
2.22045e-12
-1.11022e-12
3.33067e-12
-1.11022e-12
-3.33067e-12
0
0
1.11022e-12
0
0
-2.22045e-12
0
3.33067e-12
0
1.11022e-12
1.11022e-12
-2.22045e-12
0
2.22045e-12
-4.44089e-12
2.22045e-12
2.22045e-12
2.22045e-12
0
2.22045e-12
2.22045e-12
0
0
0
0
0
0
1.11022e-12
0
0
-2.22045e-12
0
0
0
-3.33067e-12
0
0
0
1.11022e-12
0
0
1.11022e-12
-1.11022e-12
1.11022e-12
1.11022e-12
1.11022e-12
0
-3.33067e-12
1.11022e-12
-3.33067e-12
9.4369e-11
1.54321e-10
1.45439e-10
1.66533e-10
1.73195e-10
1.65423e-10
1.65423e-10
1.65423e-10
1.29896e-10
1.65423e-10
1.65423e-10
1.44329e-10
1.44329e-10
1.29896e-10
1.4988e-10
1.29896e-10
1.29896e-10
1.4988e-10
1.29896e-10
1.4988e-10
1.45439e-10
5.34961e-08
5.3475e-08
5.35005e-08
5.35094e-08
5.34972e-08
5.35016e-08
5.34972e-08
5.34328e-08
5.35005e-08
5.35005e-08
5.34439e-08
5.34672e-08
5.34361e-08
5.34695e-08
5.34361e-08
5.34373e-08
5.34828e-08
5.35005e-08
5.34706e-08
5.33584e-08
1.63922e-05
1.63921e-05
1.63921e-05
1.63921e-05
1.63921e-05
1.63921e-05
1.63921e-05
1.63921e-05
1.63921e-05
1.63921e-05
1.63921e-05
1.63922e-05
1.63922e-05
1.63921e-05
1.63922e-05
1.63921e-05
1.63921e-05
1.63922e-05
1.63921e-05
1.63921e-05
0.00404139
0.00404138
0.00404138
0.00404138
0.00404138
0.00404138
0.00404138
0.00404138
0.00404138
0.00404138
0.00404138
0.00404138
0.00404138
0.00404138
0.00404138
0.00404138
0.00404138
0.00404138
0.00404138
0.00404138
0.751385
0.751385
0.751385
0.751385
0.751385
0.751385
0.751385
0.751385
0.751385
0.751385
0.751385
0.751385
0.751385
0.751385
0.751385
0.751385
0.751385
0.751385
0.751385
0.751385
93.7214
93.7214
93.7214
93.7214
93.7214
93.7214
93.7214
93.7214
93.7214
93.7214
93.7214
93.7214
93.7214
93.7214
93.7214
93.7214
93.7214
93.7214
93.7214
93.7214
5905.52
5905.52
5905.52
5905.52
5905.52
5905.52
5905.52
5905.52
5905.52
5905.52
5905.52
5905.52
5905.52
5905.52
5905.52
5905.52
5905.52
5905.52
5905.52
5905.52
)
;

boundaryField
{
    front
    {
        type            calculated;
        value           nonuniform List<scalar> 
20
(
-11625.1
-11625.1
-11625.1
-11625.1
-11625.1
-11625.1
-11625.1
-11625.1
-11625.1
-11625.1
-11625.1
-11625.1
-11625.1
-11625.1
-11625.1
-11625.1
-11625.1
-11625.1
-11625.1
-11625.1
)
;
    }
    back
    {
        type            calculated;
        value           nonuniform List<scalar> 
20
(
11625.1
11625.1
11625.1
11625.1
11625.1
11625.1
11625.1
11625.1
11625.1
11625.1
11625.1
11625.1
11625.1
11625.1
11625.1
11625.1
11625.1
11625.1
11625.1
11625.1
)
;
    }
    left
    {
        type            calculated;
        value           nonuniform List<scalar> 
20
(
-5905.52
-93.7214
-0.751385
-0.00404138
-1.63921e-05
-5.34628e-08
-1.18794e-10
0
-3.55271e-11
-1.55431e-11
0
-2.22045e-12
0
1.54321e-10
5.34961e-08
1.63922e-05
0.00404139
0.751385
93.7214
5905.52
)
;
    }
    right
    {
        type            calculated;
        value           nonuniform List<scalar> 
20
(
-5905.52
-93.7214
-0.751385
-0.00404139
-1.63921e-05
-5.34928e-08
-1.93179e-10
2.22045e-11
0
-1.9984e-11
1.11022e-12
-2.22045e-12
9.4369e-11
1.45439e-10
5.33584e-08
1.63921e-05
0.00404138
0.751385
93.7214
5905.52
)
;
    }
    top
    {
        type            calculated;
        value           nonuniform List<scalar> 
400
(
-5905.52
-93.7214
-0.751385
-0.00404138
-1.63921e-05
-5.34628e-08
-1.18794e-10
0
-3.55271e-11
-1.55431e-11
0
-2.22045e-12
0
1.54321e-10
5.34961e-08
1.63922e-05
0.00404139
0.751385
93.7214
5905.52
-5905.52
-93.7214
-0.751385
-0.00404138
-1.63921e-05
-5.34606e-08
-1.46549e-10
1.11022e-12
-5.55112e-12
0
0
0
0
1.45439e-10
5.3475e-08
1.63921e-05
0.00404138
0.751385
93.7214
5905.52
-5905.52
-93.7214
-0.751385
-0.00404138
-1.63921e-05
-5.34683e-08
-1.69864e-10
-1.11022e-12
-3.33067e-12
0
0
2.22045e-12
0
1.66533e-10
5.35005e-08
1.63921e-05
0.00404138
0.751385
93.7214
5905.52
-5905.52
-93.7214
-0.751385
-0.00404138
-1.63921e-05
-5.34595e-08
-1.52101e-10
0
0
4.44089e-12
4.44089e-12
-4.44089e-12
-3.33067e-12
1.73195e-10
5.35094e-08
1.63921e-05
0.00404138
0.751385
93.7214
5905.52
-5905.52
-93.7214
-0.751385
-0.00404138
-1.63921e-05
-5.34384e-08
-1.55431e-10
-1.11022e-12
-1.11022e-12
0
2.22045e-12
2.22045e-12
0
1.65423e-10
5.34972e-08
1.63921e-05
0.00404138
0.751385
93.7214
5905.52
-5905.52
-93.7214
-0.751385
-0.00404138
-1.63921e-05
-5.34595e-08
-1.46549e-10
4.44089e-12
-1.11022e-12
-3.33067e-12
-1.11022e-12
2.22045e-12
0
1.65423e-10
5.35016e-08
1.63921e-05
0.00404138
0.751385
93.7214
5905.52
-5905.52
-93.7214
-0.751385
-0.00404138
-1.6392e-05
-5.34817e-08
-1.69864e-10
0
-3.33067e-12
0
3.33067e-12
2.22045e-12
0
1.65423e-10
5.34972e-08
1.63921e-05
0.00404138
0.751385
93.7214
5905.52
-5905.52
-93.7214
-0.751385
-0.00404138
-1.63921e-05
-5.35083e-08
-1.70974e-10
-1.11022e-12
5.55112e-12
-4.44089e-12
-1.11022e-12
0
1.11022e-12
1.29896e-10
5.34328e-08
1.63921e-05
0.00404138
0.751385
93.7214
5905.52
-5905.52
-93.7214
-0.751385
-0.00404138
-1.63921e-05
-5.34539e-08
-1.69864e-10
0
0
0
-3.33067e-12
2.22045e-12
0
1.65423e-10
5.35005e-08
1.63921e-05
0.00404138
0.751385
93.7214
5905.52
-5905.52
-93.7214
-0.751385
-0.00404138
-1.63921e-05
-5.34683e-08
-1.42109e-10
-1.11022e-12
-3.33067e-12
0
0
2.22045e-12
0
1.65423e-10
5.35005e-08
1.63921e-05
0.00404138
0.751385
93.7214
5905.52
-5905.52
-93.7214
-0.751385
-0.00404138
-1.63921e-05
-5.3455e-08
-1.64313e-10
1.11022e-12
0
-1.11022e-12
0
0
1.11022e-12
1.44329e-10
5.34439e-08
1.63921e-05
0.00404138
0.751385
93.7214
5905.52
-5905.52
-93.7214
-0.751385
-0.00404138
-1.63921e-05
-5.3505e-08
-1.57652e-10
-3.33067e-12
-3.33067e-12
0
1.11022e-12
0
-1.11022e-12
1.44329e-10
5.34672e-08
1.63922e-05
0.00404138
0.751385
93.7214
5905.52
-5905.52
-93.7214
-0.751385
-0.00404138
-1.63921e-05
-5.34917e-08
-1.69864e-10
3.33067e-12
0
-3.33067e-12
0
0
1.11022e-12
1.29896e-10
5.34361e-08
1.63922e-05
0.00404138
0.751385
93.7214
5905.52
-5905.52
-93.7214
-0.751385
-0.00404138
-1.63921e-05
-5.3505e-08
-1.55431e-10
-4.44089e-12
-4.44089e-12
1.11022e-12
0
0
1.11022e-12
1.4988e-10
5.34695e-08
1.63921e-05
0.00404138
0.751385
93.7214
5905.52
-5905.52
-93.7214
-0.751385
-0.00404138
-1.63921e-05
-5.34983e-08
-1.69864e-10
1.11022e-12
2.22045e-12
-3.33067e-12
-2.22045e-12
0
1.11022e-12
1.29896e-10
5.34361e-08
1.63922e-05
0.00404138
0.751385
93.7214
5905.52
-5905.52
-93.7214
-0.751385
-0.00404138
-1.63921e-05
-5.34539e-08
-1.69864e-10
3.33067e-12
0
-3.33067e-12
0
0
0
1.29896e-10
5.34373e-08
1.63921e-05
0.00404138
0.751385
93.7214
5905.52
-5905.52
-93.7214
-0.751385
-0.00404138
-1.63921e-05
-5.34983e-08
-1.75415e-10
-5.55112e-12
0
0
3.33067e-12
1.11022e-12
-3.33067e-12
1.4988e-10
5.34828e-08
1.63921e-05
0.00404138
0.751385
93.7214
5905.52
-5905.52
-93.7214
-0.751385
-0.00404138
-1.63921e-05
-5.34883e-08
-1.64313e-10
1.11022e-12
0
-1.11022e-12
0
0
1.11022e-12
1.29896e-10
5.35005e-08
1.63922e-05
0.00404138
0.751385
93.7214
5905.52
-5905.52
-93.7214
-0.751385
-0.00404138
-1.63921e-05
-5.34595e-08
-1.72085e-10
0
-2.22045e-12
1.11022e-12
1.11022e-12
0
-3.33067e-12
1.4988e-10
5.34706e-08
1.63921e-05
0.00404138
0.751385
93.7214
5905.52
-5905.52
-93.7214
-0.751385
-0.00404139
-1.63921e-05
-5.34928e-08
-1.93179e-10
2.22045e-11
0
-1.9984e-11
1.11022e-12
-2.22045e-12
9.4369e-11
1.45439e-10
5.33584e-08
1.63921e-05
0.00404138
0.751385
93.7214
5905.52
)
;
    }
    bottom
    {
        type            calculated;
        value           nonuniform List<scalar> 
400
(
-5905.52
-93.7214
-0.751385
-0.00404138
-1.63921e-05
-5.34628e-08
-1.18794e-10
0
-3.55271e-11
-1.55431e-11
0
-2.22045e-12
0
1.54321e-10
5.34961e-08
1.63922e-05
0.00404139
0.751385
93.7214
5905.52
-5905.52
-93.7214
-0.751385
-0.00404138
-1.63921e-05
-5.34606e-08
-1.46549e-10
1.11022e-12
-5.55112e-12
0
0
0
0
1.45439e-10
5.3475e-08
1.63921e-05
0.00404138
0.751385
93.7214
5905.52
-5905.52
-93.7214
-0.751385
-0.00404138
-1.63921e-05
-5.34683e-08
-1.69864e-10
-1.11022e-12
-3.33067e-12
0
0
2.22045e-12
0
1.66533e-10
5.35005e-08
1.63921e-05
0.00404138
0.751385
93.7214
5905.52
-5905.52
-93.7214
-0.751385
-0.00404138
-1.63921e-05
-5.34595e-08
-1.52101e-10
0
0
4.44089e-12
4.44089e-12
-4.44089e-12
-3.33067e-12
1.73195e-10
5.35094e-08
1.63921e-05
0.00404138
0.751385
93.7214
5905.52
-5905.52
-93.7214
-0.751385
-0.00404138
-1.63921e-05
-5.34384e-08
-1.55431e-10
-1.11022e-12
-1.11022e-12
0
2.22045e-12
2.22045e-12
0
1.65423e-10
5.34972e-08
1.63921e-05
0.00404138
0.751385
93.7214
5905.52
-5905.52
-93.7214
-0.751385
-0.00404138
-1.63921e-05
-5.34595e-08
-1.46549e-10
4.44089e-12
-1.11022e-12
-3.33067e-12
-1.11022e-12
2.22045e-12
0
1.65423e-10
5.35016e-08
1.63921e-05
0.00404138
0.751385
93.7214
5905.52
-5905.52
-93.7214
-0.751385
-0.00404138
-1.6392e-05
-5.34817e-08
-1.69864e-10
0
-3.33067e-12
0
3.33067e-12
2.22045e-12
0
1.65423e-10
5.34972e-08
1.63921e-05
0.00404138
0.751385
93.7214
5905.52
-5905.52
-93.7214
-0.751385
-0.00404138
-1.63921e-05
-5.35083e-08
-1.70974e-10
-1.11022e-12
5.55112e-12
-4.44089e-12
-1.11022e-12
0
1.11022e-12
1.29896e-10
5.34328e-08
1.63921e-05
0.00404138
0.751385
93.7214
5905.52
-5905.52
-93.7214
-0.751385
-0.00404138
-1.63921e-05
-5.34539e-08
-1.69864e-10
0
0
0
-3.33067e-12
2.22045e-12
0
1.65423e-10
5.35005e-08
1.63921e-05
0.00404138
0.751385
93.7214
5905.52
-5905.52
-93.7214
-0.751385
-0.00404138
-1.63921e-05
-5.34683e-08
-1.42109e-10
-1.11022e-12
-3.33067e-12
0
0
2.22045e-12
0
1.65423e-10
5.35005e-08
1.63921e-05
0.00404138
0.751385
93.7214
5905.52
-5905.52
-93.7214
-0.751385
-0.00404138
-1.63921e-05
-5.3455e-08
-1.64313e-10
1.11022e-12
0
-1.11022e-12
0
0
1.11022e-12
1.44329e-10
5.34439e-08
1.63921e-05
0.00404138
0.751385
93.7214
5905.52
-5905.52
-93.7214
-0.751385
-0.00404138
-1.63921e-05
-5.3505e-08
-1.57652e-10
-3.33067e-12
-3.33067e-12
0
1.11022e-12
0
-1.11022e-12
1.44329e-10
5.34672e-08
1.63922e-05
0.00404138
0.751385
93.7214
5905.52
-5905.52
-93.7214
-0.751385
-0.00404138
-1.63921e-05
-5.34917e-08
-1.69864e-10
3.33067e-12
0
-3.33067e-12
0
0
1.11022e-12
1.29896e-10
5.34361e-08
1.63922e-05
0.00404138
0.751385
93.7214
5905.52
-5905.52
-93.7214
-0.751385
-0.00404138
-1.63921e-05
-5.3505e-08
-1.55431e-10
-4.44089e-12
-4.44089e-12
1.11022e-12
0
0
1.11022e-12
1.4988e-10
5.34695e-08
1.63921e-05
0.00404138
0.751385
93.7214
5905.52
-5905.52
-93.7214
-0.751385
-0.00404138
-1.63921e-05
-5.34983e-08
-1.69864e-10
1.11022e-12
2.22045e-12
-3.33067e-12
-2.22045e-12
0
1.11022e-12
1.29896e-10
5.34361e-08
1.63922e-05
0.00404138
0.751385
93.7214
5905.52
-5905.52
-93.7214
-0.751385
-0.00404138
-1.63921e-05
-5.34539e-08
-1.69864e-10
3.33067e-12
0
-3.33067e-12
0
0
0
1.29896e-10
5.34373e-08
1.63921e-05
0.00404138
0.751385
93.7214
5905.52
-5905.52
-93.7214
-0.751385
-0.00404138
-1.63921e-05
-5.34983e-08
-1.75415e-10
-5.55112e-12
0
0
3.33067e-12
1.11022e-12
-3.33067e-12
1.4988e-10
5.34828e-08
1.63921e-05
0.00404138
0.751385
93.7214
5905.52
-5905.52
-93.7214
-0.751385
-0.00404138
-1.63921e-05
-5.34883e-08
-1.64313e-10
1.11022e-12
0
-1.11022e-12
0
0
1.11022e-12
1.29896e-10
5.35005e-08
1.63922e-05
0.00404138
0.751385
93.7214
5905.52
-5905.52
-93.7214
-0.751385
-0.00404138
-1.63921e-05
-5.34595e-08
-1.72085e-10
0
-2.22045e-12
1.11022e-12
1.11022e-12
0
-3.33067e-12
1.4988e-10
5.34706e-08
1.63921e-05
0.00404138
0.751385
93.7214
5905.52
-5905.52
-93.7214
-0.751385
-0.00404139
-1.63921e-05
-5.34928e-08
-1.93179e-10
2.22045e-11
0
-1.9984e-11
1.11022e-12
-2.22045e-12
9.4369e-11
1.45439e-10
5.33584e-08
1.63921e-05
0.00404138
0.751385
93.7214
5905.52
)
;
    }
}


// ************************************************************************* //
