/*--------------------------------*- C++ -*----------------------------------*\
  =========                 |
  \\      /  F ield         | OpenFOAM: The Open Source CFD Toolbox
   \\    /   O peration     | Website:  https://openfoam.org
    \\  /    A nd           | Version:  8
     \\/     M anipulation  |
\*---------------------------------------------------------------------------*/
FoamFile
{
    version     2.0;
    format      ascii;
    class       volScalarField;
    location    "1";
    object      gradTx;
}
// * * * * * * * * * * * * * * * * * * * * * * * * * * * * * * * * * * * * * //

dimensions      [0 -1 0 1 0 0 0];

internalField   nonuniform List<scalar> 
400
(
-4.68514e-09
-4.71401e-09
-1.12133e-10
-5.44009e-11
3.10862e-11
4.55191e-11
5.44009e-11
-4.44089e-12
-2.55351e-11
-2.10942e-11
-5.55112e-11
6.66134e-12
1.11022e-12
-3.21965e-11
4.55191e-11
-6.66134e-12
1.11022e-12
3.33067e-11
4.67737e-09
4.67515e-09
-2.33147e-11
-3.10862e-11
-6.21725e-11
-3.33067e-12
3.21965e-11
2.22045e-11
-3.33067e-12
-4.21885e-11
4.55191e-11
2.22045e-11
-6.55032e-11
9.99201e-12
4.996e-11
-3.77476e-11
-3.21965e-11
-1.77636e-11
4.66294e-11
4.68736e-09
5.85361e-07
5.80742e-07
-1.55431e-11
-5.55112e-12
-3.33067e-12
-2.88658e-11
4.88498e-11
2.77556e-11
-1.22125e-11
0
-1.33227e-11
1.33227e-11
-3.33067e-11
1.11022e-11
0
-7.10543e-11
4.55191e-11
3.33067e-11
-7.77156e-12
1.18794e-10
9.42801e-09
9.33587e-09
9.99201e-12
0
-3.44169e-11
1.88738e-11
2.33147e-11
-4.66294e-11
4.77396e-11
3.33067e-11
-6.66134e-12
5.66214e-11
-4.10783e-11
-4.66294e-11
0
3.55271e-11
4.88498e-11
4.44089e-12
-1.11022e-12
-5.21805e-11
2.55351e-11
7.21645e-11
-1.77636e-11
-1.11022e-11
-1.11022e-12
-3.21965e-11
0
4.44089e-11
5.44009e-11
-2.77556e-11
-4.44089e-11
0
3.88578e-11
3.77476e-11
0
8.88178e-12
-5.44009e-11
2.22045e-12
3.21965e-11
-4.21885e-11
5.55112e-12
3.33067e-11
-3.33067e-12
1.88738e-11
0
-1.44329e-11
-2.22045e-12
1.55431e-11
1.88738e-11
0
-2.44249e-11
-9.99201e-12
1.66533e-11
4.44089e-12
0
0
8.88178e-12
5.55112e-12
-3.33067e-12
-1.11022e-12
2.77556e-11
1.77636e-11
-1.33227e-11
-1.55431e-11
-2.22045e-12
-2.22045e-12
1.11022e-12
-1.11022e-12
5.55112e-12
0
-2.22045e-12
-1.11022e-12
1.11022e-12
0
0
2.22045e-12
-3.33067e-12
2.22045e-12
0
-4.44089e-12
0
0
-3.10862e-11
-3.33067e-11
-4.44089e-12
0
3.33067e-12
0
-3.33067e-12
0
3.33067e-12
-3.33067e-12
0
0
1.11022e-12
0
-4.44089e-12
0
1.11022e-12
3.33067e-12
0
-4.44089e-12
-1.44329e-11
-1.66533e-11
-2.22045e-12
-1.11022e-12
4.44089e-12
1.11022e-12
-1.11022e-12
0
-2.22045e-12
0
-1.11022e-12
2.22045e-12
0
0
3.33067e-12
-3.33067e-12
-2.22045e-12
0
2.10942e-11
2.33147e-11
1.11022e-12
0
0
1.11022e-12
2.22045e-12
-1.11022e-12
2.22045e-12
3.33067e-12
-4.44089e-12
-3.33067e-12
0
0
0
2.22045e-12
0
-2.22045e-12
0
2.22045e-12
0
-2.22045e-12
0
-1.11022e-12
2.22045e-12
0
-3.33067e-12
0
-1.11022e-12
0
1.11022e-12
-1.11022e-12
-1.11022e-12
0
1.11022e-12
0
-1.11022e-12
0
0
1.11022e-12
2.22045e-12
1.11022e-12
0
0
4.44089e-12
4.44089e-12
-4.44089e-12
0
2.22045e-12
-3.33067e-12
-3.33067e-12
0
1.11022e-12
0
-1.11022e-12
0
0
3.33067e-12
0
0
1.11022e-12
-2.22045e-12
2.22045e-12
3.33067e-12
-2.22045e-12
0
3.33067e-12
0
-3.33067e-12
0
3.33067e-12
-3.33067e-12
-3.33067e-12
0
1.11022e-12
0
-1.11022e-12
1.11022e-12
0
0
0
-1.11022e-12
0
0
1.11022e-12
3.33067e-12
0
0
4.44089e-12
-4.44089e-12
-4.44089e-12
1.11022e-12
0
0
1.11022e-12
0
-1.11022e-12
0
1.11022e-12
-1.11022e-12
9.54792e-11
9.4369e-11
-7.77156e-12
1.55431e-11
2.44249e-11
0
-3.33067e-12
0
-3.9968e-11
0
3.9968e-11
-2.55351e-11
-2.55351e-11
-1.44329e-11
5.55112e-12
0
-2.10942e-11
2.10942e-11
0
0
1.44329e-11
-4.44089e-12
-2.22045e-11
3.33067e-12
3.66374e-11
0
-9.99201e-12
1.11022e-12
-6.66134e-11
0
6.43929e-11
-5.44009e-11
-3.33067e-11
-7.77156e-12
4.44089e-12
0
-3.55271e-11
4.55191e-11
6.43929e-11
-8.88178e-12
-4.88498e-11
-1.66533e-11
-1.09912e-10
-1.08802e-10
3.33067e-11
-3.33067e-12
4.66294e-11
-7.77156e-12
-7.54952e-11
3.10862e-11
4.77396e-11
2.66454e-11
1.9984e-11
2.22045e-12
-6.77236e-11
0
1.9984e-11
-5.77316e-11
2.55351e-11
-1.11022e-12
-3.21965e-11
2.33147e-11
-9.39138e-09
-9.46132e-09
-3.77476e-11
0
-2.55351e-11
0
3.10862e-11
3.33067e-12
-3.44169e-11
-5.66214e-11
-1.88738e-11
8.77076e-11
6.66134e-12
0
-4.21885e-11
-3.88578e-11
5.55112e-11
-5.55112e-12
5.10703e-11
6.32827e-11
-5.80793e-07
-5.85381e-07
-4.60854e-09
-4.66294e-11
-2.44249e-11
0
7.77156e-11
6.55032e-11
-2.55351e-11
-2.44249e-11
2.44249e-11
1.11022e-12
-7.32747e-11
0
2.55351e-11
-3.9968e-11
7.77156e-12
0
1.15463e-10
1.55431e-10
-4.6485e-09
-4.64184e-09
-7.99361e-11
0
3.33067e-11
-1.11022e-12
-2.55351e-11
-5.44009e-11
7.99361e-11
-1.44329e-11
-2.88658e-11
-9.99201e-12
2.77556e-11
0
-8.32667e-11
6.66134e-12
3.33067e-12
1.0103e-10
4.73288e-09
4.62408e-09
)
;

boundaryField
{
    front
    {
        type            calculated;
        value           nonuniform List<scalar> 
20
(
-4.68514e-09
-4.71401e-09
-1.12133e-10
-5.44009e-11
3.10862e-11
4.55191e-11
5.44009e-11
-4.44089e-12
-2.55351e-11
-2.10942e-11
-5.55112e-11
6.66134e-12
1.11022e-12
-3.21965e-11
4.55191e-11
-6.66134e-12
1.11022e-12
3.33067e-11
4.67737e-09
4.67515e-09
)
;
    }
    back
    {
        type            calculated;
        value           nonuniform List<scalar> 
20
(
-4.6485e-09
-4.64184e-09
-7.99361e-11
0
3.33067e-11
-1.11022e-12
-2.55351e-11
-5.44009e-11
7.99361e-11
-1.44329e-11
-2.88658e-11
-9.99201e-12
2.77556e-11
0
-8.32667e-11
6.66134e-12
3.33067e-12
1.0103e-10
4.73288e-09
4.62408e-09
)
;
    }
    left
    {
        type            calculated;
        value           uniform 0;
    }
    right
    {
        type            calculated;
        value           uniform 0;
    }
    top
    {
        type            calculated;
        value           nonuniform List<scalar> 
400
(
-4.68514e-09
-2.33147e-11
-1.55431e-11
9.99201e-12
-1.77636e-11
-3.33067e-12
-1.33227e-11
-3.10862e-11
-1.44329e-11
1.11022e-12
0
0
2.22045e-12
0
-7.77156e-12
-2.22045e-11
-1.09912e-10
-9.39138e-09
-5.80793e-07
-4.6485e-09
-4.71401e-09
-3.10862e-11
-5.55112e-12
0
-1.11022e-11
1.88738e-11
-1.55431e-11
-3.33067e-11
-1.66533e-11
0
-1.11022e-12
0
3.33067e-12
0
1.55431e-11
3.33067e-12
-1.08802e-10
-9.46132e-09
-5.85381e-07
-4.64184e-09
-1.12133e-10
-6.21725e-11
-3.33067e-12
-3.44169e-11
-1.11022e-12
0
-2.22045e-12
-4.44089e-12
-2.22045e-12
0
2.22045e-12
4.44089e-12
-2.22045e-12
1.11022e-12
2.44249e-11
3.66374e-11
3.33067e-11
-3.77476e-11
-4.60854e-09
-7.99361e-11
-5.44009e-11
-3.33067e-12
-2.88658e-11
1.88738e-11
-3.21965e-11
-1.44329e-11
-2.22045e-12
0
-1.11022e-12
1.11022e-12
0
4.44089e-12
0
3.33067e-12
0
0
-3.33067e-12
0
-4.66294e-11
0
3.10862e-11
3.21965e-11
4.88498e-11
2.33147e-11
0
-2.22045e-12
1.11022e-12
3.33067e-12
4.44089e-12
2.22045e-12
-3.33067e-12
-4.44089e-12
3.33067e-12
0
-3.33067e-12
-9.99201e-12
4.66294e-11
-2.55351e-11
-2.44249e-11
3.33067e-11
4.55191e-11
2.22045e-11
2.77556e-11
-4.66294e-11
4.44089e-11
1.55431e-11
-1.11022e-12
0
1.11022e-12
-1.11022e-12
0
0
0
0
0
1.11022e-12
-7.77156e-12
0
0
-1.11022e-12
5.44009e-11
-3.33067e-12
-1.22125e-11
4.77396e-11
5.44009e-11
1.88738e-11
5.55112e-12
-3.33067e-12
-1.11022e-12
2.22045e-12
-1.11022e-12
2.22045e-12
-3.33067e-12
4.44089e-12
-3.9968e-11
-6.66134e-11
-7.54952e-11
3.10862e-11
7.77156e-11
-2.55351e-11
-4.44089e-12
-4.21885e-11
0
3.33067e-11
-2.77556e-11
0
0
0
0
3.33067e-12
0
-3.33067e-12
0
-4.44089e-12
0
0
3.10862e-11
3.33067e-12
6.55032e-11
-5.44009e-11
-2.55351e-11
4.55191e-11
-1.33227e-11
-6.66134e-12
-4.44089e-11
-2.44249e-11
-2.22045e-12
3.33067e-12
-2.22045e-12
-4.44089e-12
1.11022e-12
-3.33067e-12
3.33067e-12
-4.44089e-12
3.9968e-11
6.43929e-11
4.77396e-11
-3.44169e-11
-2.55351e-11
7.99361e-11
-2.10942e-11
2.22045e-11
1.33227e-11
5.66214e-11
0
-9.99201e-12
-1.11022e-12
-3.33067e-12
0
-3.33067e-12
-1.11022e-12
0
-3.33067e-12
1.11022e-12
-2.55351e-11
-5.44009e-11
2.66454e-11
-5.66214e-11
-2.44249e-11
-1.44329e-11
-5.55112e-11
-6.55032e-11
-3.33067e-11
-4.10783e-11
3.88578e-11
1.66533e-11
1.11022e-12
0
-1.11022e-12
0
-1.11022e-12
1.11022e-12
-3.33067e-12
0
-2.55351e-11
-3.33067e-11
1.9984e-11
-1.88738e-11
2.44249e-11
-2.88658e-11
6.66134e-12
9.99201e-12
1.11022e-11
-4.66294e-11
3.77476e-11
4.44089e-12
0
0
2.22045e-12
0
0
0
0
0
-1.44329e-11
-7.77156e-12
2.22045e-12
8.77076e-11
1.11022e-12
-9.99201e-12
1.11022e-12
4.996e-11
0
0
0
0
0
1.11022e-12
0
0
1.11022e-12
-1.11022e-12
1.11022e-12
1.11022e-12
5.55112e-12
4.44089e-12
-6.77236e-11
6.66134e-12
-7.32747e-11
2.77556e-11
-3.21965e-11
-3.77476e-11
-7.10543e-11
3.55271e-11
8.88178e-12
0
2.22045e-12
0
0
2.22045e-12
0
0
0
0
0
0
0
0
0
0
4.55191e-11
-3.21965e-11
4.55191e-11
4.88498e-11
-5.44009e-11
8.88178e-12
-3.33067e-12
-4.44089e-12
3.33067e-12
0
-1.11022e-12
0
-1.11022e-12
-1.11022e-12
-2.10942e-11
-3.55271e-11
1.9984e-11
-4.21885e-11
2.55351e-11
-8.32667e-11
-6.66134e-12
-1.77636e-11
3.33067e-11
4.44089e-12
2.22045e-12
5.55112e-12
2.22045e-12
0
-3.33067e-12
-2.22045e-12
0
3.33067e-12
1.11022e-12
0
2.10942e-11
4.55191e-11
-5.77316e-11
-3.88578e-11
-3.9968e-11
6.66134e-12
1.11022e-12
4.66294e-11
-7.77156e-12
-1.11022e-12
3.21965e-11
-3.33067e-12
0
1.11022e-12
-2.22045e-12
0
0
0
0
1.11022e-12
0
6.43929e-11
2.55351e-11
5.55112e-11
7.77156e-12
3.33067e-12
3.33067e-11
4.68736e-09
1.18794e-10
-5.21805e-11
-4.21885e-11
-1.11022e-12
-4.44089e-12
3.33067e-12
0
2.22045e-12
1.11022e-12
0
0
-1.11022e-12
0
-8.88178e-12
-1.11022e-12
-5.55112e-12
0
1.0103e-10
4.67737e-09
5.85361e-07
9.42801e-09
2.55351e-11
5.55112e-12
2.77556e-11
0
0
2.10942e-11
0
2.22045e-12
1.11022e-12
0
9.54792e-11
1.44329e-11
-4.88498e-11
-3.21965e-11
5.10703e-11
1.15463e-10
4.73288e-09
4.67515e-09
5.80742e-07
9.33587e-09
7.21645e-11
3.33067e-11
1.77636e-11
0
-4.44089e-12
2.33147e-11
-2.22045e-12
1.11022e-12
-2.22045e-12
-1.11022e-12
9.4369e-11
-4.44089e-12
-1.66533e-11
2.33147e-11
6.32827e-11
1.55431e-10
4.62408e-09
)
;
    }
    bottom
    {
        type            calculated;
        value           nonuniform List<scalar> 
400
(
-4.68514e-09
-2.33147e-11
-1.55431e-11
9.99201e-12
-1.77636e-11
-3.33067e-12
-1.33227e-11
-3.10862e-11
-1.44329e-11
1.11022e-12
0
0
2.22045e-12
0
-7.77156e-12
-2.22045e-11
-1.09912e-10
-9.39138e-09
-5.80793e-07
-4.6485e-09
-4.71401e-09
-3.10862e-11
-5.55112e-12
0
-1.11022e-11
1.88738e-11
-1.55431e-11
-3.33067e-11
-1.66533e-11
0
-1.11022e-12
0
3.33067e-12
0
1.55431e-11
3.33067e-12
-1.08802e-10
-9.46132e-09
-5.85381e-07
-4.64184e-09
-1.12133e-10
-6.21725e-11
-3.33067e-12
-3.44169e-11
-1.11022e-12
0
-2.22045e-12
-4.44089e-12
-2.22045e-12
0
2.22045e-12
4.44089e-12
-2.22045e-12
1.11022e-12
2.44249e-11
3.66374e-11
3.33067e-11
-3.77476e-11
-4.60854e-09
-7.99361e-11
-5.44009e-11
-3.33067e-12
-2.88658e-11
1.88738e-11
-3.21965e-11
-1.44329e-11
-2.22045e-12
0
-1.11022e-12
1.11022e-12
0
4.44089e-12
0
3.33067e-12
0
0
-3.33067e-12
0
-4.66294e-11
0
3.10862e-11
3.21965e-11
4.88498e-11
2.33147e-11
0
-2.22045e-12
1.11022e-12
3.33067e-12
4.44089e-12
2.22045e-12
-3.33067e-12
-4.44089e-12
3.33067e-12
0
-3.33067e-12
-9.99201e-12
4.66294e-11
-2.55351e-11
-2.44249e-11
3.33067e-11
4.55191e-11
2.22045e-11
2.77556e-11
-4.66294e-11
4.44089e-11
1.55431e-11
-1.11022e-12
0
1.11022e-12
-1.11022e-12
0
0
0
0
0
1.11022e-12
-7.77156e-12
0
0
-1.11022e-12
5.44009e-11
-3.33067e-12
-1.22125e-11
4.77396e-11
5.44009e-11
1.88738e-11
5.55112e-12
-3.33067e-12
-1.11022e-12
2.22045e-12
-1.11022e-12
2.22045e-12
-3.33067e-12
4.44089e-12
-3.9968e-11
-6.66134e-11
-7.54952e-11
3.10862e-11
7.77156e-11
-2.55351e-11
-4.44089e-12
-4.21885e-11
0
3.33067e-11
-2.77556e-11
0
0
0
0
3.33067e-12
0
-3.33067e-12
0
-4.44089e-12
0
0
3.10862e-11
3.33067e-12
6.55032e-11
-5.44009e-11
-2.55351e-11
4.55191e-11
-1.33227e-11
-6.66134e-12
-4.44089e-11
-2.44249e-11
-2.22045e-12
3.33067e-12
-2.22045e-12
-4.44089e-12
1.11022e-12
-3.33067e-12
3.33067e-12
-4.44089e-12
3.9968e-11
6.43929e-11
4.77396e-11
-3.44169e-11
-2.55351e-11
7.99361e-11
-2.10942e-11
2.22045e-11
1.33227e-11
5.66214e-11
0
-9.99201e-12
-1.11022e-12
-3.33067e-12
0
-3.33067e-12
-1.11022e-12
0
-3.33067e-12
1.11022e-12
-2.55351e-11
-5.44009e-11
2.66454e-11
-5.66214e-11
-2.44249e-11
-1.44329e-11
-5.55112e-11
-6.55032e-11
-3.33067e-11
-4.10783e-11
3.88578e-11
1.66533e-11
1.11022e-12
0
-1.11022e-12
0
-1.11022e-12
1.11022e-12
-3.33067e-12
0
-2.55351e-11
-3.33067e-11
1.9984e-11
-1.88738e-11
2.44249e-11
-2.88658e-11
6.66134e-12
9.99201e-12
1.11022e-11
-4.66294e-11
3.77476e-11
4.44089e-12
0
0
2.22045e-12
0
0
0
0
0
-1.44329e-11
-7.77156e-12
2.22045e-12
8.77076e-11
1.11022e-12
-9.99201e-12
1.11022e-12
4.996e-11
0
0
0
0
0
1.11022e-12
0
0
1.11022e-12
-1.11022e-12
1.11022e-12
1.11022e-12
5.55112e-12
4.44089e-12
-6.77236e-11
6.66134e-12
-7.32747e-11
2.77556e-11
-3.21965e-11
-3.77476e-11
-7.10543e-11
3.55271e-11
8.88178e-12
0
2.22045e-12
0
0
2.22045e-12
0
0
0
0
0
0
0
0
0
0
4.55191e-11
-3.21965e-11
4.55191e-11
4.88498e-11
-5.44009e-11
8.88178e-12
-3.33067e-12
-4.44089e-12
3.33067e-12
0
-1.11022e-12
0
-1.11022e-12
-1.11022e-12
-2.10942e-11
-3.55271e-11
1.9984e-11
-4.21885e-11
2.55351e-11
-8.32667e-11
-6.66134e-12
-1.77636e-11
3.33067e-11
4.44089e-12
2.22045e-12
5.55112e-12
2.22045e-12
0
-3.33067e-12
-2.22045e-12
0
3.33067e-12
1.11022e-12
0
2.10942e-11
4.55191e-11
-5.77316e-11
-3.88578e-11
-3.9968e-11
6.66134e-12
1.11022e-12
4.66294e-11
-7.77156e-12
-1.11022e-12
3.21965e-11
-3.33067e-12
0
1.11022e-12
-2.22045e-12
0
0
0
0
1.11022e-12
0
6.43929e-11
2.55351e-11
5.55112e-11
7.77156e-12
3.33067e-12
3.33067e-11
4.68736e-09
1.18794e-10
-5.21805e-11
-4.21885e-11
-1.11022e-12
-4.44089e-12
3.33067e-12
0
2.22045e-12
1.11022e-12
0
0
-1.11022e-12
0
-8.88178e-12
-1.11022e-12
-5.55112e-12
0
1.0103e-10
4.67737e-09
5.85361e-07
9.42801e-09
2.55351e-11
5.55112e-12
2.77556e-11
0
0
2.10942e-11
0
2.22045e-12
1.11022e-12
0
9.54792e-11
1.44329e-11
-4.88498e-11
-3.21965e-11
5.10703e-11
1.15463e-10
4.73288e-09
4.67515e-09
5.80742e-07
9.33587e-09
7.21645e-11
3.33067e-11
1.77636e-11
0
-4.44089e-12
2.33147e-11
-2.22045e-12
1.11022e-12
-2.22045e-12
-1.11022e-12
9.4369e-11
-4.44089e-12
-1.66533e-11
2.33147e-11
6.32827e-11
1.55431e-10
4.62408e-09
)
;
    }
}


// ************************************************************************* //
