/*--------------------------------*- C++ -*----------------------------------*\
  =========                 |
  \\      /  F ield         | OpenFOAM: The Open Source CFD Toolbox
   \\    /   O peration     | Website:  https://openfoam.org
    \\  /    A nd           | Version:  8
     \\/     M anipulation  |
\*---------------------------------------------------------------------------*/
FoamFile
{
    version     2.0;
    format      ascii;
    class       volScalarField;
    location    "3";
    object      gradTy;
}
// * * * * * * * * * * * * * * * * * * * * * * * * * * * * * * * * * * * * * //

dimensions      [0 -1 0 1 0 0 0];

internalField   nonuniform List<scalar> 
400
(
-5725.31
-5725.31
-5725.31
-5725.31
-5725.31
-5725.31
-5725.31
-5725.31
-5725.31
-5725.31
-5725.31
-5725.31
-5725.31
-5725.31
-5725.31
-5725.31
-5725.31
-5725.31
-5725.31
-5725.31
-268.193
-268.193
-268.193
-268.193
-268.193
-268.193
-268.193
-268.193
-268.193
-268.193
-268.193
-268.193
-268.193
-268.193
-268.193
-268.193
-268.193
-268.193
-268.193
-268.193
-6.39366
-6.39366
-6.39366
-6.39366
-6.39366
-6.39366
-6.39366
-6.39366
-6.39366
-6.39366
-6.39366
-6.39366
-6.39366
-6.39366
-6.39366
-6.39366
-6.39366
-6.39366
-6.39366
-6.39366
-0.1022
-0.1022
-0.1022
-0.1022
-0.1022
-0.1022
-0.1022
-0.1022
-0.1022
-0.1022
-0.1022
-0.1022
-0.1022
-0.1022
-0.1022
-0.1022
-0.1022
-0.1022
-0.1022
-0.1022
-0.00122928
-0.00122928
-0.00122928
-0.00122928
-0.00122928
-0.00122928
-0.00122928
-0.00122928
-0.00122928
-0.00122928
-0.00122928
-0.00122928
-0.00122928
-0.00122928
-0.00122928
-0.00122928
-0.00122928
-0.00122928
-0.00122928
-0.00122928
-1.18581e-05
-1.18581e-05
-1.18581e-05
-1.18582e-05
-1.1858e-05
-1.18581e-05
-1.18582e-05
-1.18582e-05
-1.1858e-05
-1.18581e-05
-1.18581e-05
-1.18582e-05
-1.18582e-05
-1.18582e-05
-1.18582e-05
-1.18581e-05
-1.18582e-05
-1.18581e-05
-1.18581e-05
-1.18582e-05
-9.5528e-08
-9.55114e-08
-9.56224e-08
-9.55169e-08
-9.55469e-08
-9.55414e-08
-9.56224e-08
-9.56124e-08
-9.56213e-08
-9.54858e-08
-9.55969e-08
-9.55747e-08
-9.56124e-08
-9.55735e-08
-9.56124e-08
-9.56091e-08
-9.5649e-08
-9.55969e-08
-9.56446e-08
-9.57046e-08
-7.39409e-10
-7.20535e-10
-7.23865e-10
-6.07292e-10
-6.80567e-10
-7.04992e-10
-6.4615e-10
-7.42739e-10
-7.07212e-10
-7.21645e-10
-6.67244e-10
-7.49401e-10
-7.09433e-10
-7.49401e-10
-7.02771e-10
-6.65024e-10
-7.28306e-10
-7.11653e-10
-6.80567e-10
-6.4726e-10
-3.55271e-11
-5.55112e-12
-3.33067e-12
0
-1.11022e-12
-1.11022e-12
-3.33067e-12
5.55112e-12
0
-3.33067e-12
0
-3.33067e-12
0
-4.44089e-12
2.22045e-12
0
0
0
-2.22045e-12
0
-1.55431e-11
0
0
4.44089e-12
0
-3.33067e-12
0
-4.44089e-12
0
0
-1.11022e-12
0
-3.33067e-12
1.11022e-12
-3.33067e-12
-3.33067e-12
0
-1.11022e-12
1.11022e-12
-1.9984e-11
0
0
0
4.44089e-12
2.22045e-12
-1.11022e-12
3.33067e-12
-1.11022e-12
-3.33067e-12
0
0
1.11022e-12
0
0
-2.22045e-12
0
3.33067e-12
0
1.11022e-12
1.11022e-12
-2.22045e-12
0
2.22045e-12
-4.44089e-12
2.22045e-12
2.22045e-12
2.22045e-12
0
2.22045e-12
2.22045e-12
0
0
0
0
0
0
1.11022e-12
0
0
-2.22045e-12
6.65024e-10
6.55032e-10
6.23945e-10
6.91669e-10
7.4607e-10
7.07212e-10
7.4607e-10
7.31637e-10
6.63913e-10
6.89448e-10
7.00551e-10
6.17284e-10
7.01661e-10
7.19425e-10
7.01661e-10
6.85008e-10
6.35048e-10
7.01661e-10
6.35048e-10
8.49321e-10
9.55525e-08
9.55003e-08
9.56057e-08
9.56168e-08
9.5608e-08
9.56091e-08
9.56046e-08
9.54437e-08
9.56046e-08
9.56057e-08
9.54725e-08
9.54703e-08
9.54448e-08
9.55303e-08
9.54448e-08
9.54448e-08
9.55314e-08
9.54536e-08
9.55347e-08
9.55058e-08
1.18583e-05
1.18582e-05
1.18583e-05
1.18582e-05
1.18581e-05
1.18582e-05
1.18581e-05
1.1858e-05
1.18582e-05
1.18582e-05
1.1858e-05
1.18582e-05
1.1858e-05
1.18581e-05
1.1858e-05
1.1858e-05
1.18582e-05
1.18582e-05
1.18582e-05
1.18579e-05
0.00122928
0.00122928
0.00122928
0.00122928
0.00122928
0.00122928
0.00122928
0.00122928
0.00122928
0.00122928
0.00122928
0.00122928
0.00122928
0.00122928
0.00122928
0.00122928
0.00122928
0.00122928
0.00122928
0.00122928
0.1022
0.1022
0.1022
0.1022
0.1022
0.1022
0.1022
0.1022
0.1022
0.1022
0.1022
0.1022
0.1022
0.1022
0.1022
0.1022
0.1022
0.1022
0.1022
0.1022
6.39366
6.39366
6.39366
6.39366
6.39366
6.39366
6.39366
6.39366
6.39366
6.39366
6.39366
6.39366
6.39366
6.39366
6.39366
6.39366
6.39366
6.39366
6.39366
6.39366
268.193
268.193
268.193
268.193
268.193
268.193
268.193
268.193
268.193
268.193
268.193
268.193
268.193
268.193
268.193
268.193
268.193
268.193
268.193
268.193
5725.31
5725.31
5725.31
5725.31
5725.31
5725.31
5725.31
5725.31
5725.31
5725.31
5725.31
5725.31
5725.31
5725.31
5725.31
5725.31
5725.31
5725.31
5725.31
5725.31
)
;

boundaryField
{
    front
    {
        type            calculated;
        value           nonuniform List<scalar> 
20
(
-10926.8
-10926.8
-10926.8
-10926.8
-10926.8
-10926.8
-10926.8
-10926.8
-10926.8
-10926.8
-10926.8
-10926.8
-10926.8
-10926.8
-10926.8
-10926.8
-10926.8
-10926.8
-10926.8
-10926.8
)
;
    }
    back
    {
        type            calculated;
        value           nonuniform List<scalar> 
20
(
10926.8
10926.8
10926.8
10926.8
10926.8
10926.8
10926.8
10926.8
10926.8
10926.8
10926.8
10926.8
10926.8
10926.8
10926.8
10926.8
10926.8
10926.8
10926.8
10926.8
)
;
    }
    left
    {
        type            calculated;
        value           nonuniform List<scalar> 
20
(
-5725.31
-268.193
-6.39366
-0.1022
-0.00122928
-1.18581e-05
-9.5528e-08
-7.39409e-10
-3.55271e-11
-1.55431e-11
0
-2.22045e-12
6.65024e-10
9.55525e-08
1.18583e-05
0.00122928
0.1022
6.39366
268.193
5725.31
)
;
    }
    right
    {
        type            calculated;
        value           nonuniform List<scalar> 
20
(
-5725.31
-268.193
-6.39366
-0.1022
-0.00122928
-1.18582e-05
-9.57046e-08
-6.4726e-10
0
-1.9984e-11
1.11022e-12
-2.22045e-12
8.49321e-10
9.55058e-08
1.18579e-05
0.00122928
0.1022
6.39366
268.193
5725.31
)
;
    }
    top
    {
        type            calculated;
        value           nonuniform List<scalar> 
400
(
-5725.31
-268.193
-6.39366
-0.1022
-0.00122928
-1.18581e-05
-9.5528e-08
-7.39409e-10
-3.55271e-11
-1.55431e-11
0
-2.22045e-12
6.65024e-10
9.55525e-08
1.18583e-05
0.00122928
0.1022
6.39366
268.193
5725.31
-5725.31
-268.193
-6.39366
-0.1022
-0.00122928
-1.18581e-05
-9.55114e-08
-7.20535e-10
-5.55112e-12
0
0
0
6.55032e-10
9.55003e-08
1.18582e-05
0.00122928
0.1022
6.39366
268.193
5725.31
-5725.31
-268.193
-6.39366
-0.1022
-0.00122928
-1.18581e-05
-9.56224e-08
-7.23865e-10
-3.33067e-12
0
0
2.22045e-12
6.23945e-10
9.56057e-08
1.18583e-05
0.00122928
0.1022
6.39366
268.193
5725.31
-5725.31
-268.193
-6.39366
-0.1022
-0.00122928
-1.18582e-05
-9.55169e-08
-6.07292e-10
0
4.44089e-12
4.44089e-12
-4.44089e-12
6.91669e-10
9.56168e-08
1.18582e-05
0.00122928
0.1022
6.39366
268.193
5725.31
-5725.31
-268.193
-6.39366
-0.1022
-0.00122928
-1.1858e-05
-9.55469e-08
-6.80567e-10
-1.11022e-12
0
2.22045e-12
2.22045e-12
7.4607e-10
9.5608e-08
1.18581e-05
0.00122928
0.1022
6.39366
268.193
5725.31
-5725.31
-268.193
-6.39366
-0.1022
-0.00122928
-1.18581e-05
-9.55414e-08
-7.04992e-10
-1.11022e-12
-3.33067e-12
-1.11022e-12
2.22045e-12
7.07212e-10
9.56091e-08
1.18582e-05
0.00122928
0.1022
6.39366
268.193
5725.31
-5725.31
-268.193
-6.39366
-0.1022
-0.00122928
-1.18582e-05
-9.56224e-08
-6.4615e-10
-3.33067e-12
0
3.33067e-12
2.22045e-12
7.4607e-10
9.56046e-08
1.18581e-05
0.00122928
0.1022
6.39366
268.193
5725.31
-5725.31
-268.193
-6.39366
-0.1022
-0.00122928
-1.18582e-05
-9.56124e-08
-7.42739e-10
5.55112e-12
-4.44089e-12
-1.11022e-12
0
7.31637e-10
9.54437e-08
1.1858e-05
0.00122928
0.1022
6.39366
268.193
5725.31
-5725.31
-268.193
-6.39366
-0.1022
-0.00122928
-1.1858e-05
-9.56213e-08
-7.07212e-10
0
0
-3.33067e-12
2.22045e-12
6.63913e-10
9.56046e-08
1.18582e-05
0.00122928
0.1022
6.39366
268.193
5725.31
-5725.31
-268.193
-6.39366
-0.1022
-0.00122928
-1.18581e-05
-9.54858e-08
-7.21645e-10
-3.33067e-12
0
0
2.22045e-12
6.89448e-10
9.56057e-08
1.18582e-05
0.00122928
0.1022
6.39366
268.193
5725.31
-5725.31
-268.193
-6.39366
-0.1022
-0.00122928
-1.18581e-05
-9.55969e-08
-6.67244e-10
0
-1.11022e-12
0
0
7.00551e-10
9.54725e-08
1.1858e-05
0.00122928
0.1022
6.39366
268.193
5725.31
-5725.31
-268.193
-6.39366
-0.1022
-0.00122928
-1.18582e-05
-9.55747e-08
-7.49401e-10
-3.33067e-12
0
1.11022e-12
0
6.17284e-10
9.54703e-08
1.18582e-05
0.00122928
0.1022
6.39366
268.193
5725.31
-5725.31
-268.193
-6.39366
-0.1022
-0.00122928
-1.18582e-05
-9.56124e-08
-7.09433e-10
0
-3.33067e-12
0
0
7.01661e-10
9.54448e-08
1.1858e-05
0.00122928
0.1022
6.39366
268.193
5725.31
-5725.31
-268.193
-6.39366
-0.1022
-0.00122928
-1.18582e-05
-9.55735e-08
-7.49401e-10
-4.44089e-12
1.11022e-12
0
0
7.19425e-10
9.55303e-08
1.18581e-05
0.00122928
0.1022
6.39366
268.193
5725.31
-5725.31
-268.193
-6.39366
-0.1022
-0.00122928
-1.18582e-05
-9.56124e-08
-7.02771e-10
2.22045e-12
-3.33067e-12
-2.22045e-12
0
7.01661e-10
9.54448e-08
1.1858e-05
0.00122928
0.1022
6.39366
268.193
5725.31
-5725.31
-268.193
-6.39366
-0.1022
-0.00122928
-1.18581e-05
-9.56091e-08
-6.65024e-10
0
-3.33067e-12
0
0
6.85008e-10
9.54448e-08
1.1858e-05
0.00122928
0.1022
6.39366
268.193
5725.31
-5725.31
-268.193
-6.39366
-0.1022
-0.00122928
-1.18582e-05
-9.5649e-08
-7.28306e-10
0
0
3.33067e-12
1.11022e-12
6.35048e-10
9.55314e-08
1.18582e-05
0.00122928
0.1022
6.39366
268.193
5725.31
-5725.31
-268.193
-6.39366
-0.1022
-0.00122928
-1.18581e-05
-9.55969e-08
-7.11653e-10
0
-1.11022e-12
0
0
7.01661e-10
9.54536e-08
1.18582e-05
0.00122928
0.1022
6.39366
268.193
5725.31
-5725.31
-268.193
-6.39366
-0.1022
-0.00122928
-1.18581e-05
-9.56446e-08
-6.80567e-10
-2.22045e-12
1.11022e-12
1.11022e-12
0
6.35048e-10
9.55347e-08
1.18582e-05
0.00122928
0.1022
6.39366
268.193
5725.31
-5725.31
-268.193
-6.39366
-0.1022
-0.00122928
-1.18582e-05
-9.57046e-08
-6.4726e-10
0
-1.9984e-11
1.11022e-12
-2.22045e-12
8.49321e-10
9.55058e-08
1.18579e-05
0.00122928
0.1022
6.39366
268.193
5725.31
)
;
    }
    bottom
    {
        type            calculated;
        value           nonuniform List<scalar> 
400
(
-5725.31
-268.193
-6.39366
-0.1022
-0.00122928
-1.18581e-05
-9.5528e-08
-7.39409e-10
-3.55271e-11
-1.55431e-11
0
-2.22045e-12
6.65024e-10
9.55525e-08
1.18583e-05
0.00122928
0.1022
6.39366
268.193
5725.31
-5725.31
-268.193
-6.39366
-0.1022
-0.00122928
-1.18581e-05
-9.55114e-08
-7.20535e-10
-5.55112e-12
0
0
0
6.55032e-10
9.55003e-08
1.18582e-05
0.00122928
0.1022
6.39366
268.193
5725.31
-5725.31
-268.193
-6.39366
-0.1022
-0.00122928
-1.18581e-05
-9.56224e-08
-7.23865e-10
-3.33067e-12
0
0
2.22045e-12
6.23945e-10
9.56057e-08
1.18583e-05
0.00122928
0.1022
6.39366
268.193
5725.31
-5725.31
-268.193
-6.39366
-0.1022
-0.00122928
-1.18582e-05
-9.55169e-08
-6.07292e-10
0
4.44089e-12
4.44089e-12
-4.44089e-12
6.91669e-10
9.56168e-08
1.18582e-05
0.00122928
0.1022
6.39366
268.193
5725.31
-5725.31
-268.193
-6.39366
-0.1022
-0.00122928
-1.1858e-05
-9.55469e-08
-6.80567e-10
-1.11022e-12
0
2.22045e-12
2.22045e-12
7.4607e-10
9.5608e-08
1.18581e-05
0.00122928
0.1022
6.39366
268.193
5725.31
-5725.31
-268.193
-6.39366
-0.1022
-0.00122928
-1.18581e-05
-9.55414e-08
-7.04992e-10
-1.11022e-12
-3.33067e-12
-1.11022e-12
2.22045e-12
7.07212e-10
9.56091e-08
1.18582e-05
0.00122928
0.1022
6.39366
268.193
5725.31
-5725.31
-268.193
-6.39366
-0.1022
-0.00122928
-1.18582e-05
-9.56224e-08
-6.4615e-10
-3.33067e-12
0
3.33067e-12
2.22045e-12
7.4607e-10
9.56046e-08
1.18581e-05
0.00122928
0.1022
6.39366
268.193
5725.31
-5725.31
-268.193
-6.39366
-0.1022
-0.00122928
-1.18582e-05
-9.56124e-08
-7.42739e-10
5.55112e-12
-4.44089e-12
-1.11022e-12
0
7.31637e-10
9.54437e-08
1.1858e-05
0.00122928
0.1022
6.39366
268.193
5725.31
-5725.31
-268.193
-6.39366
-0.1022
-0.00122928
-1.1858e-05
-9.56213e-08
-7.07212e-10
0
0
-3.33067e-12
2.22045e-12
6.63913e-10
9.56046e-08
1.18582e-05
0.00122928
0.1022
6.39366
268.193
5725.31
-5725.31
-268.193
-6.39366
-0.1022
-0.00122928
-1.18581e-05
-9.54858e-08
-7.21645e-10
-3.33067e-12
0
0
2.22045e-12
6.89448e-10
9.56057e-08
1.18582e-05
0.00122928
0.1022
6.39366
268.193
5725.31
-5725.31
-268.193
-6.39366
-0.1022
-0.00122928
-1.18581e-05
-9.55969e-08
-6.67244e-10
0
-1.11022e-12
0
0
7.00551e-10
9.54725e-08
1.1858e-05
0.00122928
0.1022
6.39366
268.193
5725.31
-5725.31
-268.193
-6.39366
-0.1022
-0.00122928
-1.18582e-05
-9.55747e-08
-7.49401e-10
-3.33067e-12
0
1.11022e-12
0
6.17284e-10
9.54703e-08
1.18582e-05
0.00122928
0.1022
6.39366
268.193
5725.31
-5725.31
-268.193
-6.39366
-0.1022
-0.00122928
-1.18582e-05
-9.56124e-08
-7.09433e-10
0
-3.33067e-12
0
0
7.01661e-10
9.54448e-08
1.1858e-05
0.00122928
0.1022
6.39366
268.193
5725.31
-5725.31
-268.193
-6.39366
-0.1022
-0.00122928
-1.18582e-05
-9.55735e-08
-7.49401e-10
-4.44089e-12
1.11022e-12
0
0
7.19425e-10
9.55303e-08
1.18581e-05
0.00122928
0.1022
6.39366
268.193
5725.31
-5725.31
-268.193
-6.39366
-0.1022
-0.00122928
-1.18582e-05
-9.56124e-08
-7.02771e-10
2.22045e-12
-3.33067e-12
-2.22045e-12
0
7.01661e-10
9.54448e-08
1.1858e-05
0.00122928
0.1022
6.39366
268.193
5725.31
-5725.31
-268.193
-6.39366
-0.1022
-0.00122928
-1.18581e-05
-9.56091e-08
-6.65024e-10
0
-3.33067e-12
0
0
6.85008e-10
9.54448e-08
1.1858e-05
0.00122928
0.1022
6.39366
268.193
5725.31
-5725.31
-268.193
-6.39366
-0.1022
-0.00122928
-1.18582e-05
-9.5649e-08
-7.28306e-10
0
0
3.33067e-12
1.11022e-12
6.35048e-10
9.55314e-08
1.18582e-05
0.00122928
0.1022
6.39366
268.193
5725.31
-5725.31
-268.193
-6.39366
-0.1022
-0.00122928
-1.18581e-05
-9.55969e-08
-7.11653e-10
0
-1.11022e-12
0
0
7.01661e-10
9.54536e-08
1.18582e-05
0.00122928
0.1022
6.39366
268.193
5725.31
-5725.31
-268.193
-6.39366
-0.1022
-0.00122928
-1.18581e-05
-9.56446e-08
-6.80567e-10
-2.22045e-12
1.11022e-12
1.11022e-12
0
6.35048e-10
9.55347e-08
1.18582e-05
0.00122928
0.1022
6.39366
268.193
5725.31
-5725.31
-268.193
-6.39366
-0.1022
-0.00122928
-1.18582e-05
-9.57046e-08
-6.4726e-10
0
-1.9984e-11
1.11022e-12
-2.22045e-12
8.49321e-10
9.55058e-08
1.18579e-05
0.00122928
0.1022
6.39366
268.193
5725.31
)
;
    }
}


// ************************************************************************* //
