/*--------------------------------*- C++ -*----------------------------------*\
  =========                 |
  \\      /  F ield         | OpenFOAM: The Open Source CFD Toolbox
   \\    /   O peration     | Website:  https://openfoam.org
    \\  /    A nd           | Version:  8
     \\/     M anipulation  |
\*---------------------------------------------------------------------------*/
FoamFile
{
    version     2.0;
    format      ascii;
    class       volScalarField;
    location    "3";
    object      gradTx;
}
// * * * * * * * * * * * * * * * * * * * * * * * * * * * * * * * * * * * * * //

dimensions      [0 -1 0 1 0 0 0];

internalField   nonuniform List<scalar> 
400
(
-3.77898e-08
-3.84037e-08
-8.51541e-10
-1.56541e-10
8.88178e-11
1.34337e-10
1.73195e-10
-6.66134e-12
-8.65974e-11
-5.66214e-11
-1.58762e-10
2.22045e-11
2.22045e-12
-9.99201e-11
1.32117e-10
-2.9976e-11
2.22045e-11
1.15685e-09
3.77542e-08
3.67306e-08
-1.1724e-09
-1.22014e-09
-1.95399e-10
-1.11022e-11
8.10463e-11
6.21725e-11
0
-1.21014e-10
1.21014e-10
7.10543e-11
-1.88738e-10
2.9976e-11
1.46549e-10
-1.08802e-10
-9.54792e-11
-5.10703e-11
6.79456e-10
3.78486e-08
1.59757e-06
1.56045e-06
-6.99441e-11
-2.9976e-11
-2.22045e-11
-8.54872e-11
1.57652e-10
8.99281e-11
-3.66374e-11
-4.44089e-12
-3.66374e-11
4.88498e-11
-9.88098e-11
1.11022e-11
0
-1.92069e-10
1.34337e-10
9.4369e-11
1.22125e-11
1.95177e-09
7.73437e-08
7.55007e-08
3.10862e-11
1.22125e-11
-9.32587e-11
4.44089e-11
6.77236e-11
-1.25455e-10
1.40998e-10
8.88178e-11
-1.9984e-11
1.4877e-10
-1.23235e-10
-1.15463e-10
2.22045e-12
8.88178e-11
1.39888e-10
1.22125e-11
7.77156e-12
-1.03251e-10
1.72085e-09
1.8241e-09
-5.66214e-11
-4.10783e-11
-1.44329e-11
-9.32587e-11
3.33067e-12
1.42109e-10
1.66533e-10
-8.77076e-11
-1.37668e-10
1.11022e-12
1.45439e-10
1.16573e-10
0
1.77636e-11
-1.85407e-10
1.11022e-11
1.05471e-10
-1.35447e-10
4.996e-11
1.43219e-10
-4.66294e-11
6.32827e-11
0
-7.54952e-11
2.77556e-11
7.54952e-11
6.88338e-11
0
-1.25455e-10
-2.88658e-11
9.10383e-11
1.55431e-11
-1.11022e-12
0
3.10862e-11
3.66374e-11
-1.11022e-11
-1.11022e-12
1.06581e-10
5.44009e-11
-3.33067e-11
-3.33067e-11
-1.15463e-10
-4.32987e-11
1.0103e-10
-3.33067e-11
3.66374e-11
5.9952e-11
-2.22045e-11
-3.88578e-11
2.55351e-11
4.44089e-11
-1.11022e-12
-6.66134e-12
-7.88258e-11
1.9984e-11
4.32987e-11
-4.66294e-11
-4.32987e-11
-8.88178e-12
-3.10862e-11
-3.33067e-11
-4.44089e-12
0
3.33067e-12
0
-3.33067e-12
0
3.33067e-12
-3.33067e-12
0
0
1.11022e-12
0
-4.44089e-12
0
1.11022e-12
3.33067e-12
0
-4.44089e-12
-1.44329e-11
-1.66533e-11
-2.22045e-12
-1.11022e-12
4.44089e-12
1.11022e-12
-1.11022e-12
0
-2.22045e-12
0
-1.11022e-12
2.22045e-12
0
0
3.33067e-12
-3.33067e-12
-2.22045e-12
0
2.10942e-11
2.33147e-11
1.11022e-12
0
0
1.11022e-12
2.22045e-12
-1.11022e-12
2.22045e-12
3.33067e-12
-4.44089e-12
-3.33067e-12
0
0
0
2.22045e-12
0
-2.22045e-12
0
2.22045e-12
0
-2.22045e-12
0
-1.11022e-12
2.22045e-12
0
-3.33067e-12
0
-1.11022e-12
0
1.11022e-12
-1.11022e-12
-1.11022e-12
0
1.11022e-12
0
-1.11022e-12
0
0
1.11022e-12
2.22045e-12
1.11022e-12
0
0
4.44089e-12
4.44089e-12
-4.44089e-12
0
2.22045e-12
-3.33067e-12
-3.33067e-12
0
1.11022e-12
0
-1.11022e-12
0
0
3.33067e-12
0
0
1.11022e-12
-2.22045e-12
2.22045e-12
3.33067e-12
-2.22045e-12
0
3.33067e-12
0
-3.33067e-12
0
3.33067e-12
-3.33067e-12
-3.33067e-12
0
1.11022e-12
0
-1.11022e-12
1.11022e-12
0
0
0
-1.11022e-12
-1.11022e-11
-4.10783e-11
4.21885e-11
1.25455e-10
1.22125e-11
0
2.66454e-11
-8.65974e-11
-4.44089e-11
3.77476e-11
-7.10543e-11
-1.11022e-12
9.99201e-11
0
-3.21965e-11
-6.43929e-11
1.77636e-11
-1.11022e-12
1.4988e-10
2.12053e-10
-4.996e-11
5.55112e-11
1.15463e-10
3.33067e-12
-4.44089e-12
-4.44089e-12
-1.67644e-10
0
1.64313e-10
-1.36557e-10
-1.38778e-10
-2.77556e-11
6.32827e-11
0
-8.77076e-11
8.77076e-11
8.88178e-12
3.33067e-12
5.21805e-11
-2.9976e-11
-1.0103e-10
-3.9968e-11
9.54792e-11
1.11022e-12
-3.21965e-11
-3.33067e-12
-1.88738e-10
0
1.84297e-10
-1.58762e-10
-8.54872e-11
-1.9984e-11
2.22045e-12
-6.66134e-12
-1.07692e-10
1.42109e-10
2.19824e-10
-1.9984e-11
-1.63203e-10
-6.43929e-11
-1.91513e-09
-1.95843e-09
4.55191e-11
-1.77636e-11
1.12133e-10
-1.33227e-11
-1.9984e-10
8.43769e-11
1.36557e-10
7.32747e-11
6.77236e-11
-1.11022e-12
-2.14273e-10
-3.33067e-12
6.43929e-11
-1.44329e-10
6.99441e-11
-1.11022e-12
-8.32667e-11
5.9952e-11
-7.56517e-08
-7.74203e-08
-1.72862e-09
-2.44249e-11
-6.10623e-11
0
7.66054e-11
8.88178e-12
-7.99361e-11
-1.67644e-10
-6.10623e-11
2.38698e-10
1.33227e-11
0
-1.11022e-10
-1.0103e-10
1.52101e-10
-2.33147e-11
1.77636e-10
2.15383e-10
-1.5606e-06
-1.59762e-06
-3.75944e-08
-6.71685e-10
-7.43849e-11
2.22045e-12
1.92069e-10
1.93179e-10
-4.66294e-11
-7.66054e-11
6.32827e-11
0
-2.04281e-10
-1.11022e-12
6.43929e-11
-1.19904e-10
2.22045e-11
2.33147e-11
1.4333e-09
1.52434e-09
-3.66718e-08
-3.7671e-08
-1.24345e-09
-1.88738e-11
8.65974e-11
0
-7.88258e-11
-1.4766e-10
2.27596e-10
-4.32987e-11
-7.10543e-11
-2.77556e-11
7.77156e-11
-4.44089e-12
-2.43139e-10
1.55431e-11
2.10942e-11
8.31557e-10
3.84448e-08
3.76044e-08
)
;

boundaryField
{
    front
    {
        type            calculated;
        value           nonuniform List<scalar> 
20
(
-3.77898e-08
-3.84037e-08
-8.51541e-10
-1.56541e-10
8.88178e-11
1.34337e-10
1.73195e-10
-6.66134e-12
-8.65974e-11
-5.66214e-11
-1.58762e-10
2.22045e-11
2.22045e-12
-9.99201e-11
1.32117e-10
-2.9976e-11
2.22045e-11
1.15685e-09
3.77542e-08
3.67306e-08
)
;
    }
    back
    {
        type            calculated;
        value           nonuniform List<scalar> 
20
(
-3.66718e-08
-3.7671e-08
-1.24345e-09
-1.88738e-11
8.65974e-11
0
-7.88258e-11
-1.4766e-10
2.27596e-10
-4.32987e-11
-7.10543e-11
-2.77556e-11
7.77156e-11
-4.44089e-12
-2.43139e-10
1.55431e-11
2.10942e-11
8.31557e-10
3.84448e-08
3.76044e-08
)
;
    }
    left
    {
        type            calculated;
        value           uniform 0;
    }
    right
    {
        type            calculated;
        value           uniform 0;
    }
    top
    {
        type            calculated;
        value           nonuniform List<scalar> 
400
(
-3.77898e-08
-1.1724e-09
-6.99441e-11
3.10862e-11
-5.66214e-11
-4.66294e-11
-3.33067e-11
-3.10862e-11
-1.44329e-11
1.11022e-12
0
0
2.22045e-12
-1.11022e-11
-4.996e-11
-1.0103e-10
-1.91513e-09
-7.56517e-08
-1.5606e-06
-3.66718e-08
-3.84037e-08
-1.22014e-09
-2.9976e-11
1.22125e-11
-4.10783e-11
6.32827e-11
-3.33067e-11
-3.33067e-11
-1.66533e-11
0
-1.11022e-12
0
3.33067e-12
-4.10783e-11
5.55112e-11
-3.9968e-11
-1.95843e-09
-7.74203e-08
-1.59762e-06
-3.7671e-08
-8.51541e-10
-1.95399e-10
-2.22045e-11
-9.32587e-11
-1.44329e-11
0
-1.15463e-10
-4.44089e-12
-2.22045e-12
0
2.22045e-12
4.44089e-12
-2.22045e-12
4.21885e-11
1.15463e-10
9.54792e-11
4.55191e-11
-1.72862e-09
-3.75944e-08
-1.24345e-09
-1.56541e-10
-1.11022e-11
-8.54872e-11
4.44089e-11
-9.32587e-11
-7.54952e-11
-4.32987e-11
0
-1.11022e-12
1.11022e-12
0
4.44089e-12
0
1.25455e-10
3.33067e-12
1.11022e-12
-1.77636e-11
-2.44249e-11
-6.71685e-10
-1.88738e-11
8.88178e-11
8.10463e-11
1.57652e-10
6.77236e-11
3.33067e-12
2.77556e-11
1.0103e-10
3.33067e-12
4.44089e-12
2.22045e-12
-3.33067e-12
-4.44089e-12
3.33067e-12
1.22125e-11
-4.44089e-12
-3.21965e-11
1.12133e-10
-6.10623e-11
-7.43849e-11
8.65974e-11
1.34337e-10
6.21725e-11
8.99281e-11
-1.25455e-10
1.42109e-10
7.54952e-11
-3.33067e-11
0
1.11022e-12
-1.11022e-12
0
0
0
0
-4.44089e-12
-3.33067e-12
-1.33227e-11
0
2.22045e-12
0
1.73195e-10
0
-3.66374e-11
1.40998e-10
1.66533e-10
6.88338e-11
3.66374e-11
-3.33067e-12
-1.11022e-12
2.22045e-12
-1.11022e-12
2.22045e-12
-3.33067e-12
2.66454e-11
-1.67644e-10
-1.88738e-10
-1.9984e-10
7.66054e-11
1.92069e-10
-7.88258e-11
-6.66134e-12
-1.21014e-10
-4.44089e-12
8.88178e-11
-8.77076e-11
0
5.9952e-11
0
0
3.33067e-12
0
-3.33067e-12
0
-8.65974e-11
0
0
8.43769e-11
8.88178e-12
1.93179e-10
-1.4766e-10
-8.65974e-11
1.21014e-10
-3.66374e-11
-1.9984e-11
-1.37668e-10
-1.25455e-10
-2.22045e-11
3.33067e-12
-2.22045e-12
-4.44089e-12
1.11022e-12
-3.33067e-12
3.33067e-12
-4.44089e-11
1.64313e-10
1.84297e-10
1.36557e-10
-7.99361e-11
-4.66294e-11
2.27596e-10
-5.66214e-11
7.10543e-11
4.88498e-11
1.4877e-10
1.11022e-12
-2.88658e-11
-3.88578e-11
-3.33067e-12
0
-3.33067e-12
-1.11022e-12
0
-3.33067e-12
3.77476e-11
-1.36557e-10
-1.58762e-10
7.32747e-11
-1.67644e-10
-7.66054e-11
-4.32987e-11
-1.58762e-10
-1.88738e-10
-9.88098e-11
-1.23235e-10
1.45439e-10
9.10383e-11
2.55351e-11
0
-1.11022e-12
0
-1.11022e-12
1.11022e-12
-3.33067e-12
-7.10543e-11
-1.38778e-10
-8.54872e-11
6.77236e-11
-6.10623e-11
6.32827e-11
-7.10543e-11
2.22045e-11
2.9976e-11
1.11022e-11
-1.15463e-10
1.16573e-10
1.55431e-11
4.44089e-11
0
2.22045e-12
0
0
0
0
-1.11022e-12
-2.77556e-11
-1.9984e-11
-1.11022e-12
2.38698e-10
0
-2.77556e-11
2.22045e-12
1.46549e-10
0
2.22045e-12
0
-1.11022e-12
-1.11022e-12
1.11022e-12
0
0
1.11022e-12
-1.11022e-12
1.11022e-12
9.99201e-11
6.32827e-11
2.22045e-12
-2.14273e-10
1.33227e-11
-2.04281e-10
7.77156e-11
-9.99201e-11
-1.08802e-10
-1.92069e-10
8.88178e-11
1.77636e-11
0
-6.66134e-12
0
0
2.22045e-12
0
0
0
0
0
-6.66134e-12
-3.33067e-12
0
-1.11022e-12
-4.44089e-12
1.32117e-10
-9.54792e-11
1.34337e-10
1.39888e-10
-1.85407e-10
3.10862e-11
-7.88258e-11
-4.44089e-12
3.33067e-12
0
-1.11022e-12
0
-1.11022e-12
-3.21965e-11
-8.77076e-11
-1.07692e-10
6.43929e-11
-1.11022e-10
6.43929e-11
-2.43139e-10
-2.9976e-11
-5.10703e-11
9.4369e-11
1.22125e-11
1.11022e-11
3.66374e-11
1.9984e-11
0
-3.33067e-12
-2.22045e-12
0
3.33067e-12
1.11022e-12
-6.43929e-11
8.77076e-11
1.42109e-10
-1.44329e-10
-1.0103e-10
-1.19904e-10
1.55431e-11
2.22045e-11
6.79456e-10
1.22125e-11
7.77156e-12
1.05471e-10
-1.11022e-11
4.32987e-11
1.11022e-12
-2.22045e-12
0
0
0
0
1.77636e-11
8.88178e-12
2.19824e-10
6.99441e-11
1.52101e-10
2.22045e-11
2.10942e-11
1.15685e-09
3.78486e-08
1.95177e-09
-1.03251e-10
-1.35447e-10
-1.11022e-12
-4.66294e-11
3.33067e-12
0
2.22045e-12
1.11022e-12
0
0
-1.11022e-12
3.33067e-12
-1.9984e-11
-1.11022e-12
-2.33147e-11
2.33147e-11
8.31557e-10
3.77542e-08
1.59757e-06
7.73437e-08
1.72085e-09
4.996e-11
1.06581e-10
-4.32987e-11
0
2.10942e-11
0
2.22045e-12
1.11022e-12
0
1.4988e-10
5.21805e-11
-1.63203e-10
-8.32667e-11
1.77636e-10
1.4333e-09
3.84448e-08
3.67306e-08
1.56045e-06
7.55007e-08
1.8241e-09
1.43219e-10
5.44009e-11
-8.88178e-12
-4.44089e-12
2.33147e-11
-2.22045e-12
1.11022e-12
-2.22045e-12
-1.11022e-12
2.12053e-10
-2.9976e-11
-6.43929e-11
5.9952e-11
2.15383e-10
1.52434e-09
3.76044e-08
)
;
    }
    bottom
    {
        type            calculated;
        value           nonuniform List<scalar> 
400
(
-3.77898e-08
-1.1724e-09
-6.99441e-11
3.10862e-11
-5.66214e-11
-4.66294e-11
-3.33067e-11
-3.10862e-11
-1.44329e-11
1.11022e-12
0
0
2.22045e-12
-1.11022e-11
-4.996e-11
-1.0103e-10
-1.91513e-09
-7.56517e-08
-1.5606e-06
-3.66718e-08
-3.84037e-08
-1.22014e-09
-2.9976e-11
1.22125e-11
-4.10783e-11
6.32827e-11
-3.33067e-11
-3.33067e-11
-1.66533e-11
0
-1.11022e-12
0
3.33067e-12
-4.10783e-11
5.55112e-11
-3.9968e-11
-1.95843e-09
-7.74203e-08
-1.59762e-06
-3.7671e-08
-8.51541e-10
-1.95399e-10
-2.22045e-11
-9.32587e-11
-1.44329e-11
0
-1.15463e-10
-4.44089e-12
-2.22045e-12
0
2.22045e-12
4.44089e-12
-2.22045e-12
4.21885e-11
1.15463e-10
9.54792e-11
4.55191e-11
-1.72862e-09
-3.75944e-08
-1.24345e-09
-1.56541e-10
-1.11022e-11
-8.54872e-11
4.44089e-11
-9.32587e-11
-7.54952e-11
-4.32987e-11
0
-1.11022e-12
1.11022e-12
0
4.44089e-12
0
1.25455e-10
3.33067e-12
1.11022e-12
-1.77636e-11
-2.44249e-11
-6.71685e-10
-1.88738e-11
8.88178e-11
8.10463e-11
1.57652e-10
6.77236e-11
3.33067e-12
2.77556e-11
1.0103e-10
3.33067e-12
4.44089e-12
2.22045e-12
-3.33067e-12
-4.44089e-12
3.33067e-12
1.22125e-11
-4.44089e-12
-3.21965e-11
1.12133e-10
-6.10623e-11
-7.43849e-11
8.65974e-11
1.34337e-10
6.21725e-11
8.99281e-11
-1.25455e-10
1.42109e-10
7.54952e-11
-3.33067e-11
0
1.11022e-12
-1.11022e-12
0
0
0
0
-4.44089e-12
-3.33067e-12
-1.33227e-11
0
2.22045e-12
0
1.73195e-10
0
-3.66374e-11
1.40998e-10
1.66533e-10
6.88338e-11
3.66374e-11
-3.33067e-12
-1.11022e-12
2.22045e-12
-1.11022e-12
2.22045e-12
-3.33067e-12
2.66454e-11
-1.67644e-10
-1.88738e-10
-1.9984e-10
7.66054e-11
1.92069e-10
-7.88258e-11
-6.66134e-12
-1.21014e-10
-4.44089e-12
8.88178e-11
-8.77076e-11
0
5.9952e-11
0
0
3.33067e-12
0
-3.33067e-12
0
-8.65974e-11
0
0
8.43769e-11
8.88178e-12
1.93179e-10
-1.4766e-10
-8.65974e-11
1.21014e-10
-3.66374e-11
-1.9984e-11
-1.37668e-10
-1.25455e-10
-2.22045e-11
3.33067e-12
-2.22045e-12
-4.44089e-12
1.11022e-12
-3.33067e-12
3.33067e-12
-4.44089e-11
1.64313e-10
1.84297e-10
1.36557e-10
-7.99361e-11
-4.66294e-11
2.27596e-10
-5.66214e-11
7.10543e-11
4.88498e-11
1.4877e-10
1.11022e-12
-2.88658e-11
-3.88578e-11
-3.33067e-12
0
-3.33067e-12
-1.11022e-12
0
-3.33067e-12
3.77476e-11
-1.36557e-10
-1.58762e-10
7.32747e-11
-1.67644e-10
-7.66054e-11
-4.32987e-11
-1.58762e-10
-1.88738e-10
-9.88098e-11
-1.23235e-10
1.45439e-10
9.10383e-11
2.55351e-11
0
-1.11022e-12
0
-1.11022e-12
1.11022e-12
-3.33067e-12
-7.10543e-11
-1.38778e-10
-8.54872e-11
6.77236e-11
-6.10623e-11
6.32827e-11
-7.10543e-11
2.22045e-11
2.9976e-11
1.11022e-11
-1.15463e-10
1.16573e-10
1.55431e-11
4.44089e-11
0
2.22045e-12
0
0
0
0
-1.11022e-12
-2.77556e-11
-1.9984e-11
-1.11022e-12
2.38698e-10
0
-2.77556e-11
2.22045e-12
1.46549e-10
0
2.22045e-12
0
-1.11022e-12
-1.11022e-12
1.11022e-12
0
0
1.11022e-12
-1.11022e-12
1.11022e-12
9.99201e-11
6.32827e-11
2.22045e-12
-2.14273e-10
1.33227e-11
-2.04281e-10
7.77156e-11
-9.99201e-11
-1.08802e-10
-1.92069e-10
8.88178e-11
1.77636e-11
0
-6.66134e-12
0
0
2.22045e-12
0
0
0
0
0
-6.66134e-12
-3.33067e-12
0
-1.11022e-12
-4.44089e-12
1.32117e-10
-9.54792e-11
1.34337e-10
1.39888e-10
-1.85407e-10
3.10862e-11
-7.88258e-11
-4.44089e-12
3.33067e-12
0
-1.11022e-12
0
-1.11022e-12
-3.21965e-11
-8.77076e-11
-1.07692e-10
6.43929e-11
-1.11022e-10
6.43929e-11
-2.43139e-10
-2.9976e-11
-5.10703e-11
9.4369e-11
1.22125e-11
1.11022e-11
3.66374e-11
1.9984e-11
0
-3.33067e-12
-2.22045e-12
0
3.33067e-12
1.11022e-12
-6.43929e-11
8.77076e-11
1.42109e-10
-1.44329e-10
-1.0103e-10
-1.19904e-10
1.55431e-11
2.22045e-11
6.79456e-10
1.22125e-11
7.77156e-12
1.05471e-10
-1.11022e-11
4.32987e-11
1.11022e-12
-2.22045e-12
0
0
0
0
1.77636e-11
8.88178e-12
2.19824e-10
6.99441e-11
1.52101e-10
2.22045e-11
2.10942e-11
1.15685e-09
3.78486e-08
1.95177e-09
-1.03251e-10
-1.35447e-10
-1.11022e-12
-4.66294e-11
3.33067e-12
0
2.22045e-12
1.11022e-12
0
0
-1.11022e-12
3.33067e-12
-1.9984e-11
-1.11022e-12
-2.33147e-11
2.33147e-11
8.31557e-10
3.77542e-08
1.59757e-06
7.73437e-08
1.72085e-09
4.996e-11
1.06581e-10
-4.32987e-11
0
2.10942e-11
0
2.22045e-12
1.11022e-12
0
1.4988e-10
5.21805e-11
-1.63203e-10
-8.32667e-11
1.77636e-10
1.4333e-09
3.84448e-08
3.67306e-08
1.56045e-06
7.55007e-08
1.8241e-09
1.43219e-10
5.44009e-11
-8.88178e-12
-4.44089e-12
2.33147e-11
-2.22045e-12
1.11022e-12
-2.22045e-12
-1.11022e-12
2.12053e-10
-2.9976e-11
-6.43929e-11
5.9952e-11
2.15383e-10
1.52434e-09
3.76044e-08
)
;
    }
}


// ************************************************************************* //
