/*--------------------------------*- C++ -*----------------------------------*\
  =========                 |
  \\      /  F ield         | OpenFOAM: The Open Source CFD Toolbox
   \\    /   O peration     | Website:  https://openfoam.org
    \\  /    A nd           | Version:  8
     \\/     M anipulation  |
\*---------------------------------------------------------------------------*/
FoamFile
{
    version     2.0;
    format      ascii;
    class       volScalarField;
    location    "3";
    object      T;
}
// * * * * * * * * * * * * * * * * * * * * * * * * * * * * * * * * * * * * * //

dimensions      [0 0 0 1 0 0 0];

internalField   nonuniform List<scalar> 
400
(
299.83
299.83
299.83
299.83
299.83
299.83
299.83
299.83
299.83
299.83
299.83
299.83
299.83
299.83
299.83
299.83
299.83
299.83
299.83
299.83
273.639
273.639
273.639
273.639
273.639
273.639
273.639
273.639
273.639
273.639
273.639
273.639
273.639
273.639
273.639
273.639
273.639
273.639
273.639
273.639
273.01
273.01
273.01
273.01
273.01
273.01
273.01
273.01
273.01
273.01
273.01
273.01
273.01
273.01
273.01
273.01
273.01
273.01
273.01
273.01
273
273
273
273
273
273
273
273
273
273
273
273
273
273
273
273
273
273
273
273
273
273
273
273
273
273
273
273
273
273
273
273
273
273
273
273
273
273
273
273
273
273
273
273
273
273
273
273
273
273
273
273
273
273
273
273
273
273
273
273
273
273
273
273
273
273
273
273
273
273
273
273
273
273
273
273
273
273
273
273
273
273
273
273
273
273
273
273
273
273
273
273
273
273
273
273
273
273
273
273
273
273
273
273
273
273
273
273
273
273
273
273
273
273
273
273
273
273
273
273
273
273
273
273
273
273
273
273
273
273
273
273
273
273
273
273
273
273
273
273
273
273
273
273
273
273
273
273
273
273
273
273
273
273
273
273
273
273
273
273
273
273
273
273
273
273
273
273
273
273
273
273
273
273
273
273
273
273
273
273
273
273
273
273
273
273
273
273
273
273
273
273
273
273
273
273
273
273
273
273
273
273
273
273
273
273
273
273
273
273
273
273
273
273
273
273
273
273
273
273
273
273
273
273
273
273
273
273
273
273
273
273
273
273
273
273
273
273
273
273
273
273
273
273
273
273
273
273
273
273
273
273
273
273
273
273
273
273
273
273
273
273
273
273
273
273
273
273
273
273
273
273
273
273
273
273
273
273
273
273
273.01
273.01
273.01
273.01
273.01
273.01
273.01
273.01
273.01
273.01
273.01
273.01
273.01
273.01
273.01
273.01
273.01
273.01
273.01
273.01
273.639
273.639
273.639
273.639
273.639
273.639
273.639
273.639
273.639
273.639
273.639
273.639
273.639
273.639
273.639
273.639
273.639
273.639
273.639
273.639
299.83
299.83
299.83
299.83
299.83
299.83
299.83
299.83
299.83
299.83
299.83
299.83
299.83
299.83
299.83
299.83
299.83
299.83
299.83
299.83
)
;

boundaryField
{
    front
    {
        type            fixedValue;
        value           uniform 573;
    }
    back
    {
        type            fixedValue;
        value           uniform 573;
    }
    left
    {
        type            zeroGradient;
    }
    right
    {
        type            zeroGradient;
    }
    top
    {
        type            zeroGradient;
    }
    bottom
    {
        type            zeroGradient;
    }
}


// ************************************************************************* //
