/*--------------------------------*- C++ -*----------------------------------*\
  =========                 |
  \\      /  F ield         | OpenFOAM: The Open Source CFD Toolbox
   \\    /   O peration     | Website:  https://openfoam.org
    \\  /    A nd           | Version:  8
     \\/     M anipulation  |
\*---------------------------------------------------------------------------*/
FoamFile
{
    version     2.0;
    format      ascii;
    class       volScalarField;
    location    "1.4";
    object      gradTy;
}
// * * * * * * * * * * * * * * * * * * * * * * * * * * * * * * * * * * * * * //

dimensions      [0 -1 0 1 0 0 0];

internalField   nonuniform List<scalar> 
400
(
-5868.57
-5868.57
-5868.57
-5868.57
-5868.57
-5868.57
-5868.57
-5868.57
-5868.57
-5868.57
-5868.57
-5868.57
-5868.57
-5868.57
-5868.57
-5868.57
-5868.57
-5868.57
-5868.57
-5868.57
-129.968
-129.968
-129.968
-129.968
-129.968
-129.968
-129.968
-129.968
-129.968
-129.968
-129.968
-129.968
-129.968
-129.968
-129.968
-129.968
-129.968
-129.968
-129.968
-129.968
-1.45512
-1.45512
-1.45512
-1.45512
-1.45512
-1.45512
-1.45512
-1.45512
-1.45512
-1.45512
-1.45512
-1.45512
-1.45512
-1.45512
-1.45512
-1.45512
-1.45512
-1.45512
-1.45512
-1.45512
-0.0109201
-0.0109201
-0.0109201
-0.0109201
-0.0109201
-0.0109201
-0.0109201
-0.0109201
-0.0109201
-0.0109201
-0.0109201
-0.0109201
-0.0109201
-0.0109201
-0.0109201
-0.0109201
-0.0109201
-0.0109201
-0.0109201
-0.0109201
-6.17275e-05
-6.17275e-05
-6.17275e-05
-6.17275e-05
-6.17275e-05
-6.17275e-05
-6.17275e-05
-6.17276e-05
-6.17275e-05
-6.17276e-05
-6.17276e-05
-6.17275e-05
-6.17275e-05
-6.17275e-05
-6.17276e-05
-6.17276e-05
-6.17276e-05
-6.17276e-05
-6.17275e-05
-6.17277e-05
-2.80237e-07
-2.80221e-07
-2.80229e-07
-2.8022e-07
-2.8019e-07
-2.8022e-07
-2.80255e-07
-2.80294e-07
-2.80214e-07
-2.8023e-07
-2.80213e-07
-2.80295e-07
-2.80265e-07
-2.80295e-07
-2.80276e-07
-2.80214e-07
-2.80275e-07
-2.8026e-07
-2.80219e-07
-2.8027e-07
-1.04694e-09
-1.0647e-09
-1.10689e-09
-1.06914e-09
-1.07914e-09
-1.07248e-09
-1.10578e-09
-1.10245e-09
-1.10689e-09
-1.0536e-09
-1.09912e-09
-1.08913e-09
-1.10134e-09
-1.08691e-09
-1.10134e-09
-1.10134e-09
-1.11355e-09
-1.09912e-09
-1.11022e-09
-1.14131e-09
0
1.11022e-12
-1.11022e-12
0
-1.11022e-12
4.44089e-12
0
-1.11022e-12
0
-1.11022e-12
1.11022e-12
-3.33067e-12
3.33067e-12
-4.44089e-12
1.11022e-12
3.33067e-12
-5.55112e-12
1.11022e-12
0
2.22045e-11
-3.55271e-11
-5.55112e-12
-3.33067e-12
0
-1.11022e-12
-1.11022e-12
-3.33067e-12
5.55112e-12
0
-3.33067e-12
0
-3.33067e-12
0
-4.44089e-12
2.22045e-12
0
0
0
-2.22045e-12
0
-1.55431e-11
0
0
4.44089e-12
0
-3.33067e-12
0
-4.44089e-12
0
0
-1.11022e-12
0
-3.33067e-12
1.11022e-12
-3.33067e-12
-3.33067e-12
0
-1.11022e-12
1.11022e-12
-1.9984e-11
0
0
0
4.44089e-12
2.22045e-12
-1.11022e-12
3.33067e-12
-1.11022e-12
-3.33067e-12
0
0
1.11022e-12
0
0
-2.22045e-12
0
3.33067e-12
0
1.11022e-12
1.11022e-12
-2.22045e-12
0
2.22045e-12
-4.44089e-12
2.22045e-12
2.22045e-12
2.22045e-12
0
2.22045e-12
2.22045e-12
0
0
0
0
0
0
1.11022e-12
0
0
-2.22045e-12
0
0
0
-3.33067e-12
0
0
0
1.11022e-12
0
0
1.11022e-12
-1.11022e-12
1.11022e-12
1.11022e-12
1.11022e-12
0
-3.33067e-12
1.11022e-12
-3.33067e-12
9.4369e-11
1.08136e-09
1.06026e-09
1.09912e-09
1.10689e-09
1.09801e-09
1.09801e-09
1.09801e-09
1.03806e-09
1.09801e-09
1.09801e-09
1.05693e-09
1.05804e-09
1.03806e-09
1.07581e-09
1.03806e-09
1.03806e-09
1.07692e-09
1.04139e-09
1.07692e-09
1.06026e-09
2.80276e-07
2.80246e-07
2.80279e-07
2.80289e-07
2.80276e-07
2.80278e-07
2.80275e-07
2.80185e-07
2.80278e-07
2.80278e-07
2.802e-07
2.80234e-07
2.80186e-07
2.8024e-07
2.80186e-07
2.80187e-07
2.80255e-07
2.80287e-07
2.80242e-07
2.80119e-07
6.17278e-05
6.17275e-05
6.17275e-05
6.17275e-05
6.17275e-05
6.17276e-05
6.17275e-05
6.17275e-05
6.17275e-05
6.17276e-05
6.17276e-05
6.17276e-05
6.17276e-05
6.17275e-05
6.17276e-05
6.17276e-05
6.17275e-05
6.17276e-05
6.17275e-05
6.17275e-05
0.0109201
0.0109201
0.0109201
0.0109201
0.0109201
0.0109201
0.0109201
0.0109201
0.0109201
0.0109201
0.0109201
0.0109201
0.0109201
0.0109201
0.0109201
0.0109201
0.0109201
0.0109201
0.0109201
0.0109201
1.45512
1.45512
1.45512
1.45512
1.45512
1.45512
1.45512
1.45512
1.45512
1.45512
1.45512
1.45512
1.45512
1.45512
1.45512
1.45512
1.45512
1.45512
1.45512
1.45512
129.968
129.968
129.968
129.968
129.968
129.968
129.968
129.968
129.968
129.968
129.968
129.968
129.968
129.968
129.968
129.968
129.968
129.968
129.968
129.968
5868.57
5868.57
5868.57
5868.57
5868.57
5868.57
5868.57
5868.57
5868.57
5868.57
5868.57
5868.57
5868.57
5868.57
5868.57
5868.57
5868.57
5868.57
5868.57
5868.57
)
;

boundaryField
{
    front
    {
        type            calculated;
        value           nonuniform List<scalar> 
20
(
-11480.1
-11480.1
-11480.1
-11480.1
-11480.1
-11480.1
-11480.1
-11480.1
-11480.1
-11480.1
-11480.1
-11480.1
-11480.1
-11480.1
-11480.1
-11480.1
-11480.1
-11480.1
-11480.1
-11480.1
)
;
    }
    back
    {
        type            calculated;
        value           nonuniform List<scalar> 
20
(
11480.1
11480.1
11480.1
11480.1
11480.1
11480.1
11480.1
11480.1
11480.1
11480.1
11480.1
11480.1
11480.1
11480.1
11480.1
11480.1
11480.1
11480.1
11480.1
11480.1
)
;
    }
    left
    {
        type            calculated;
        value           nonuniform List<scalar> 
20
(
-5868.57
-129.968
-1.45512
-0.0109201
-6.17275e-05
-2.80237e-07
-1.04694e-09
0
-3.55271e-11
-1.55431e-11
0
-2.22045e-12
0
1.08136e-09
2.80276e-07
6.17278e-05
0.0109201
1.45512
129.968
5868.57
)
;
    }
    right
    {
        type            calculated;
        value           nonuniform List<scalar> 
20
(
-5868.57
-129.968
-1.45512
-0.0109201
-6.17277e-05
-2.8027e-07
-1.14131e-09
2.22045e-11
0
-1.9984e-11
1.11022e-12
-2.22045e-12
9.4369e-11
1.06026e-09
2.80119e-07
6.17275e-05
0.0109201
1.45512
129.968
5868.57
)
;
    }
    top
    {
        type            calculated;
        value           nonuniform List<scalar> 
400
(
-5868.57
-129.968
-1.45512
-0.0109201
-6.17275e-05
-2.80237e-07
-1.04694e-09
0
-3.55271e-11
-1.55431e-11
0
-2.22045e-12
0
1.08136e-09
2.80276e-07
6.17278e-05
0.0109201
1.45512
129.968
5868.57
-5868.57
-129.968
-1.45512
-0.0109201
-6.17275e-05
-2.80221e-07
-1.0647e-09
1.11022e-12
-5.55112e-12
0
0
0
0
1.06026e-09
2.80246e-07
6.17275e-05
0.0109201
1.45512
129.968
5868.57
-5868.57
-129.968
-1.45512
-0.0109201
-6.17275e-05
-2.80229e-07
-1.10689e-09
-1.11022e-12
-3.33067e-12
0
0
2.22045e-12
0
1.09912e-09
2.80279e-07
6.17275e-05
0.0109201
1.45512
129.968
5868.57
-5868.57
-129.968
-1.45512
-0.0109201
-6.17275e-05
-2.8022e-07
-1.06914e-09
0
0
4.44089e-12
4.44089e-12
-4.44089e-12
-3.33067e-12
1.10689e-09
2.80289e-07
6.17275e-05
0.0109201
1.45512
129.968
5868.57
-5868.57
-129.968
-1.45512
-0.0109201
-6.17275e-05
-2.8019e-07
-1.07914e-09
-1.11022e-12
-1.11022e-12
0
2.22045e-12
2.22045e-12
0
1.09801e-09
2.80276e-07
6.17275e-05
0.0109201
1.45512
129.968
5868.57
-5868.57
-129.968
-1.45512
-0.0109201
-6.17275e-05
-2.8022e-07
-1.07248e-09
4.44089e-12
-1.11022e-12
-3.33067e-12
-1.11022e-12
2.22045e-12
0
1.09801e-09
2.80278e-07
6.17276e-05
0.0109201
1.45512
129.968
5868.57
-5868.57
-129.968
-1.45512
-0.0109201
-6.17275e-05
-2.80255e-07
-1.10578e-09
0
-3.33067e-12
0
3.33067e-12
2.22045e-12
0
1.09801e-09
2.80275e-07
6.17275e-05
0.0109201
1.45512
129.968
5868.57
-5868.57
-129.968
-1.45512
-0.0109201
-6.17276e-05
-2.80294e-07
-1.10245e-09
-1.11022e-12
5.55112e-12
-4.44089e-12
-1.11022e-12
0
1.11022e-12
1.03806e-09
2.80185e-07
6.17275e-05
0.0109201
1.45512
129.968
5868.57
-5868.57
-129.968
-1.45512
-0.0109201
-6.17275e-05
-2.80214e-07
-1.10689e-09
0
0
0
-3.33067e-12
2.22045e-12
0
1.09801e-09
2.80278e-07
6.17275e-05
0.0109201
1.45512
129.968
5868.57
-5868.57
-129.968
-1.45512
-0.0109201
-6.17276e-05
-2.8023e-07
-1.0536e-09
-1.11022e-12
-3.33067e-12
0
0
2.22045e-12
0
1.09801e-09
2.80278e-07
6.17276e-05
0.0109201
1.45512
129.968
5868.57
-5868.57
-129.968
-1.45512
-0.0109201
-6.17276e-05
-2.80213e-07
-1.09912e-09
1.11022e-12
0
-1.11022e-12
0
0
1.11022e-12
1.05693e-09
2.802e-07
6.17276e-05
0.0109201
1.45512
129.968
5868.57
-5868.57
-129.968
-1.45512
-0.0109201
-6.17275e-05
-2.80295e-07
-1.08913e-09
-3.33067e-12
-3.33067e-12
0
1.11022e-12
0
-1.11022e-12
1.05804e-09
2.80234e-07
6.17276e-05
0.0109201
1.45512
129.968
5868.57
-5868.57
-129.968
-1.45512
-0.0109201
-6.17275e-05
-2.80265e-07
-1.10134e-09
3.33067e-12
0
-3.33067e-12
0
0
1.11022e-12
1.03806e-09
2.80186e-07
6.17276e-05
0.0109201
1.45512
129.968
5868.57
-5868.57
-129.968
-1.45512
-0.0109201
-6.17275e-05
-2.80295e-07
-1.08691e-09
-4.44089e-12
-4.44089e-12
1.11022e-12
0
0
1.11022e-12
1.07581e-09
2.8024e-07
6.17275e-05
0.0109201
1.45512
129.968
5868.57
-5868.57
-129.968
-1.45512
-0.0109201
-6.17276e-05
-2.80276e-07
-1.10134e-09
1.11022e-12
2.22045e-12
-3.33067e-12
-2.22045e-12
0
1.11022e-12
1.03806e-09
2.80186e-07
6.17276e-05
0.0109201
1.45512
129.968
5868.57
-5868.57
-129.968
-1.45512
-0.0109201
-6.17276e-05
-2.80214e-07
-1.10134e-09
3.33067e-12
0
-3.33067e-12
0
0
0
1.03806e-09
2.80187e-07
6.17276e-05
0.0109201
1.45512
129.968
5868.57
-5868.57
-129.968
-1.45512
-0.0109201
-6.17276e-05
-2.80275e-07
-1.11355e-09
-5.55112e-12
0
0
3.33067e-12
1.11022e-12
-3.33067e-12
1.07692e-09
2.80255e-07
6.17275e-05
0.0109201
1.45512
129.968
5868.57
-5868.57
-129.968
-1.45512
-0.0109201
-6.17276e-05
-2.8026e-07
-1.09912e-09
1.11022e-12
0
-1.11022e-12
0
0
1.11022e-12
1.04139e-09
2.80287e-07
6.17276e-05
0.0109201
1.45512
129.968
5868.57
-5868.57
-129.968
-1.45512
-0.0109201
-6.17275e-05
-2.80219e-07
-1.11022e-09
0
-2.22045e-12
1.11022e-12
1.11022e-12
0
-3.33067e-12
1.07692e-09
2.80242e-07
6.17275e-05
0.0109201
1.45512
129.968
5868.57
-5868.57
-129.968
-1.45512
-0.0109201
-6.17277e-05
-2.8027e-07
-1.14131e-09
2.22045e-11
0
-1.9984e-11
1.11022e-12
-2.22045e-12
9.4369e-11
1.06026e-09
2.80119e-07
6.17275e-05
0.0109201
1.45512
129.968
5868.57
)
;
    }
    bottom
    {
        type            calculated;
        value           nonuniform List<scalar> 
400
(
-5868.57
-129.968
-1.45512
-0.0109201
-6.17275e-05
-2.80237e-07
-1.04694e-09
0
-3.55271e-11
-1.55431e-11
0
-2.22045e-12
0
1.08136e-09
2.80276e-07
6.17278e-05
0.0109201
1.45512
129.968
5868.57
-5868.57
-129.968
-1.45512
-0.0109201
-6.17275e-05
-2.80221e-07
-1.0647e-09
1.11022e-12
-5.55112e-12
0
0
0
0
1.06026e-09
2.80246e-07
6.17275e-05
0.0109201
1.45512
129.968
5868.57
-5868.57
-129.968
-1.45512
-0.0109201
-6.17275e-05
-2.80229e-07
-1.10689e-09
-1.11022e-12
-3.33067e-12
0
0
2.22045e-12
0
1.09912e-09
2.80279e-07
6.17275e-05
0.0109201
1.45512
129.968
5868.57
-5868.57
-129.968
-1.45512
-0.0109201
-6.17275e-05
-2.8022e-07
-1.06914e-09
0
0
4.44089e-12
4.44089e-12
-4.44089e-12
-3.33067e-12
1.10689e-09
2.80289e-07
6.17275e-05
0.0109201
1.45512
129.968
5868.57
-5868.57
-129.968
-1.45512
-0.0109201
-6.17275e-05
-2.8019e-07
-1.07914e-09
-1.11022e-12
-1.11022e-12
0
2.22045e-12
2.22045e-12
0
1.09801e-09
2.80276e-07
6.17275e-05
0.0109201
1.45512
129.968
5868.57
-5868.57
-129.968
-1.45512
-0.0109201
-6.17275e-05
-2.8022e-07
-1.07248e-09
4.44089e-12
-1.11022e-12
-3.33067e-12
-1.11022e-12
2.22045e-12
0
1.09801e-09
2.80278e-07
6.17276e-05
0.0109201
1.45512
129.968
5868.57
-5868.57
-129.968
-1.45512
-0.0109201
-6.17275e-05
-2.80255e-07
-1.10578e-09
0
-3.33067e-12
0
3.33067e-12
2.22045e-12
0
1.09801e-09
2.80275e-07
6.17275e-05
0.0109201
1.45512
129.968
5868.57
-5868.57
-129.968
-1.45512
-0.0109201
-6.17276e-05
-2.80294e-07
-1.10245e-09
-1.11022e-12
5.55112e-12
-4.44089e-12
-1.11022e-12
0
1.11022e-12
1.03806e-09
2.80185e-07
6.17275e-05
0.0109201
1.45512
129.968
5868.57
-5868.57
-129.968
-1.45512
-0.0109201
-6.17275e-05
-2.80214e-07
-1.10689e-09
0
0
0
-3.33067e-12
2.22045e-12
0
1.09801e-09
2.80278e-07
6.17275e-05
0.0109201
1.45512
129.968
5868.57
-5868.57
-129.968
-1.45512
-0.0109201
-6.17276e-05
-2.8023e-07
-1.0536e-09
-1.11022e-12
-3.33067e-12
0
0
2.22045e-12
0
1.09801e-09
2.80278e-07
6.17276e-05
0.0109201
1.45512
129.968
5868.57
-5868.57
-129.968
-1.45512
-0.0109201
-6.17276e-05
-2.80213e-07
-1.09912e-09
1.11022e-12
0
-1.11022e-12
0
0
1.11022e-12
1.05693e-09
2.802e-07
6.17276e-05
0.0109201
1.45512
129.968
5868.57
-5868.57
-129.968
-1.45512
-0.0109201
-6.17275e-05
-2.80295e-07
-1.08913e-09
-3.33067e-12
-3.33067e-12
0
1.11022e-12
0
-1.11022e-12
1.05804e-09
2.80234e-07
6.17276e-05
0.0109201
1.45512
129.968
5868.57
-5868.57
-129.968
-1.45512
-0.0109201
-6.17275e-05
-2.80265e-07
-1.10134e-09
3.33067e-12
0
-3.33067e-12
0
0
1.11022e-12
1.03806e-09
2.80186e-07
6.17276e-05
0.0109201
1.45512
129.968
5868.57
-5868.57
-129.968
-1.45512
-0.0109201
-6.17275e-05
-2.80295e-07
-1.08691e-09
-4.44089e-12
-4.44089e-12
1.11022e-12
0
0
1.11022e-12
1.07581e-09
2.8024e-07
6.17275e-05
0.0109201
1.45512
129.968
5868.57
-5868.57
-129.968
-1.45512
-0.0109201
-6.17276e-05
-2.80276e-07
-1.10134e-09
1.11022e-12
2.22045e-12
-3.33067e-12
-2.22045e-12
0
1.11022e-12
1.03806e-09
2.80186e-07
6.17276e-05
0.0109201
1.45512
129.968
5868.57
-5868.57
-129.968
-1.45512
-0.0109201
-6.17276e-05
-2.80214e-07
-1.10134e-09
3.33067e-12
0
-3.33067e-12
0
0
0
1.03806e-09
2.80187e-07
6.17276e-05
0.0109201
1.45512
129.968
5868.57
-5868.57
-129.968
-1.45512
-0.0109201
-6.17276e-05
-2.80275e-07
-1.11355e-09
-5.55112e-12
0
0
3.33067e-12
1.11022e-12
-3.33067e-12
1.07692e-09
2.80255e-07
6.17275e-05
0.0109201
1.45512
129.968
5868.57
-5868.57
-129.968
-1.45512
-0.0109201
-6.17276e-05
-2.8026e-07
-1.09912e-09
1.11022e-12
0
-1.11022e-12
0
0
1.11022e-12
1.04139e-09
2.80287e-07
6.17276e-05
0.0109201
1.45512
129.968
5868.57
-5868.57
-129.968
-1.45512
-0.0109201
-6.17275e-05
-2.80219e-07
-1.11022e-09
0
-2.22045e-12
1.11022e-12
1.11022e-12
0
-3.33067e-12
1.07692e-09
2.80242e-07
6.17275e-05
0.0109201
1.45512
129.968
5868.57
-5868.57
-129.968
-1.45512
-0.0109201
-6.17277e-05
-2.8027e-07
-1.14131e-09
2.22045e-11
0
-1.9984e-11
1.11022e-12
-2.22045e-12
9.4369e-11
1.06026e-09
2.80119e-07
6.17275e-05
0.0109201
1.45512
129.968
5868.57
)
;
    }
}


// ************************************************************************* //
