/*--------------------------------*- C++ -*----------------------------------*\
  =========                 |
  \\      /  F ield         | OpenFOAM: The Open Source CFD Toolbox
   \\    /   O peration     | Website:  https://openfoam.org
    \\  /    A nd           | Version:  8
     \\/     M anipulation  |
\*---------------------------------------------------------------------------*/
FoamFile
{
    version     2.0;
    format      ascii;
    class       volScalarField;
    location    "1.4";
    object      gradTx;
}
// * * * * * * * * * * * * * * * * * * * * * * * * * * * * * * * * * * * * * //

dimensions      [0 -1 0 1 0 0 0];

internalField   nonuniform List<scalar> 
400
(
-8.97393e-09
-9.04388e-09
-1.86517e-10
-7.66054e-11
4.10783e-11
5.9952e-11
7.99361e-11
-4.44089e-12
-3.77476e-11
-2.44249e-11
-7.88258e-11
7.77156e-12
0
-4.10783e-11
6.88338e-11
-1.55431e-11
1.11022e-12
1.12133e-10
8.95728e-09
8.89511e-09
-1.0103e-10
-1.15463e-10
-8.43769e-11
-5.55112e-12
3.77476e-11
3.21965e-11
2.22045e-12
-6.10623e-11
5.88418e-11
3.77476e-11
-8.88178e-11
1.22125e-11
7.10543e-11
-5.21805e-11
-4.55191e-11
-2.55351e-11
9.76996e-11
8.97948e-09
8.04057e-07
7.95199e-07
-2.44249e-11
-2.22045e-12
-2.22045e-12
-4.66294e-11
6.88338e-11
4.55191e-11
-1.66533e-11
0
-1.66533e-11
1.33227e-11
-4.77396e-11
1.66533e-11
0
-9.88098e-11
6.43929e-11
4.55191e-11
-1.22125e-11
2.65343e-10
1.81322e-08
1.79057e-08
1.44329e-11
0
-4.77396e-11
2.55351e-11
3.44169e-11
-6.43929e-11
6.66134e-11
4.66294e-11
-6.66134e-12
7.43849e-11
-6.21725e-11
-6.10623e-11
0
4.66294e-11
6.99441e-11
6.66134e-12
-2.22045e-12
-7.10543e-11
1.35447e-10
1.9873e-10
-2.88658e-11
-2.33147e-11
-3.33067e-12
-4.21885e-11
0
6.66134e-11
7.66054e-11
-3.88578e-11
-6.77236e-11
-1.11022e-12
6.55032e-11
5.21805e-11
0
1.33227e-11
-8.54872e-11
2.22045e-12
4.77396e-11
-5.9952e-11
8.88178e-12
4.996e-11
-1.33227e-11
2.77556e-11
0
-2.77556e-11
7.77156e-12
2.66454e-11
2.44249e-11
0
-4.32987e-11
-1.22125e-11
3.55271e-11
3.33067e-12
-1.11022e-12
0
9.99201e-12
1.11022e-11
-2.22045e-12
0
4.21885e-11
2.88658e-11
-1.33227e-11
-1.55431e-11
-2.22045e-12
-2.22045e-12
1.11022e-12
-1.11022e-12
5.55112e-12
0
-2.22045e-12
-1.11022e-12
1.11022e-12
0
0
2.22045e-12
-3.33067e-12
2.22045e-12
0
-4.44089e-12
0
0
-3.10862e-11
-3.33067e-11
-4.44089e-12
0
3.33067e-12
0
-3.33067e-12
0
3.33067e-12
-3.33067e-12
0
0
1.11022e-12
0
-4.44089e-12
0
1.11022e-12
3.33067e-12
0
-4.44089e-12
-1.44329e-11
-1.66533e-11
-2.22045e-12
-1.11022e-12
4.44089e-12
1.11022e-12
-1.11022e-12
0
-2.22045e-12
0
-1.11022e-12
2.22045e-12
0
0
3.33067e-12
-3.33067e-12
-2.22045e-12
0
2.10942e-11
2.33147e-11
1.11022e-12
0
0
1.11022e-12
2.22045e-12
-1.11022e-12
2.22045e-12
3.33067e-12
-4.44089e-12
-3.33067e-12
0
0
0
2.22045e-12
0
-2.22045e-12
0
2.22045e-12
0
-2.22045e-12
0
-1.11022e-12
2.22045e-12
0
-3.33067e-12
0
-1.11022e-12
0
1.11022e-12
-1.11022e-12
-1.11022e-12
0
1.11022e-12
0
-1.11022e-12
0
0
1.11022e-12
2.22045e-12
1.11022e-12
0
0
4.44089e-12
4.44089e-12
-4.44089e-12
0
2.22045e-12
-3.33067e-12
-3.33067e-12
0
1.11022e-12
0
-1.11022e-12
0
0
3.33067e-12
0
0
1.11022e-12
-2.22045e-12
2.22045e-12
3.33067e-12
-2.22045e-12
0
3.33067e-12
0
-3.33067e-12
0
3.33067e-12
-3.33067e-12
-3.33067e-12
0
1.11022e-12
0
-1.11022e-12
1.11022e-12
0
0
0
-1.11022e-12
0
0
1.11022e-12
3.33067e-12
0
0
4.44089e-12
-4.44089e-12
-4.44089e-12
1.11022e-12
0
0
1.11022e-12
0
-1.11022e-12
0
1.11022e-12
-1.11022e-12
9.54792e-11
9.4369e-11
-1.88738e-11
2.22045e-11
4.44089e-11
0
-5.55112e-12
0
-6.55032e-11
0
6.55032e-11
-4.44089e-11
-4.44089e-11
-1.9984e-11
1.88738e-11
1.11022e-12
-3.9968e-11
3.9968e-11
3.33067e-12
0
1.77636e-11
-1.55431e-11
-3.10862e-11
2.22045e-12
4.32987e-11
0
-1.11022e-11
-2.22045e-12
-8.88178e-11
0
8.77076e-11
-7.77156e-11
-4.44089e-11
-1.11022e-11
6.66134e-12
0
-5.32907e-11
6.66134e-11
9.99201e-11
-1.22125e-11
-7.21645e-11
-2.77556e-11
-2.4647e-10
-2.54241e-10
4.21885e-11
-6.66134e-12
5.9952e-11
-6.66134e-12
-1.05471e-10
3.88578e-11
6.77236e-11
4.10783e-11
2.88658e-11
1.11022e-12
-1.0103e-10
0
3.33067e-11
-7.43849e-11
3.33067e-11
0
-4.21885e-11
3.33067e-11
-1.7979e-08
-1.81688e-08
-1.54321e-10
-3.33067e-12
-3.66374e-11
0
4.66294e-11
7.77156e-12
-4.55191e-11
-8.10463e-11
-2.88658e-11
1.23235e-10
5.55112e-12
0
-5.32907e-11
-5.44009e-11
7.77156e-11
-1.44329e-11
7.32747e-11
9.54792e-11
-7.95277e-07
-8.04089e-07
-8.86513e-09
-9.54792e-11
-3.33067e-11
0
1.0103e-10
9.32587e-11
-3.21965e-11
-3.66374e-11
3.77476e-11
2.22045e-12
-9.88098e-11
0
3.21965e-11
-5.55112e-11
6.66134e-12
-1.11022e-12
2.28706e-10
2.78666e-10
-8.86291e-09
-8.9162e-09
-1.66533e-10
0
4.10783e-11
0
-3.44169e-11
-7.66054e-11
1.13243e-10
-1.9984e-11
-3.55271e-11
-1.55431e-11
3.77476e-11
0
-1.16573e-10
6.66134e-12
3.33067e-12
1.73195e-10
9.07385e-09
8.89178e-09
)
;

boundaryField
{
    front
    {
        type            calculated;
        value           nonuniform List<scalar> 
20
(
-8.97393e-09
-9.04388e-09
-1.86517e-10
-7.66054e-11
4.10783e-11
5.9952e-11
7.99361e-11
-4.44089e-12
-3.77476e-11
-2.44249e-11
-7.88258e-11
7.77156e-12
0
-4.10783e-11
6.88338e-11
-1.55431e-11
1.11022e-12
1.12133e-10
8.95728e-09
8.89511e-09
)
;
    }
    back
    {
        type            calculated;
        value           nonuniform List<scalar> 
20
(
-8.86291e-09
-8.9162e-09
-1.66533e-10
0
4.10783e-11
0
-3.44169e-11
-7.66054e-11
1.13243e-10
-1.9984e-11
-3.55271e-11
-1.55431e-11
3.77476e-11
0
-1.16573e-10
6.66134e-12
3.33067e-12
1.73195e-10
9.07385e-09
8.89178e-09
)
;
    }
    left
    {
        type            calculated;
        value           uniform 0;
    }
    right
    {
        type            calculated;
        value           uniform 0;
    }
    top
    {
        type            calculated;
        value           nonuniform List<scalar> 
400
(
-8.97393e-09
-1.0103e-10
-2.44249e-11
1.44329e-11
-2.88658e-11
-1.33227e-11
-1.33227e-11
-3.10862e-11
-1.44329e-11
1.11022e-12
0
0
2.22045e-12
0
-1.88738e-11
-3.10862e-11
-2.4647e-10
-1.7979e-08
-7.95277e-07
-8.86291e-09
-9.04388e-09
-1.15463e-10
-2.22045e-12
0
-2.33147e-11
2.77556e-11
-1.55431e-11
-3.33067e-11
-1.66533e-11
0
-1.11022e-12
0
3.33067e-12
0
2.22045e-11
2.22045e-12
-2.54241e-10
-1.81688e-08
-8.04089e-07
-8.9162e-09
-1.86517e-10
-8.43769e-11
-2.22045e-12
-4.77396e-11
-3.33067e-12
0
-2.22045e-12
-4.44089e-12
-2.22045e-12
0
2.22045e-12
4.44089e-12
-2.22045e-12
1.11022e-12
4.44089e-11
4.32987e-11
4.21885e-11
-1.54321e-10
-8.86513e-09
-1.66533e-10
-7.66054e-11
-5.55112e-12
-4.66294e-11
2.55351e-11
-4.21885e-11
-2.77556e-11
-2.22045e-12
0
-1.11022e-12
1.11022e-12
0
4.44089e-12
0
3.33067e-12
0
0
-6.66134e-12
-3.33067e-12
-9.54792e-11
0
4.10783e-11
3.77476e-11
6.88338e-11
3.44169e-11
0
7.77156e-12
1.11022e-12
3.33067e-12
4.44089e-12
2.22045e-12
-3.33067e-12
-4.44089e-12
3.33067e-12
0
-5.55112e-12
-1.11022e-11
5.9952e-11
-3.66374e-11
-3.33067e-11
4.10783e-11
5.9952e-11
3.21965e-11
4.55191e-11
-6.43929e-11
6.66134e-11
2.66454e-11
-1.11022e-12
0
1.11022e-12
-1.11022e-12
0
0
0
0
0
-2.22045e-12
-6.66134e-12
0
0
0
7.99361e-11
2.22045e-12
-1.66533e-11
6.66134e-11
7.66054e-11
2.44249e-11
5.55112e-12
-3.33067e-12
-1.11022e-12
2.22045e-12
-1.11022e-12
2.22045e-12
-3.33067e-12
4.44089e-12
-6.55032e-11
-8.88178e-11
-1.05471e-10
4.66294e-11
1.0103e-10
-3.44169e-11
-4.44089e-12
-6.10623e-11
0
4.66294e-11
-3.88578e-11
0
0
0
0
3.33067e-12
0
-3.33067e-12
0
-4.44089e-12
0
0
3.88578e-11
7.77156e-12
9.32587e-11
-7.66054e-11
-3.77476e-11
5.88418e-11
-1.66533e-11
-6.66134e-12
-6.77236e-11
-4.32987e-11
-2.22045e-12
3.33067e-12
-2.22045e-12
-4.44089e-12
1.11022e-12
-3.33067e-12
3.33067e-12
-4.44089e-12
6.55032e-11
8.77076e-11
6.77236e-11
-4.55191e-11
-3.21965e-11
1.13243e-10
-2.44249e-11
3.77476e-11
1.33227e-11
7.43849e-11
-1.11022e-12
-1.22125e-11
-1.11022e-12
-3.33067e-12
0
-3.33067e-12
-1.11022e-12
0
-3.33067e-12
1.11022e-12
-4.44089e-11
-7.77156e-11
4.10783e-11
-8.10463e-11
-3.66374e-11
-1.9984e-11
-7.88258e-11
-8.88178e-11
-4.77396e-11
-6.21725e-11
6.55032e-11
3.55271e-11
1.11022e-12
0
-1.11022e-12
0
-1.11022e-12
1.11022e-12
-3.33067e-12
0
-4.44089e-11
-4.44089e-11
2.88658e-11
-2.88658e-11
3.77476e-11
-3.55271e-11
7.77156e-12
1.22125e-11
1.66533e-11
-6.10623e-11
5.21805e-11
3.33067e-12
0
0
2.22045e-12
0
0
0
0
0
-1.9984e-11
-1.11022e-11
1.11022e-12
1.23235e-10
2.22045e-12
-1.55431e-11
0
7.10543e-11
0
0
0
-1.11022e-12
0
1.11022e-12
0
0
1.11022e-12
-1.11022e-12
1.11022e-12
1.11022e-12
1.88738e-11
6.66134e-12
-1.0103e-10
5.55112e-12
-9.88098e-11
3.77476e-11
-4.10783e-11
-5.21805e-11
-9.88098e-11
4.66294e-11
1.33227e-11
0
2.22045e-12
0
0
2.22045e-12
0
0
0
0
1.11022e-12
0
0
0
0
0
6.88338e-11
-4.55191e-11
6.43929e-11
6.99441e-11
-8.54872e-11
9.99201e-12
-3.33067e-12
-4.44089e-12
3.33067e-12
0
-1.11022e-12
0
-1.11022e-12
-1.11022e-12
-3.9968e-11
-5.32907e-11
3.33067e-11
-5.32907e-11
3.21965e-11
-1.16573e-10
-1.55431e-11
-2.55351e-11
4.55191e-11
6.66134e-12
2.22045e-12
1.11022e-11
2.22045e-12
0
-3.33067e-12
-2.22045e-12
0
3.33067e-12
1.11022e-12
0
3.9968e-11
6.66134e-11
-7.43849e-11
-5.44009e-11
-5.55112e-11
6.66134e-12
1.11022e-12
9.76996e-11
-1.22125e-11
-2.22045e-12
4.77396e-11
-2.22045e-12
0
1.11022e-12
-2.22045e-12
0
0
0
0
1.11022e-12
3.33067e-12
9.99201e-11
3.33067e-11
7.77156e-11
6.66134e-12
3.33067e-12
1.12133e-10
8.97948e-09
2.65343e-10
-7.10543e-11
-5.9952e-11
0
-4.44089e-12
3.33067e-12
0
2.22045e-12
1.11022e-12
0
0
-1.11022e-12
0
-1.22125e-11
0
-1.44329e-11
-1.11022e-12
1.73195e-10
8.95728e-09
8.04057e-07
1.81322e-08
1.35447e-10
8.88178e-12
4.21885e-11
0
0
2.10942e-11
0
2.22045e-12
1.11022e-12
0
9.54792e-11
1.77636e-11
-7.21645e-11
-4.21885e-11
7.32747e-11
2.28706e-10
9.07385e-09
8.89511e-09
7.95199e-07
1.79057e-08
1.9873e-10
4.996e-11
2.88658e-11
0
-4.44089e-12
2.33147e-11
-2.22045e-12
1.11022e-12
-2.22045e-12
-1.11022e-12
9.4369e-11
-1.55431e-11
-2.77556e-11
3.33067e-11
9.54792e-11
2.78666e-10
8.89178e-09
)
;
    }
    bottom
    {
        type            calculated;
        value           nonuniform List<scalar> 
400
(
-8.97393e-09
-1.0103e-10
-2.44249e-11
1.44329e-11
-2.88658e-11
-1.33227e-11
-1.33227e-11
-3.10862e-11
-1.44329e-11
1.11022e-12
0
0
2.22045e-12
0
-1.88738e-11
-3.10862e-11
-2.4647e-10
-1.7979e-08
-7.95277e-07
-8.86291e-09
-9.04388e-09
-1.15463e-10
-2.22045e-12
0
-2.33147e-11
2.77556e-11
-1.55431e-11
-3.33067e-11
-1.66533e-11
0
-1.11022e-12
0
3.33067e-12
0
2.22045e-11
2.22045e-12
-2.54241e-10
-1.81688e-08
-8.04089e-07
-8.9162e-09
-1.86517e-10
-8.43769e-11
-2.22045e-12
-4.77396e-11
-3.33067e-12
0
-2.22045e-12
-4.44089e-12
-2.22045e-12
0
2.22045e-12
4.44089e-12
-2.22045e-12
1.11022e-12
4.44089e-11
4.32987e-11
4.21885e-11
-1.54321e-10
-8.86513e-09
-1.66533e-10
-7.66054e-11
-5.55112e-12
-4.66294e-11
2.55351e-11
-4.21885e-11
-2.77556e-11
-2.22045e-12
0
-1.11022e-12
1.11022e-12
0
4.44089e-12
0
3.33067e-12
0
0
-6.66134e-12
-3.33067e-12
-9.54792e-11
0
4.10783e-11
3.77476e-11
6.88338e-11
3.44169e-11
0
7.77156e-12
1.11022e-12
3.33067e-12
4.44089e-12
2.22045e-12
-3.33067e-12
-4.44089e-12
3.33067e-12
0
-5.55112e-12
-1.11022e-11
5.9952e-11
-3.66374e-11
-3.33067e-11
4.10783e-11
5.9952e-11
3.21965e-11
4.55191e-11
-6.43929e-11
6.66134e-11
2.66454e-11
-1.11022e-12
0
1.11022e-12
-1.11022e-12
0
0
0
0
0
-2.22045e-12
-6.66134e-12
0
0
0
7.99361e-11
2.22045e-12
-1.66533e-11
6.66134e-11
7.66054e-11
2.44249e-11
5.55112e-12
-3.33067e-12
-1.11022e-12
2.22045e-12
-1.11022e-12
2.22045e-12
-3.33067e-12
4.44089e-12
-6.55032e-11
-8.88178e-11
-1.05471e-10
4.66294e-11
1.0103e-10
-3.44169e-11
-4.44089e-12
-6.10623e-11
0
4.66294e-11
-3.88578e-11
0
0
0
0
3.33067e-12
0
-3.33067e-12
0
-4.44089e-12
0
0
3.88578e-11
7.77156e-12
9.32587e-11
-7.66054e-11
-3.77476e-11
5.88418e-11
-1.66533e-11
-6.66134e-12
-6.77236e-11
-4.32987e-11
-2.22045e-12
3.33067e-12
-2.22045e-12
-4.44089e-12
1.11022e-12
-3.33067e-12
3.33067e-12
-4.44089e-12
6.55032e-11
8.77076e-11
6.77236e-11
-4.55191e-11
-3.21965e-11
1.13243e-10
-2.44249e-11
3.77476e-11
1.33227e-11
7.43849e-11
-1.11022e-12
-1.22125e-11
-1.11022e-12
-3.33067e-12
0
-3.33067e-12
-1.11022e-12
0
-3.33067e-12
1.11022e-12
-4.44089e-11
-7.77156e-11
4.10783e-11
-8.10463e-11
-3.66374e-11
-1.9984e-11
-7.88258e-11
-8.88178e-11
-4.77396e-11
-6.21725e-11
6.55032e-11
3.55271e-11
1.11022e-12
0
-1.11022e-12
0
-1.11022e-12
1.11022e-12
-3.33067e-12
0
-4.44089e-11
-4.44089e-11
2.88658e-11
-2.88658e-11
3.77476e-11
-3.55271e-11
7.77156e-12
1.22125e-11
1.66533e-11
-6.10623e-11
5.21805e-11
3.33067e-12
0
0
2.22045e-12
0
0
0
0
0
-1.9984e-11
-1.11022e-11
1.11022e-12
1.23235e-10
2.22045e-12
-1.55431e-11
0
7.10543e-11
0
0
0
-1.11022e-12
0
1.11022e-12
0
0
1.11022e-12
-1.11022e-12
1.11022e-12
1.11022e-12
1.88738e-11
6.66134e-12
-1.0103e-10
5.55112e-12
-9.88098e-11
3.77476e-11
-4.10783e-11
-5.21805e-11
-9.88098e-11
4.66294e-11
1.33227e-11
0
2.22045e-12
0
0
2.22045e-12
0
0
0
0
1.11022e-12
0
0
0
0
0
6.88338e-11
-4.55191e-11
6.43929e-11
6.99441e-11
-8.54872e-11
9.99201e-12
-3.33067e-12
-4.44089e-12
3.33067e-12
0
-1.11022e-12
0
-1.11022e-12
-1.11022e-12
-3.9968e-11
-5.32907e-11
3.33067e-11
-5.32907e-11
3.21965e-11
-1.16573e-10
-1.55431e-11
-2.55351e-11
4.55191e-11
6.66134e-12
2.22045e-12
1.11022e-11
2.22045e-12
0
-3.33067e-12
-2.22045e-12
0
3.33067e-12
1.11022e-12
0
3.9968e-11
6.66134e-11
-7.43849e-11
-5.44009e-11
-5.55112e-11
6.66134e-12
1.11022e-12
9.76996e-11
-1.22125e-11
-2.22045e-12
4.77396e-11
-2.22045e-12
0
1.11022e-12
-2.22045e-12
0
0
0
0
1.11022e-12
3.33067e-12
9.99201e-11
3.33067e-11
7.77156e-11
6.66134e-12
3.33067e-12
1.12133e-10
8.97948e-09
2.65343e-10
-7.10543e-11
-5.9952e-11
0
-4.44089e-12
3.33067e-12
0
2.22045e-12
1.11022e-12
0
0
-1.11022e-12
0
-1.22125e-11
0
-1.44329e-11
-1.11022e-12
1.73195e-10
8.95728e-09
8.04057e-07
1.81322e-08
1.35447e-10
8.88178e-12
4.21885e-11
0
0
2.10942e-11
0
2.22045e-12
1.11022e-12
0
9.54792e-11
1.77636e-11
-7.21645e-11
-4.21885e-11
7.32747e-11
2.28706e-10
9.07385e-09
8.89511e-09
7.95199e-07
1.79057e-08
1.9873e-10
4.996e-11
2.88658e-11
0
-4.44089e-12
2.33147e-11
-2.22045e-12
1.11022e-12
-2.22045e-12
-1.11022e-12
9.4369e-11
-1.55431e-11
-2.77556e-11
3.33067e-11
9.54792e-11
2.78666e-10
8.89178e-09
)
;
    }
}


// ************************************************************************* //
