/*--------------------------------*- C++ -*----------------------------------*\
  =========                 |
  \\      /  F ield         | OpenFOAM: The Open Source CFD Toolbox
   \\    /   O peration     | Website:  https://openfoam.org
    \\  /    A nd           | Version:  8
     \\/     M anipulation  |
\*---------------------------------------------------------------------------*/
FoamFile
{
    version     2.0;
    format      ascii;
    class       volScalarField;
    location    "2.9";
    object      gradTx;
}
// * * * * * * * * * * * * * * * * * * * * * * * * * * * * * * * * * * * * * //

dimensions      [0 -1 0 1 0 0 0];

internalField   nonuniform List<scalar> 
400
(
-3.55005e-08
-3.60567e-08
-7.87148e-10
-1.5099e-10
8.43769e-11
1.31006e-10
1.67644e-10
-8.88178e-12
-8.21565e-11
-5.44009e-11
-1.52101e-10
1.9984e-11
1.11022e-12
-9.76996e-11
1.28786e-10
-2.66454e-11
1.88738e-11
1.04916e-09
3.54705e-08
3.45446e-08
-1.06248e-09
-1.10356e-09
-1.85407e-10
-1.44329e-11
7.88258e-11
6.21725e-11
1.11022e-12
-1.17684e-10
1.16573e-10
6.77236e-11
-1.83187e-10
2.9976e-11
1.39888e-10
-1.05471e-10
-8.77076e-11
-5.10703e-11
6.19504e-10
3.55527e-08
1.55159e-06
1.5167e-06
-6.10623e-11
-2.66454e-11
-1.9984e-11
-8.10463e-11
1.53211e-10
8.88178e-11
-3.9968e-11
-7.77156e-12
-3.33067e-11
4.88498e-11
-9.65894e-11
1.33227e-11
0
-1.86517e-10
1.28786e-10
9.21485e-11
6.66134e-12
1.77858e-09
7.2603e-08
7.09255e-08
2.88658e-11
7.77156e-12
-8.88178e-11
4.21885e-11
6.55032e-11
-1.19904e-10
1.36557e-10
8.77076e-11
-2.22045e-11
1.43219e-10
-1.19904e-10
-1.12133e-10
2.22045e-12
8.65974e-11
1.36557e-10
1.33227e-11
6.66134e-12
-1.05471e-10
1.55431e-09
1.65867e-09
-5.66214e-11
-3.88578e-11
-1.44329e-11
-8.99281e-11
3.33067e-12
1.36557e-10
1.63203e-10
-8.43769e-11
-1.35447e-10
0
1.39888e-10
1.16573e-10
0
1.55431e-11
-1.78746e-10
8.88178e-12
1.03251e-10
-1.28786e-10
4.32987e-11
1.38778e-10
-4.32987e-11
6.10623e-11
0
-7.21645e-11
2.55351e-11
7.10543e-11
6.88338e-11
0
-1.21014e-10
-2.77556e-11
8.77076e-11
1.66533e-11
-1.11022e-12
0
2.9976e-11
3.33067e-11
-1.11022e-11
0
1.0103e-10
5.10703e-11
-3.10862e-11
-3.21965e-11
-1.09912e-10
-3.9968e-11
9.65894e-11
-3.33067e-11
3.66374e-11
5.66214e-11
-2.22045e-11
-3.55271e-11
2.44249e-11
4.10783e-11
-1.11022e-12
-6.66134e-12
-7.32747e-11
1.88738e-11
4.10783e-11
-4.10783e-11
-3.88578e-11
-9.99201e-12
-3.10862e-11
-3.33067e-11
-4.44089e-12
0
3.33067e-12
0
-3.33067e-12
0
3.33067e-12
-3.33067e-12
0
0
1.11022e-12
0
-4.44089e-12
0
1.11022e-12
3.33067e-12
0
-4.44089e-12
-1.44329e-11
-1.66533e-11
-2.22045e-12
-1.11022e-12
4.44089e-12
1.11022e-12
-1.11022e-12
0
-2.22045e-12
0
-1.11022e-12
2.22045e-12
0
0
3.33067e-12
-3.33067e-12
-2.22045e-12
0
2.10942e-11
2.33147e-11
1.11022e-12
0
0
1.11022e-12
2.22045e-12
-1.11022e-12
2.22045e-12
3.33067e-12
-4.44089e-12
-3.33067e-12
0
0
0
2.22045e-12
0
-2.22045e-12
0
2.22045e-12
0
-2.22045e-12
0
-1.11022e-12
2.22045e-12
0
-3.33067e-12
0
-1.11022e-12
0
1.11022e-12
-1.11022e-12
-1.11022e-12
0
1.11022e-12
0
-1.11022e-12
0
0
1.11022e-12
2.22045e-12
1.11022e-12
0
0
4.44089e-12
4.44089e-12
-4.44089e-12
0
2.22045e-12
-3.33067e-12
-3.33067e-12
0
1.11022e-12
0
-1.11022e-12
0
0
3.33067e-12
0
0
1.11022e-12
-2.22045e-12
2.22045e-12
3.33067e-12
-2.22045e-12
0
3.33067e-12
0
-3.33067e-12
0
3.33067e-12
-3.33067e-12
-3.33067e-12
0
1.11022e-12
0
-1.11022e-12
1.11022e-12
0
0
0
-1.11022e-12
-1.22125e-11
-3.9968e-11
3.77476e-11
1.15463e-10
1.11022e-11
0
2.55351e-11
-7.99361e-11
-4.21885e-11
3.44169e-11
-6.66134e-11
0
9.4369e-11
0
-2.9976e-11
-6.10623e-11
1.55431e-11
-1.11022e-12
1.45439e-10
2.04281e-10
-4.996e-11
5.21805e-11
1.09912e-10
4.44089e-12
-4.44089e-12
-4.44089e-12
-1.60982e-10
0
1.56541e-10
-1.29896e-10
-1.33227e-10
-2.55351e-11
5.77316e-11
0
-8.21565e-11
8.21565e-11
6.66134e-12
3.33067e-12
5.10703e-11
-2.77556e-11
-9.4369e-11
-3.66374e-11
9.10383e-11
0
-3.21965e-11
-3.33067e-12
-1.83187e-10
0
1.80966e-10
-1.55431e-10
-8.32667e-11
-1.77636e-11
2.22045e-12
-5.55112e-12
-1.05471e-10
1.37668e-10
2.13163e-10
-2.22045e-11
-1.57652e-10
-6.21725e-11
-1.74638e-09
-1.78302e-09
4.996e-11
-1.77636e-11
1.06581e-10
-1.22125e-11
-1.96509e-10
8.32667e-11
1.33227e-10
6.88338e-11
6.55032e-11
-1.11022e-12
-2.07612e-10
-2.22045e-12
6.32827e-11
-1.39888e-10
6.77236e-11
0
-7.99361e-11
5.9952e-11
-7.10665e-08
-7.26763e-08
-1.56541e-09
-2.33147e-11
-5.77316e-11
-1.11022e-12
7.32747e-11
9.99201e-12
-7.54952e-11
-1.62093e-10
-5.9952e-11
2.30926e-10
1.44329e-11
0
-1.08802e-10
-9.76996e-11
1.46549e-10
-2.10942e-11
1.68754e-10
2.05391e-10
-1.51685e-06
-1.55164e-06
-3.53084e-08
-6.13953e-10
-7.21645e-11
2.22045e-12
1.88738e-10
1.88738e-10
-4.77396e-11
-7.54952e-11
6.10623e-11
0
-1.9762e-10
-2.22045e-12
6.21725e-11
-1.13243e-10
2.10942e-11
1.88738e-11
1.31228e-09
1.4011e-09
-3.44869e-08
-3.53861e-08
-1.13576e-09
-1.66533e-11
8.32667e-11
0
-7.66054e-11
-1.42109e-10
2.22045e-10
-4.10783e-11
-6.99441e-11
-2.77556e-11
7.43849e-11
-3.33067e-12
-2.37588e-10
1.77636e-11
2.10942e-11
7.68274e-10
3.60967e-08
3.53217e-08
)
;

boundaryField
{
    front
    {
        type            calculated;
        value           nonuniform List<scalar> 
20
(
-3.55005e-08
-3.60567e-08
-7.87148e-10
-1.5099e-10
8.43769e-11
1.31006e-10
1.67644e-10
-8.88178e-12
-8.21565e-11
-5.44009e-11
-1.52101e-10
1.9984e-11
1.11022e-12
-9.76996e-11
1.28786e-10
-2.66454e-11
1.88738e-11
1.04916e-09
3.54705e-08
3.45446e-08
)
;
    }
    back
    {
        type            calculated;
        value           nonuniform List<scalar> 
20
(
-3.44869e-08
-3.53861e-08
-1.13576e-09
-1.66533e-11
8.32667e-11
0
-7.66054e-11
-1.42109e-10
2.22045e-10
-4.10783e-11
-6.99441e-11
-2.77556e-11
7.43849e-11
-3.33067e-12
-2.37588e-10
1.77636e-11
2.10942e-11
7.68274e-10
3.60967e-08
3.53217e-08
)
;
    }
    left
    {
        type            calculated;
        value           uniform 0;
    }
    right
    {
        type            calculated;
        value           uniform 0;
    }
    top
    {
        type            calculated;
        value           nonuniform List<scalar> 
400
(
-3.55005e-08
-1.06248e-09
-6.10623e-11
2.88658e-11
-5.66214e-11
-4.32987e-11
-3.10862e-11
-3.10862e-11
-1.44329e-11
1.11022e-12
0
0
2.22045e-12
-1.22125e-11
-4.996e-11
-9.4369e-11
-1.74638e-09
-7.10665e-08
-1.51685e-06
-3.44869e-08
-3.60567e-08
-1.10356e-09
-2.66454e-11
7.77156e-12
-3.88578e-11
6.10623e-11
-3.21965e-11
-3.33067e-11
-1.66533e-11
0
-1.11022e-12
0
3.33067e-12
-3.9968e-11
5.21805e-11
-3.66374e-11
-1.78302e-09
-7.26763e-08
-1.55164e-06
-3.53861e-08
-7.87148e-10
-1.85407e-10
-1.9984e-11
-8.88178e-11
-1.44329e-11
0
-1.09912e-10
-4.44089e-12
-2.22045e-12
0
2.22045e-12
4.44089e-12
-2.22045e-12
3.77476e-11
1.09912e-10
9.10383e-11
4.996e-11
-1.56541e-09
-3.53084e-08
-1.13576e-09
-1.5099e-10
-1.44329e-11
-8.10463e-11
4.21885e-11
-8.99281e-11
-7.21645e-11
-3.9968e-11
0
-1.11022e-12
1.11022e-12
0
4.44089e-12
0
1.15463e-10
4.44089e-12
0
-1.77636e-11
-2.33147e-11
-6.13953e-10
-1.66533e-11
8.43769e-11
7.88258e-11
1.53211e-10
6.55032e-11
3.33067e-12
2.55351e-11
9.65894e-11
3.33067e-12
4.44089e-12
2.22045e-12
-3.33067e-12
-4.44089e-12
3.33067e-12
1.11022e-11
-4.44089e-12
-3.21965e-11
1.06581e-10
-5.77316e-11
-7.21645e-11
8.32667e-11
1.31006e-10
6.21725e-11
8.88178e-11
-1.19904e-10
1.36557e-10
7.10543e-11
-3.33067e-11
0
1.11022e-12
-1.11022e-12
0
0
0
0
-4.44089e-12
-3.33067e-12
-1.22125e-11
-1.11022e-12
2.22045e-12
0
1.67644e-10
1.11022e-12
-3.9968e-11
1.36557e-10
1.63203e-10
6.88338e-11
3.66374e-11
-3.33067e-12
-1.11022e-12
2.22045e-12
-1.11022e-12
2.22045e-12
-3.33067e-12
2.55351e-11
-1.60982e-10
-1.83187e-10
-1.96509e-10
7.32747e-11
1.88738e-10
-7.66054e-11
-8.88178e-12
-1.17684e-10
-7.77156e-12
8.77076e-11
-8.43769e-11
0
5.66214e-11
0
0
3.33067e-12
0
-3.33067e-12
0
-7.99361e-11
0
0
8.32667e-11
9.99201e-12
1.88738e-10
-1.42109e-10
-8.21565e-11
1.16573e-10
-3.33067e-11
-2.22045e-11
-1.35447e-10
-1.21014e-10
-2.22045e-11
3.33067e-12
-2.22045e-12
-4.44089e-12
1.11022e-12
-3.33067e-12
3.33067e-12
-4.21885e-11
1.56541e-10
1.80966e-10
1.33227e-10
-7.54952e-11
-4.77396e-11
2.22045e-10
-5.44009e-11
6.77236e-11
4.88498e-11
1.43219e-10
0
-2.77556e-11
-3.55271e-11
-3.33067e-12
0
-3.33067e-12
-1.11022e-12
0
-3.33067e-12
3.44169e-11
-1.29896e-10
-1.55431e-10
6.88338e-11
-1.62093e-10
-7.54952e-11
-4.10783e-11
-1.52101e-10
-1.83187e-10
-9.65894e-11
-1.19904e-10
1.39888e-10
8.77076e-11
2.44249e-11
0
-1.11022e-12
0
-1.11022e-12
1.11022e-12
-3.33067e-12
-6.66134e-11
-1.33227e-10
-8.32667e-11
6.55032e-11
-5.9952e-11
6.10623e-11
-6.99441e-11
1.9984e-11
2.9976e-11
1.33227e-11
-1.12133e-10
1.16573e-10
1.66533e-11
4.10783e-11
0
2.22045e-12
0
0
0
0
0
-2.55351e-11
-1.77636e-11
-1.11022e-12
2.30926e-10
0
-2.77556e-11
1.11022e-12
1.39888e-10
0
2.22045e-12
0
-1.11022e-12
-1.11022e-12
1.11022e-12
0
0
1.11022e-12
-1.11022e-12
1.11022e-12
9.4369e-11
5.77316e-11
2.22045e-12
-2.07612e-10
1.44329e-11
-1.9762e-10
7.43849e-11
-9.76996e-11
-1.05471e-10
-1.86517e-10
8.65974e-11
1.55431e-11
0
-6.66134e-12
0
0
2.22045e-12
0
0
0
0
0
-5.55112e-12
-2.22045e-12
0
-2.22045e-12
-3.33067e-12
1.28786e-10
-8.77076e-11
1.28786e-10
1.36557e-10
-1.78746e-10
2.9976e-11
-7.32747e-11
-4.44089e-12
3.33067e-12
0
-1.11022e-12
0
-1.11022e-12
-2.9976e-11
-8.21565e-11
-1.05471e-10
6.32827e-11
-1.08802e-10
6.21725e-11
-2.37588e-10
-2.66454e-11
-5.10703e-11
9.21485e-11
1.33227e-11
8.88178e-12
3.33067e-11
1.88738e-11
0
-3.33067e-12
-2.22045e-12
0
3.33067e-12
1.11022e-12
-6.10623e-11
8.21565e-11
1.37668e-10
-1.39888e-10
-9.76996e-11
-1.13243e-10
1.77636e-11
1.88738e-11
6.19504e-10
6.66134e-12
6.66134e-12
1.03251e-10
-1.11022e-11
4.10783e-11
1.11022e-12
-2.22045e-12
0
0
0
0
1.55431e-11
6.66134e-12
2.13163e-10
6.77236e-11
1.46549e-10
2.10942e-11
2.10942e-11
1.04916e-09
3.55527e-08
1.77858e-09
-1.05471e-10
-1.28786e-10
0
-4.10783e-11
3.33067e-12
0
2.22045e-12
1.11022e-12
0
0
-1.11022e-12
3.33067e-12
-2.22045e-11
0
-2.10942e-11
1.88738e-11
7.68274e-10
3.54705e-08
1.55159e-06
7.2603e-08
1.55431e-09
4.32987e-11
1.0103e-10
-3.88578e-11
0
2.10942e-11
0
2.22045e-12
1.11022e-12
0
1.45439e-10
5.10703e-11
-1.57652e-10
-7.99361e-11
1.68754e-10
1.31228e-09
3.60967e-08
3.45446e-08
1.5167e-06
7.09255e-08
1.65867e-09
1.38778e-10
5.10703e-11
-9.99201e-12
-4.44089e-12
2.33147e-11
-2.22045e-12
1.11022e-12
-2.22045e-12
-1.11022e-12
2.04281e-10
-2.77556e-11
-6.21725e-11
5.9952e-11
2.05391e-10
1.4011e-09
3.53217e-08
)
;
    }
    bottom
    {
        type            calculated;
        value           nonuniform List<scalar> 
400
(
-3.55005e-08
-1.06248e-09
-6.10623e-11
2.88658e-11
-5.66214e-11
-4.32987e-11
-3.10862e-11
-3.10862e-11
-1.44329e-11
1.11022e-12
0
0
2.22045e-12
-1.22125e-11
-4.996e-11
-9.4369e-11
-1.74638e-09
-7.10665e-08
-1.51685e-06
-3.44869e-08
-3.60567e-08
-1.10356e-09
-2.66454e-11
7.77156e-12
-3.88578e-11
6.10623e-11
-3.21965e-11
-3.33067e-11
-1.66533e-11
0
-1.11022e-12
0
3.33067e-12
-3.9968e-11
5.21805e-11
-3.66374e-11
-1.78302e-09
-7.26763e-08
-1.55164e-06
-3.53861e-08
-7.87148e-10
-1.85407e-10
-1.9984e-11
-8.88178e-11
-1.44329e-11
0
-1.09912e-10
-4.44089e-12
-2.22045e-12
0
2.22045e-12
4.44089e-12
-2.22045e-12
3.77476e-11
1.09912e-10
9.10383e-11
4.996e-11
-1.56541e-09
-3.53084e-08
-1.13576e-09
-1.5099e-10
-1.44329e-11
-8.10463e-11
4.21885e-11
-8.99281e-11
-7.21645e-11
-3.9968e-11
0
-1.11022e-12
1.11022e-12
0
4.44089e-12
0
1.15463e-10
4.44089e-12
0
-1.77636e-11
-2.33147e-11
-6.13953e-10
-1.66533e-11
8.43769e-11
7.88258e-11
1.53211e-10
6.55032e-11
3.33067e-12
2.55351e-11
9.65894e-11
3.33067e-12
4.44089e-12
2.22045e-12
-3.33067e-12
-4.44089e-12
3.33067e-12
1.11022e-11
-4.44089e-12
-3.21965e-11
1.06581e-10
-5.77316e-11
-7.21645e-11
8.32667e-11
1.31006e-10
6.21725e-11
8.88178e-11
-1.19904e-10
1.36557e-10
7.10543e-11
-3.33067e-11
0
1.11022e-12
-1.11022e-12
0
0
0
0
-4.44089e-12
-3.33067e-12
-1.22125e-11
-1.11022e-12
2.22045e-12
0
1.67644e-10
1.11022e-12
-3.9968e-11
1.36557e-10
1.63203e-10
6.88338e-11
3.66374e-11
-3.33067e-12
-1.11022e-12
2.22045e-12
-1.11022e-12
2.22045e-12
-3.33067e-12
2.55351e-11
-1.60982e-10
-1.83187e-10
-1.96509e-10
7.32747e-11
1.88738e-10
-7.66054e-11
-8.88178e-12
-1.17684e-10
-7.77156e-12
8.77076e-11
-8.43769e-11
0
5.66214e-11
0
0
3.33067e-12
0
-3.33067e-12
0
-7.99361e-11
0
0
8.32667e-11
9.99201e-12
1.88738e-10
-1.42109e-10
-8.21565e-11
1.16573e-10
-3.33067e-11
-2.22045e-11
-1.35447e-10
-1.21014e-10
-2.22045e-11
3.33067e-12
-2.22045e-12
-4.44089e-12
1.11022e-12
-3.33067e-12
3.33067e-12
-4.21885e-11
1.56541e-10
1.80966e-10
1.33227e-10
-7.54952e-11
-4.77396e-11
2.22045e-10
-5.44009e-11
6.77236e-11
4.88498e-11
1.43219e-10
0
-2.77556e-11
-3.55271e-11
-3.33067e-12
0
-3.33067e-12
-1.11022e-12
0
-3.33067e-12
3.44169e-11
-1.29896e-10
-1.55431e-10
6.88338e-11
-1.62093e-10
-7.54952e-11
-4.10783e-11
-1.52101e-10
-1.83187e-10
-9.65894e-11
-1.19904e-10
1.39888e-10
8.77076e-11
2.44249e-11
0
-1.11022e-12
0
-1.11022e-12
1.11022e-12
-3.33067e-12
-6.66134e-11
-1.33227e-10
-8.32667e-11
6.55032e-11
-5.9952e-11
6.10623e-11
-6.99441e-11
1.9984e-11
2.9976e-11
1.33227e-11
-1.12133e-10
1.16573e-10
1.66533e-11
4.10783e-11
0
2.22045e-12
0
0
0
0
0
-2.55351e-11
-1.77636e-11
-1.11022e-12
2.30926e-10
0
-2.77556e-11
1.11022e-12
1.39888e-10
0
2.22045e-12
0
-1.11022e-12
-1.11022e-12
1.11022e-12
0
0
1.11022e-12
-1.11022e-12
1.11022e-12
9.4369e-11
5.77316e-11
2.22045e-12
-2.07612e-10
1.44329e-11
-1.9762e-10
7.43849e-11
-9.76996e-11
-1.05471e-10
-1.86517e-10
8.65974e-11
1.55431e-11
0
-6.66134e-12
0
0
2.22045e-12
0
0
0
0
0
-5.55112e-12
-2.22045e-12
0
-2.22045e-12
-3.33067e-12
1.28786e-10
-8.77076e-11
1.28786e-10
1.36557e-10
-1.78746e-10
2.9976e-11
-7.32747e-11
-4.44089e-12
3.33067e-12
0
-1.11022e-12
0
-1.11022e-12
-2.9976e-11
-8.21565e-11
-1.05471e-10
6.32827e-11
-1.08802e-10
6.21725e-11
-2.37588e-10
-2.66454e-11
-5.10703e-11
9.21485e-11
1.33227e-11
8.88178e-12
3.33067e-11
1.88738e-11
0
-3.33067e-12
-2.22045e-12
0
3.33067e-12
1.11022e-12
-6.10623e-11
8.21565e-11
1.37668e-10
-1.39888e-10
-9.76996e-11
-1.13243e-10
1.77636e-11
1.88738e-11
6.19504e-10
6.66134e-12
6.66134e-12
1.03251e-10
-1.11022e-11
4.10783e-11
1.11022e-12
-2.22045e-12
0
0
0
0
1.55431e-11
6.66134e-12
2.13163e-10
6.77236e-11
1.46549e-10
2.10942e-11
2.10942e-11
1.04916e-09
3.55527e-08
1.77858e-09
-1.05471e-10
-1.28786e-10
0
-4.10783e-11
3.33067e-12
0
2.22045e-12
1.11022e-12
0
0
-1.11022e-12
3.33067e-12
-2.22045e-11
0
-2.10942e-11
1.88738e-11
7.68274e-10
3.54705e-08
1.55159e-06
7.2603e-08
1.55431e-09
4.32987e-11
1.0103e-10
-3.88578e-11
0
2.10942e-11
0
2.22045e-12
1.11022e-12
0
1.45439e-10
5.10703e-11
-1.57652e-10
-7.99361e-11
1.68754e-10
1.31228e-09
3.60967e-08
3.45446e-08
1.5167e-06
7.09255e-08
1.65867e-09
1.38778e-10
5.10703e-11
-9.99201e-12
-4.44089e-12
2.33147e-11
-2.22045e-12
1.11022e-12
-2.22045e-12
-1.11022e-12
2.04281e-10
-2.77556e-11
-6.21725e-11
5.9952e-11
2.05391e-10
1.4011e-09
3.53217e-08
)
;
    }
}


// ************************************************************************* //
