/*--------------------------------*- C++ -*----------------------------------*\
  =========                 |
  \\      /  F ield         | OpenFOAM: The Open Source CFD Toolbox
   \\    /   O peration     | Website:  https://openfoam.org
    \\  /    A nd           | Version:  8
     \\/     M anipulation  |
\*---------------------------------------------------------------------------*/
FoamFile
{
    version     2.0;
    format      ascii;
    class       volScalarField;
    location    "2.9";
    object      gradTy;
}
// * * * * * * * * * * * * * * * * * * * * * * * * * * * * * * * * * * * * * //

dimensions      [0 -1 0 1 0 0 0];

internalField   nonuniform List<scalar> 
400
(
-5734.05
-5734.05
-5734.05
-5734.05
-5734.05
-5734.05
-5734.05
-5734.05
-5734.05
-5734.05
-5734.05
-5734.05
-5734.05
-5734.05
-5734.05
-5734.05
-5734.05
-5734.05
-5734.05
-5734.05
-259.862
-259.862
-259.862
-259.862
-259.862
-259.862
-259.862
-259.862
-259.862
-259.862
-259.862
-259.862
-259.862
-259.862
-259.862
-259.862
-259.862
-259.862
-259.862
-259.862
-5.99056
-5.99056
-5.99056
-5.99056
-5.99056
-5.99056
-5.99056
-5.99056
-5.99056
-5.99056
-5.99056
-5.99056
-5.99056
-5.99056
-5.99056
-5.99056
-5.99056
-5.99056
-5.99056
-5.99056
-0.0925889
-0.0925889
-0.0925889
-0.0925889
-0.0925889
-0.0925889
-0.0925889
-0.0925889
-0.0925889
-0.0925889
-0.0925889
-0.0925889
-0.0925889
-0.0925889
-0.0925889
-0.0925889
-0.0925889
-0.0925889
-0.0925889
-0.0925889
-0.00107683
-0.00107683
-0.00107683
-0.00107683
-0.00107683
-0.00107683
-0.00107683
-0.00107683
-0.00107683
-0.00107683
-0.00107683
-0.00107683
-0.00107683
-0.00107683
-0.00107683
-0.00107683
-0.00107683
-0.00107683
-0.00107683
-0.00107683
-1.00441e-05
-1.0044e-05
-1.00441e-05
-1.00441e-05
-1.0044e-05
-1.0044e-05
-1.00442e-05
-1.00442e-05
-1.0044e-05
-1.00441e-05
-1.00441e-05
-1.00442e-05
-1.00441e-05
-1.00442e-05
-1.00442e-05
-1.00441e-05
-1.00442e-05
-1.00441e-05
-1.00441e-05
-1.00442e-05
-7.82396e-08
-7.82274e-08
-7.8334e-08
-7.82319e-08
-7.82618e-08
-7.82541e-08
-7.83329e-08
-7.83251e-08
-7.83329e-08
-7.82019e-08
-7.83085e-08
-7.82885e-08
-7.83262e-08
-7.82874e-08
-7.83251e-08
-7.83218e-08
-7.83584e-08
-7.83085e-08
-7.83551e-08
-7.84117e-08
-5.9619e-10
-5.78426e-10
-5.81757e-10
-4.71845e-10
-5.41789e-10
-5.62883e-10
-5.09592e-10
-6.00631e-10
-5.66214e-10
-5.79536e-10
-5.29576e-10
-6.05072e-10
-5.68434e-10
-6.05072e-10
-5.61773e-10
-5.27356e-10
-5.86198e-10
-5.70655e-10
-5.4512e-10
-5.10703e-10
-3.55271e-11
-5.55112e-12
-3.33067e-12
0
-1.11022e-12
-1.11022e-12
-3.33067e-12
5.55112e-12
0
-3.33067e-12
0
-3.33067e-12
0
-4.44089e-12
2.22045e-12
0
0
0
-2.22045e-12
0
-1.55431e-11
0
0
4.44089e-12
0
-3.33067e-12
0
-4.44089e-12
0
0
-1.11022e-12
0
-3.33067e-12
1.11022e-12
-3.33067e-12
-3.33067e-12
0
-1.11022e-12
1.11022e-12
-1.9984e-11
0
0
0
4.44089e-12
2.22045e-12
-1.11022e-12
3.33067e-12
-1.11022e-12
-3.33067e-12
0
0
1.11022e-12
0
0
-2.22045e-12
0
3.33067e-12
0
1.11022e-12
1.11022e-12
-2.22045e-12
0
2.22045e-12
-4.44089e-12
2.22045e-12
2.22045e-12
2.22045e-12
0
2.22045e-12
2.22045e-12
0
0
0
0
0
0
1.11022e-12
0
0
-2.22045e-12
5.29576e-10
5.18474e-10
4.89608e-10
5.51781e-10
6.01741e-10
5.66214e-10
6.01741e-10
5.89528e-10
5.26246e-10
5.4845e-10
5.60663e-10
4.82947e-10
5.60663e-10
5.78426e-10
5.60663e-10
5.4734e-10
4.9849e-10
5.60663e-10
4.9849e-10
7.04992e-10
7.82685e-08
7.82163e-08
7.83162e-08
7.83296e-08
7.83218e-08
7.83218e-08
7.83174e-08
7.81641e-08
7.83162e-08
7.83185e-08
7.81897e-08
7.81875e-08
7.81641e-08
7.82441e-08
7.81641e-08
7.81653e-08
7.82452e-08
7.81708e-08
7.82485e-08
7.82219e-08
1.00442e-05
1.00442e-05
1.00442e-05
1.00442e-05
1.00441e-05
1.00442e-05
1.00441e-05
1.0044e-05
1.00442e-05
1.00442e-05
1.0044e-05
1.00442e-05
1.0044e-05
1.00441e-05
1.0044e-05
1.0044e-05
1.00442e-05
1.00442e-05
1.00442e-05
1.00439e-05
0.00107683
0.00107683
0.00107683
0.00107683
0.00107683
0.00107683
0.00107683
0.00107683
0.00107683
0.00107683
0.00107683
0.00107683
0.00107683
0.00107683
0.00107683
0.00107683
0.00107683
0.00107683
0.00107683
0.00107683
0.0925889
0.0925889
0.0925889
0.0925889
0.0925889
0.0925889
0.0925889
0.0925889
0.0925889
0.0925889
0.0925889
0.0925889
0.0925889
0.0925889
0.0925889
0.0925889
0.0925889
0.0925889
0.0925889
0.0925889
5.99056
5.99056
5.99056
5.99056
5.99056
5.99056
5.99056
5.99056
5.99056
5.99056
5.99056
5.99056
5.99056
5.99056
5.99056
5.99056
5.99056
5.99056
5.99056
5.99056
259.862
259.862
259.862
259.862
259.862
259.862
259.862
259.862
259.862
259.862
259.862
259.862
259.862
259.862
259.862
259.862
259.862
259.862
259.862
259.862
5734.05
5734.05
5734.05
5734.05
5734.05
5734.05
5734.05
5734.05
5734.05
5734.05
5734.05
5734.05
5734.05
5734.05
5734.05
5734.05
5734.05
5734.05
5734.05
5734.05
)
;

boundaryField
{
    front
    {
        type            calculated;
        value           nonuniform List<scalar> 
20
(
-10960.2
-10960.2
-10960.2
-10960.2
-10960.2
-10960.2
-10960.2
-10960.2
-10960.2
-10960.2
-10960.2
-10960.2
-10960.2
-10960.2
-10960.2
-10960.2
-10960.2
-10960.2
-10960.2
-10960.2
)
;
    }
    back
    {
        type            calculated;
        value           nonuniform List<scalar> 
20
(
10960.2
10960.2
10960.2
10960.2
10960.2
10960.2
10960.2
10960.2
10960.2
10960.2
10960.2
10960.2
10960.2
10960.2
10960.2
10960.2
10960.2
10960.2
10960.2
10960.2
)
;
    }
    left
    {
        type            calculated;
        value           nonuniform List<scalar> 
20
(
-5734.05
-259.862
-5.99056
-0.0925889
-0.00107683
-1.00441e-05
-7.82396e-08
-5.9619e-10
-3.55271e-11
-1.55431e-11
0
-2.22045e-12
5.29576e-10
7.82685e-08
1.00442e-05
0.00107683
0.0925889
5.99056
259.862
5734.05
)
;
    }
    right
    {
        type            calculated;
        value           nonuniform List<scalar> 
20
(
-5734.05
-259.862
-5.99056
-0.0925889
-0.00107683
-1.00442e-05
-7.84117e-08
-5.10703e-10
0
-1.9984e-11
1.11022e-12
-2.22045e-12
7.04992e-10
7.82219e-08
1.00439e-05
0.00107683
0.0925889
5.99056
259.862
5734.05
)
;
    }
    top
    {
        type            calculated;
        value           nonuniform List<scalar> 
400
(
-5734.05
-259.862
-5.99056
-0.0925889
-0.00107683
-1.00441e-05
-7.82396e-08
-5.9619e-10
-3.55271e-11
-1.55431e-11
0
-2.22045e-12
5.29576e-10
7.82685e-08
1.00442e-05
0.00107683
0.0925889
5.99056
259.862
5734.05
-5734.05
-259.862
-5.99056
-0.0925889
-0.00107683
-1.0044e-05
-7.82274e-08
-5.78426e-10
-5.55112e-12
0
0
0
5.18474e-10
7.82163e-08
1.00442e-05
0.00107683
0.0925889
5.99056
259.862
5734.05
-5734.05
-259.862
-5.99056
-0.0925889
-0.00107683
-1.00441e-05
-7.8334e-08
-5.81757e-10
-3.33067e-12
0
0
2.22045e-12
4.89608e-10
7.83162e-08
1.00442e-05
0.00107683
0.0925889
5.99056
259.862
5734.05
-5734.05
-259.862
-5.99056
-0.0925889
-0.00107683
-1.00441e-05
-7.82319e-08
-4.71845e-10
0
4.44089e-12
4.44089e-12
-4.44089e-12
5.51781e-10
7.83296e-08
1.00442e-05
0.00107683
0.0925889
5.99056
259.862
5734.05
-5734.05
-259.862
-5.99056
-0.0925889
-0.00107683
-1.0044e-05
-7.82618e-08
-5.41789e-10
-1.11022e-12
0
2.22045e-12
2.22045e-12
6.01741e-10
7.83218e-08
1.00441e-05
0.00107683
0.0925889
5.99056
259.862
5734.05
-5734.05
-259.862
-5.99056
-0.0925889
-0.00107683
-1.0044e-05
-7.82541e-08
-5.62883e-10
-1.11022e-12
-3.33067e-12
-1.11022e-12
2.22045e-12
5.66214e-10
7.83218e-08
1.00442e-05
0.00107683
0.0925889
5.99056
259.862
5734.05
-5734.05
-259.862
-5.99056
-0.0925889
-0.00107683
-1.00442e-05
-7.83329e-08
-5.09592e-10
-3.33067e-12
0
3.33067e-12
2.22045e-12
6.01741e-10
7.83174e-08
1.00441e-05
0.00107683
0.0925889
5.99056
259.862
5734.05
-5734.05
-259.862
-5.99056
-0.0925889
-0.00107683
-1.00442e-05
-7.83251e-08
-6.00631e-10
5.55112e-12
-4.44089e-12
-1.11022e-12
0
5.89528e-10
7.81641e-08
1.0044e-05
0.00107683
0.0925889
5.99056
259.862
5734.05
-5734.05
-259.862
-5.99056
-0.0925889
-0.00107683
-1.0044e-05
-7.83329e-08
-5.66214e-10
0
0
-3.33067e-12
2.22045e-12
5.26246e-10
7.83162e-08
1.00442e-05
0.00107683
0.0925889
5.99056
259.862
5734.05
-5734.05
-259.862
-5.99056
-0.0925889
-0.00107683
-1.00441e-05
-7.82019e-08
-5.79536e-10
-3.33067e-12
0
0
2.22045e-12
5.4845e-10
7.83185e-08
1.00442e-05
0.00107683
0.0925889
5.99056
259.862
5734.05
-5734.05
-259.862
-5.99056
-0.0925889
-0.00107683
-1.00441e-05
-7.83085e-08
-5.29576e-10
0
-1.11022e-12
0
0
5.60663e-10
7.81897e-08
1.0044e-05
0.00107683
0.0925889
5.99056
259.862
5734.05
-5734.05
-259.862
-5.99056
-0.0925889
-0.00107683
-1.00442e-05
-7.82885e-08
-6.05072e-10
-3.33067e-12
0
1.11022e-12
0
4.82947e-10
7.81875e-08
1.00442e-05
0.00107683
0.0925889
5.99056
259.862
5734.05
-5734.05
-259.862
-5.99056
-0.0925889
-0.00107683
-1.00441e-05
-7.83262e-08
-5.68434e-10
0
-3.33067e-12
0
0
5.60663e-10
7.81641e-08
1.0044e-05
0.00107683
0.0925889
5.99056
259.862
5734.05
-5734.05
-259.862
-5.99056
-0.0925889
-0.00107683
-1.00442e-05
-7.82874e-08
-6.05072e-10
-4.44089e-12
1.11022e-12
0
0
5.78426e-10
7.82441e-08
1.00441e-05
0.00107683
0.0925889
5.99056
259.862
5734.05
-5734.05
-259.862
-5.99056
-0.0925889
-0.00107683
-1.00442e-05
-7.83251e-08
-5.61773e-10
2.22045e-12
-3.33067e-12
-2.22045e-12
0
5.60663e-10
7.81641e-08
1.0044e-05
0.00107683
0.0925889
5.99056
259.862
5734.05
-5734.05
-259.862
-5.99056
-0.0925889
-0.00107683
-1.00441e-05
-7.83218e-08
-5.27356e-10
0
-3.33067e-12
0
0
5.4734e-10
7.81653e-08
1.0044e-05
0.00107683
0.0925889
5.99056
259.862
5734.05
-5734.05
-259.862
-5.99056
-0.0925889
-0.00107683
-1.00442e-05
-7.83584e-08
-5.86198e-10
0
0
3.33067e-12
1.11022e-12
4.9849e-10
7.82452e-08
1.00442e-05
0.00107683
0.0925889
5.99056
259.862
5734.05
-5734.05
-259.862
-5.99056
-0.0925889
-0.00107683
-1.00441e-05
-7.83085e-08
-5.70655e-10
0
-1.11022e-12
0
0
5.60663e-10
7.81708e-08
1.00442e-05
0.00107683
0.0925889
5.99056
259.862
5734.05
-5734.05
-259.862
-5.99056
-0.0925889
-0.00107683
-1.00441e-05
-7.83551e-08
-5.4512e-10
-2.22045e-12
1.11022e-12
1.11022e-12
0
4.9849e-10
7.82485e-08
1.00442e-05
0.00107683
0.0925889
5.99056
259.862
5734.05
-5734.05
-259.862
-5.99056
-0.0925889
-0.00107683
-1.00442e-05
-7.84117e-08
-5.10703e-10
0
-1.9984e-11
1.11022e-12
-2.22045e-12
7.04992e-10
7.82219e-08
1.00439e-05
0.00107683
0.0925889
5.99056
259.862
5734.05
)
;
    }
    bottom
    {
        type            calculated;
        value           nonuniform List<scalar> 
400
(
-5734.05
-259.862
-5.99056
-0.0925889
-0.00107683
-1.00441e-05
-7.82396e-08
-5.9619e-10
-3.55271e-11
-1.55431e-11
0
-2.22045e-12
5.29576e-10
7.82685e-08
1.00442e-05
0.00107683
0.0925889
5.99056
259.862
5734.05
-5734.05
-259.862
-5.99056
-0.0925889
-0.00107683
-1.0044e-05
-7.82274e-08
-5.78426e-10
-5.55112e-12
0
0
0
5.18474e-10
7.82163e-08
1.00442e-05
0.00107683
0.0925889
5.99056
259.862
5734.05
-5734.05
-259.862
-5.99056
-0.0925889
-0.00107683
-1.00441e-05
-7.8334e-08
-5.81757e-10
-3.33067e-12
0
0
2.22045e-12
4.89608e-10
7.83162e-08
1.00442e-05
0.00107683
0.0925889
5.99056
259.862
5734.05
-5734.05
-259.862
-5.99056
-0.0925889
-0.00107683
-1.00441e-05
-7.82319e-08
-4.71845e-10
0
4.44089e-12
4.44089e-12
-4.44089e-12
5.51781e-10
7.83296e-08
1.00442e-05
0.00107683
0.0925889
5.99056
259.862
5734.05
-5734.05
-259.862
-5.99056
-0.0925889
-0.00107683
-1.0044e-05
-7.82618e-08
-5.41789e-10
-1.11022e-12
0
2.22045e-12
2.22045e-12
6.01741e-10
7.83218e-08
1.00441e-05
0.00107683
0.0925889
5.99056
259.862
5734.05
-5734.05
-259.862
-5.99056
-0.0925889
-0.00107683
-1.0044e-05
-7.82541e-08
-5.62883e-10
-1.11022e-12
-3.33067e-12
-1.11022e-12
2.22045e-12
5.66214e-10
7.83218e-08
1.00442e-05
0.00107683
0.0925889
5.99056
259.862
5734.05
-5734.05
-259.862
-5.99056
-0.0925889
-0.00107683
-1.00442e-05
-7.83329e-08
-5.09592e-10
-3.33067e-12
0
3.33067e-12
2.22045e-12
6.01741e-10
7.83174e-08
1.00441e-05
0.00107683
0.0925889
5.99056
259.862
5734.05
-5734.05
-259.862
-5.99056
-0.0925889
-0.00107683
-1.00442e-05
-7.83251e-08
-6.00631e-10
5.55112e-12
-4.44089e-12
-1.11022e-12
0
5.89528e-10
7.81641e-08
1.0044e-05
0.00107683
0.0925889
5.99056
259.862
5734.05
-5734.05
-259.862
-5.99056
-0.0925889
-0.00107683
-1.0044e-05
-7.83329e-08
-5.66214e-10
0
0
-3.33067e-12
2.22045e-12
5.26246e-10
7.83162e-08
1.00442e-05
0.00107683
0.0925889
5.99056
259.862
5734.05
-5734.05
-259.862
-5.99056
-0.0925889
-0.00107683
-1.00441e-05
-7.82019e-08
-5.79536e-10
-3.33067e-12
0
0
2.22045e-12
5.4845e-10
7.83185e-08
1.00442e-05
0.00107683
0.0925889
5.99056
259.862
5734.05
-5734.05
-259.862
-5.99056
-0.0925889
-0.00107683
-1.00441e-05
-7.83085e-08
-5.29576e-10
0
-1.11022e-12
0
0
5.60663e-10
7.81897e-08
1.0044e-05
0.00107683
0.0925889
5.99056
259.862
5734.05
-5734.05
-259.862
-5.99056
-0.0925889
-0.00107683
-1.00442e-05
-7.82885e-08
-6.05072e-10
-3.33067e-12
0
1.11022e-12
0
4.82947e-10
7.81875e-08
1.00442e-05
0.00107683
0.0925889
5.99056
259.862
5734.05
-5734.05
-259.862
-5.99056
-0.0925889
-0.00107683
-1.00441e-05
-7.83262e-08
-5.68434e-10
0
-3.33067e-12
0
0
5.60663e-10
7.81641e-08
1.0044e-05
0.00107683
0.0925889
5.99056
259.862
5734.05
-5734.05
-259.862
-5.99056
-0.0925889
-0.00107683
-1.00442e-05
-7.82874e-08
-6.05072e-10
-4.44089e-12
1.11022e-12
0
0
5.78426e-10
7.82441e-08
1.00441e-05
0.00107683
0.0925889
5.99056
259.862
5734.05
-5734.05
-259.862
-5.99056
-0.0925889
-0.00107683
-1.00442e-05
-7.83251e-08
-5.61773e-10
2.22045e-12
-3.33067e-12
-2.22045e-12
0
5.60663e-10
7.81641e-08
1.0044e-05
0.00107683
0.0925889
5.99056
259.862
5734.05
-5734.05
-259.862
-5.99056
-0.0925889
-0.00107683
-1.00441e-05
-7.83218e-08
-5.27356e-10
0
-3.33067e-12
0
0
5.4734e-10
7.81653e-08
1.0044e-05
0.00107683
0.0925889
5.99056
259.862
5734.05
-5734.05
-259.862
-5.99056
-0.0925889
-0.00107683
-1.00442e-05
-7.83584e-08
-5.86198e-10
0
0
3.33067e-12
1.11022e-12
4.9849e-10
7.82452e-08
1.00442e-05
0.00107683
0.0925889
5.99056
259.862
5734.05
-5734.05
-259.862
-5.99056
-0.0925889
-0.00107683
-1.00441e-05
-7.83085e-08
-5.70655e-10
0
-1.11022e-12
0
0
5.60663e-10
7.81708e-08
1.00442e-05
0.00107683
0.0925889
5.99056
259.862
5734.05
-5734.05
-259.862
-5.99056
-0.0925889
-0.00107683
-1.00441e-05
-7.83551e-08
-5.4512e-10
-2.22045e-12
1.11022e-12
1.11022e-12
0
4.9849e-10
7.82485e-08
1.00442e-05
0.00107683
0.0925889
5.99056
259.862
5734.05
-5734.05
-259.862
-5.99056
-0.0925889
-0.00107683
-1.00442e-05
-7.84117e-08
-5.10703e-10
0
-1.9984e-11
1.11022e-12
-2.22045e-12
7.04992e-10
7.82219e-08
1.00439e-05
0.00107683
0.0925889
5.99056
259.862
5734.05
)
;
    }
}


// ************************************************************************* //
