/*--------------------------------*- C++ -*----------------------------------*\
  =========                 |
  \\      /  F ield         | OpenFOAM: The Open Source CFD Toolbox
   \\    /   O peration     | Website:  https://openfoam.org
    \\  /    A nd           | Version:  8
     \\/     M anipulation  |
\*---------------------------------------------------------------------------*/
FoamFile
{
    version     2.0;
    format      ascii;
    class       volScalarField;
    location    "1.6";
    object      gradTy;
}
// * * * * * * * * * * * * * * * * * * * * * * * * * * * * * * * * * * * * * //

dimensions      [0 -1 0 1 0 0 0];

internalField   nonuniform List<scalar> 
400
(
-5850.26
-5850.26
-5850.26
-5850.26
-5850.26
-5850.26
-5850.26
-5850.26
-5850.26
-5850.26
-5850.26
-5850.26
-5850.26
-5850.26
-5850.26
-5850.26
-5850.26
-5850.26
-5850.26
-5850.26
-147.833
-147.833
-147.833
-147.833
-147.833
-147.833
-147.833
-147.833
-147.833
-147.833
-147.833
-147.833
-147.833
-147.833
-147.833
-147.833
-147.833
-147.833
-147.833
-147.833
-1.8897
-1.8897
-1.8897
-1.8897
-1.8897
-1.8897
-1.8897
-1.8897
-1.8897
-1.8897
-1.8897
-1.8897
-1.8897
-1.8897
-1.8897
-1.8897
-1.8897
-1.8897
-1.8897
-1.8897
-0.0161885
-0.0161885
-0.0161885
-0.0161885
-0.0161885
-0.0161885
-0.0161885
-0.0161885
-0.0161885
-0.0161885
-0.0161885
-0.0161885
-0.0161885
-0.0161885
-0.0161885
-0.0161885
-0.0161885
-0.0161885
-0.0161885
-0.0161885
-0.000104425
-0.000104425
-0.000104425
-0.000104425
-0.000104425
-0.000104425
-0.000104425
-0.000104425
-0.000104425
-0.000104425
-0.000104425
-0.000104425
-0.000104425
-0.000104425
-0.000104425
-0.000104425
-0.000104425
-0.000104425
-0.000104425
-0.000104425
-5.40786e-07
-5.40767e-07
-5.4078e-07
-5.40766e-07
-5.40732e-07
-5.40766e-07
-5.40805e-07
-5.40852e-07
-5.4076e-07
-5.40781e-07
-5.40759e-07
-5.40853e-07
-5.40819e-07
-5.40853e-07
-5.40831e-07
-5.4076e-07
-5.40832e-07
-5.40812e-07
-5.40766e-07
-5.40826e-07
-2.32481e-09
-2.33702e-09
-2.38698e-09
-2.34146e-09
-2.35256e-09
-2.3459e-09
-2.38587e-09
-2.37921e-09
-2.38698e-09
-2.32259e-09
-2.37699e-09
-2.36366e-09
-2.37921e-09
-2.36144e-09
-2.37921e-09
-2.37921e-09
-2.39475e-09
-2.37699e-09
-2.39142e-09
-2.42917e-09
0
1.11022e-12
-1.11022e-12
0
-1.11022e-12
4.44089e-12
0
-1.11022e-12
0
-1.11022e-12
1.11022e-12
-3.33067e-12
3.33067e-12
-4.44089e-12
1.11022e-12
3.33067e-12
-5.55112e-12
1.11022e-12
0
2.22045e-11
-3.55271e-11
-5.55112e-12
-3.33067e-12
0
-1.11022e-12
-1.11022e-12
-3.33067e-12
5.55112e-12
0
-3.33067e-12
0
-3.33067e-12
0
-4.44089e-12
2.22045e-12
0
0
0
-2.22045e-12
0
-1.55431e-11
0
0
4.44089e-12
0
-3.33067e-12
0
-4.44089e-12
0
0
-1.11022e-12
0
-3.33067e-12
1.11022e-12
-3.33067e-12
-3.33067e-12
0
-1.11022e-12
1.11022e-12
-1.9984e-11
0
0
0
4.44089e-12
2.22045e-12
-1.11022e-12
3.33067e-12
-1.11022e-12
-3.33067e-12
0
0
1.11022e-12
0
0
-2.22045e-12
0
3.33067e-12
0
1.11022e-12
1.11022e-12
-2.22045e-12
0
2.22045e-12
-4.44089e-12
2.22045e-12
2.22045e-12
2.22045e-12
0
2.22045e-12
2.22045e-12
0
0
0
0
0
0
1.11022e-12
0
0
-2.22045e-12
0
0
0
-3.33067e-12
0
0
0
1.11022e-12
0
0
1.11022e-12
-1.11022e-12
1.11022e-12
1.11022e-12
1.11022e-12
0
-3.33067e-12
1.11022e-12
-3.33067e-12
9.4369e-11
2.35589e-09
2.32592e-09
2.37588e-09
2.38254e-09
2.37588e-09
2.37588e-09
2.37588e-09
2.3026e-09
2.37588e-09
2.37588e-09
2.32259e-09
2.32259e-09
2.3026e-09
2.34923e-09
2.3026e-09
2.30371e-09
2.35034e-09
2.30704e-09
2.35034e-09
2.33258e-09
5.40834e-07
5.40796e-07
5.40835e-07
5.40847e-07
5.40831e-07
5.40833e-07
5.40828e-07
5.40725e-07
5.40832e-07
5.40832e-07
5.40742e-07
5.40787e-07
5.40729e-07
5.40789e-07
5.40729e-07
5.40729e-07
5.40805e-07
5.40842e-07
5.40791e-07
5.40664e-07
0.000104425
0.000104425
0.000104425
0.000104425
0.000104425
0.000104425
0.000104425
0.000104425
0.000104425
0.000104425
0.000104425
0.000104425
0.000104425
0.000104425
0.000104425
0.000104425
0.000104425
0.000104425
0.000104425
0.000104425
0.0161885
0.0161885
0.0161885
0.0161885
0.0161885
0.0161885
0.0161885
0.0161885
0.0161885
0.0161885
0.0161885
0.0161885
0.0161885
0.0161885
0.0161885
0.0161885
0.0161885
0.0161885
0.0161885
0.0161885
1.8897
1.8897
1.8897
1.8897
1.8897
1.8897
1.8897
1.8897
1.8897
1.8897
1.8897
1.8897
1.8897
1.8897
1.8897
1.8897
1.8897
1.8897
1.8897
1.8897
147.833
147.833
147.833
147.833
147.833
147.833
147.833
147.833
147.833
147.833
147.833
147.833
147.833
147.833
147.833
147.833
147.833
147.833
147.833
147.833
5850.26
5850.26
5850.26
5850.26
5850.26
5850.26
5850.26
5850.26
5850.26
5850.26
5850.26
5850.26
5850.26
5850.26
5850.26
5850.26
5850.26
5850.26
5850.26
5850.26
)
;

boundaryField
{
    front
    {
        type            calculated;
        value           nonuniform List<scalar> 
20
(
-11408.6
-11408.6
-11408.6
-11408.6
-11408.6
-11408.6
-11408.6
-11408.6
-11408.6
-11408.6
-11408.6
-11408.6
-11408.6
-11408.6
-11408.6
-11408.6
-11408.6
-11408.6
-11408.6
-11408.6
)
;
    }
    back
    {
        type            calculated;
        value           nonuniform List<scalar> 
20
(
11408.6
11408.6
11408.6
11408.6
11408.6
11408.6
11408.6
11408.6
11408.6
11408.6
11408.6
11408.6
11408.6
11408.6
11408.6
11408.6
11408.6
11408.6
11408.6
11408.6
)
;
    }
    left
    {
        type            calculated;
        value           nonuniform List<scalar> 
20
(
-5850.26
-147.833
-1.8897
-0.0161885
-0.000104425
-5.40786e-07
-2.32481e-09
0
-3.55271e-11
-1.55431e-11
0
-2.22045e-12
0
2.35589e-09
5.40834e-07
0.000104425
0.0161885
1.8897
147.833
5850.26
)
;
    }
    right
    {
        type            calculated;
        value           nonuniform List<scalar> 
20
(
-5850.26
-147.833
-1.8897
-0.0161885
-0.000104425
-5.40826e-07
-2.42917e-09
2.22045e-11
0
-1.9984e-11
1.11022e-12
-2.22045e-12
9.4369e-11
2.33258e-09
5.40664e-07
0.000104425
0.0161885
1.8897
147.833
5850.26
)
;
    }
    top
    {
        type            calculated;
        value           nonuniform List<scalar> 
400
(
-5850.26
-147.833
-1.8897
-0.0161885
-0.000104425
-5.40786e-07
-2.32481e-09
0
-3.55271e-11
-1.55431e-11
0
-2.22045e-12
0
2.35589e-09
5.40834e-07
0.000104425
0.0161885
1.8897
147.833
5850.26
-5850.26
-147.833
-1.8897
-0.0161885
-0.000104425
-5.40767e-07
-2.33702e-09
1.11022e-12
-5.55112e-12
0
0
0
0
2.32592e-09
5.40796e-07
0.000104425
0.0161885
1.8897
147.833
5850.26
-5850.26
-147.833
-1.8897
-0.0161885
-0.000104425
-5.4078e-07
-2.38698e-09
-1.11022e-12
-3.33067e-12
0
0
2.22045e-12
0
2.37588e-09
5.40835e-07
0.000104425
0.0161885
1.8897
147.833
5850.26
-5850.26
-147.833
-1.8897
-0.0161885
-0.000104425
-5.40766e-07
-2.34146e-09
0
0
4.44089e-12
4.44089e-12
-4.44089e-12
-3.33067e-12
2.38254e-09
5.40847e-07
0.000104425
0.0161885
1.8897
147.833
5850.26
-5850.26
-147.833
-1.8897
-0.0161885
-0.000104425
-5.40732e-07
-2.35256e-09
-1.11022e-12
-1.11022e-12
0
2.22045e-12
2.22045e-12
0
2.37588e-09
5.40831e-07
0.000104425
0.0161885
1.8897
147.833
5850.26
-5850.26
-147.833
-1.8897
-0.0161885
-0.000104425
-5.40766e-07
-2.3459e-09
4.44089e-12
-1.11022e-12
-3.33067e-12
-1.11022e-12
2.22045e-12
0
2.37588e-09
5.40833e-07
0.000104425
0.0161885
1.8897
147.833
5850.26
-5850.26
-147.833
-1.8897
-0.0161885
-0.000104425
-5.40805e-07
-2.38587e-09
0
-3.33067e-12
0
3.33067e-12
2.22045e-12
0
2.37588e-09
5.40828e-07
0.000104425
0.0161885
1.8897
147.833
5850.26
-5850.26
-147.833
-1.8897
-0.0161885
-0.000104425
-5.40852e-07
-2.37921e-09
-1.11022e-12
5.55112e-12
-4.44089e-12
-1.11022e-12
0
1.11022e-12
2.3026e-09
5.40725e-07
0.000104425
0.0161885
1.8897
147.833
5850.26
-5850.26
-147.833
-1.8897
-0.0161885
-0.000104425
-5.4076e-07
-2.38698e-09
0
0
0
-3.33067e-12
2.22045e-12
0
2.37588e-09
5.40832e-07
0.000104425
0.0161885
1.8897
147.833
5850.26
-5850.26
-147.833
-1.8897
-0.0161885
-0.000104425
-5.40781e-07
-2.32259e-09
-1.11022e-12
-3.33067e-12
0
0
2.22045e-12
0
2.37588e-09
5.40832e-07
0.000104425
0.0161885
1.8897
147.833
5850.26
-5850.26
-147.833
-1.8897
-0.0161885
-0.000104425
-5.40759e-07
-2.37699e-09
1.11022e-12
0
-1.11022e-12
0
0
1.11022e-12
2.32259e-09
5.40742e-07
0.000104425
0.0161885
1.8897
147.833
5850.26
-5850.26
-147.833
-1.8897
-0.0161885
-0.000104425
-5.40853e-07
-2.36366e-09
-3.33067e-12
-3.33067e-12
0
1.11022e-12
0
-1.11022e-12
2.32259e-09
5.40787e-07
0.000104425
0.0161885
1.8897
147.833
5850.26
-5850.26
-147.833
-1.8897
-0.0161885
-0.000104425
-5.40819e-07
-2.37921e-09
3.33067e-12
0
-3.33067e-12
0
0
1.11022e-12
2.3026e-09
5.40729e-07
0.000104425
0.0161885
1.8897
147.833
5850.26
-5850.26
-147.833
-1.8897
-0.0161885
-0.000104425
-5.40853e-07
-2.36144e-09
-4.44089e-12
-4.44089e-12
1.11022e-12
0
0
1.11022e-12
2.34923e-09
5.40789e-07
0.000104425
0.0161885
1.8897
147.833
5850.26
-5850.26
-147.833
-1.8897
-0.0161885
-0.000104425
-5.40831e-07
-2.37921e-09
1.11022e-12
2.22045e-12
-3.33067e-12
-2.22045e-12
0
1.11022e-12
2.3026e-09
5.40729e-07
0.000104425
0.0161885
1.8897
147.833
5850.26
-5850.26
-147.833
-1.8897
-0.0161885
-0.000104425
-5.4076e-07
-2.37921e-09
3.33067e-12
0
-3.33067e-12
0
0
0
2.30371e-09
5.40729e-07
0.000104425
0.0161885
1.8897
147.833
5850.26
-5850.26
-147.833
-1.8897
-0.0161885
-0.000104425
-5.40832e-07
-2.39475e-09
-5.55112e-12
0
0
3.33067e-12
1.11022e-12
-3.33067e-12
2.35034e-09
5.40805e-07
0.000104425
0.0161885
1.8897
147.833
5850.26
-5850.26
-147.833
-1.8897
-0.0161885
-0.000104425
-5.40812e-07
-2.37699e-09
1.11022e-12
0
-1.11022e-12
0
0
1.11022e-12
2.30704e-09
5.40842e-07
0.000104425
0.0161885
1.8897
147.833
5850.26
-5850.26
-147.833
-1.8897
-0.0161885
-0.000104425
-5.40766e-07
-2.39142e-09
0
-2.22045e-12
1.11022e-12
1.11022e-12
0
-3.33067e-12
2.35034e-09
5.40791e-07
0.000104425
0.0161885
1.8897
147.833
5850.26
-5850.26
-147.833
-1.8897
-0.0161885
-0.000104425
-5.40826e-07
-2.42917e-09
2.22045e-11
0
-1.9984e-11
1.11022e-12
-2.22045e-12
9.4369e-11
2.33258e-09
5.40664e-07
0.000104425
0.0161885
1.8897
147.833
5850.26
)
;
    }
    bottom
    {
        type            calculated;
        value           nonuniform List<scalar> 
400
(
-5850.26
-147.833
-1.8897
-0.0161885
-0.000104425
-5.40786e-07
-2.32481e-09
0
-3.55271e-11
-1.55431e-11
0
-2.22045e-12
0
2.35589e-09
5.40834e-07
0.000104425
0.0161885
1.8897
147.833
5850.26
-5850.26
-147.833
-1.8897
-0.0161885
-0.000104425
-5.40767e-07
-2.33702e-09
1.11022e-12
-5.55112e-12
0
0
0
0
2.32592e-09
5.40796e-07
0.000104425
0.0161885
1.8897
147.833
5850.26
-5850.26
-147.833
-1.8897
-0.0161885
-0.000104425
-5.4078e-07
-2.38698e-09
-1.11022e-12
-3.33067e-12
0
0
2.22045e-12
0
2.37588e-09
5.40835e-07
0.000104425
0.0161885
1.8897
147.833
5850.26
-5850.26
-147.833
-1.8897
-0.0161885
-0.000104425
-5.40766e-07
-2.34146e-09
0
0
4.44089e-12
4.44089e-12
-4.44089e-12
-3.33067e-12
2.38254e-09
5.40847e-07
0.000104425
0.0161885
1.8897
147.833
5850.26
-5850.26
-147.833
-1.8897
-0.0161885
-0.000104425
-5.40732e-07
-2.35256e-09
-1.11022e-12
-1.11022e-12
0
2.22045e-12
2.22045e-12
0
2.37588e-09
5.40831e-07
0.000104425
0.0161885
1.8897
147.833
5850.26
-5850.26
-147.833
-1.8897
-0.0161885
-0.000104425
-5.40766e-07
-2.3459e-09
4.44089e-12
-1.11022e-12
-3.33067e-12
-1.11022e-12
2.22045e-12
0
2.37588e-09
5.40833e-07
0.000104425
0.0161885
1.8897
147.833
5850.26
-5850.26
-147.833
-1.8897
-0.0161885
-0.000104425
-5.40805e-07
-2.38587e-09
0
-3.33067e-12
0
3.33067e-12
2.22045e-12
0
2.37588e-09
5.40828e-07
0.000104425
0.0161885
1.8897
147.833
5850.26
-5850.26
-147.833
-1.8897
-0.0161885
-0.000104425
-5.40852e-07
-2.37921e-09
-1.11022e-12
5.55112e-12
-4.44089e-12
-1.11022e-12
0
1.11022e-12
2.3026e-09
5.40725e-07
0.000104425
0.0161885
1.8897
147.833
5850.26
-5850.26
-147.833
-1.8897
-0.0161885
-0.000104425
-5.4076e-07
-2.38698e-09
0
0
0
-3.33067e-12
2.22045e-12
0
2.37588e-09
5.40832e-07
0.000104425
0.0161885
1.8897
147.833
5850.26
-5850.26
-147.833
-1.8897
-0.0161885
-0.000104425
-5.40781e-07
-2.32259e-09
-1.11022e-12
-3.33067e-12
0
0
2.22045e-12
0
2.37588e-09
5.40832e-07
0.000104425
0.0161885
1.8897
147.833
5850.26
-5850.26
-147.833
-1.8897
-0.0161885
-0.000104425
-5.40759e-07
-2.37699e-09
1.11022e-12
0
-1.11022e-12
0
0
1.11022e-12
2.32259e-09
5.40742e-07
0.000104425
0.0161885
1.8897
147.833
5850.26
-5850.26
-147.833
-1.8897
-0.0161885
-0.000104425
-5.40853e-07
-2.36366e-09
-3.33067e-12
-3.33067e-12
0
1.11022e-12
0
-1.11022e-12
2.32259e-09
5.40787e-07
0.000104425
0.0161885
1.8897
147.833
5850.26
-5850.26
-147.833
-1.8897
-0.0161885
-0.000104425
-5.40819e-07
-2.37921e-09
3.33067e-12
0
-3.33067e-12
0
0
1.11022e-12
2.3026e-09
5.40729e-07
0.000104425
0.0161885
1.8897
147.833
5850.26
-5850.26
-147.833
-1.8897
-0.0161885
-0.000104425
-5.40853e-07
-2.36144e-09
-4.44089e-12
-4.44089e-12
1.11022e-12
0
0
1.11022e-12
2.34923e-09
5.40789e-07
0.000104425
0.0161885
1.8897
147.833
5850.26
-5850.26
-147.833
-1.8897
-0.0161885
-0.000104425
-5.40831e-07
-2.37921e-09
1.11022e-12
2.22045e-12
-3.33067e-12
-2.22045e-12
0
1.11022e-12
2.3026e-09
5.40729e-07
0.000104425
0.0161885
1.8897
147.833
5850.26
-5850.26
-147.833
-1.8897
-0.0161885
-0.000104425
-5.4076e-07
-2.37921e-09
3.33067e-12
0
-3.33067e-12
0
0
0
2.30371e-09
5.40729e-07
0.000104425
0.0161885
1.8897
147.833
5850.26
-5850.26
-147.833
-1.8897
-0.0161885
-0.000104425
-5.40832e-07
-2.39475e-09
-5.55112e-12
0
0
3.33067e-12
1.11022e-12
-3.33067e-12
2.35034e-09
5.40805e-07
0.000104425
0.0161885
1.8897
147.833
5850.26
-5850.26
-147.833
-1.8897
-0.0161885
-0.000104425
-5.40812e-07
-2.37699e-09
1.11022e-12
0
-1.11022e-12
0
0
1.11022e-12
2.30704e-09
5.40842e-07
0.000104425
0.0161885
1.8897
147.833
5850.26
-5850.26
-147.833
-1.8897
-0.0161885
-0.000104425
-5.40766e-07
-2.39142e-09
0
-2.22045e-12
1.11022e-12
1.11022e-12
0
-3.33067e-12
2.35034e-09
5.40791e-07
0.000104425
0.0161885
1.8897
147.833
5850.26
-5850.26
-147.833
-1.8897
-0.0161885
-0.000104425
-5.40826e-07
-2.42917e-09
2.22045e-11
0
-1.9984e-11
1.11022e-12
-2.22045e-12
9.4369e-11
2.33258e-09
5.40664e-07
0.000104425
0.0161885
1.8897
147.833
5850.26
)
;
    }
}


// ************************************************************************* //
