/*--------------------------------*- C++ -*----------------------------------*\
  =========                 |
  \\      /  F ield         | OpenFOAM: The Open Source CFD Toolbox
   \\    /   O peration     | Website:  https://openfoam.org
    \\  /    A nd           | Version:  8
     \\/     M anipulation  |
\*---------------------------------------------------------------------------*/
FoamFile
{
    version     2.0;
    format      ascii;
    class       volScalarField;
    location    "1.6";
    object      gradTx;
}
// * * * * * * * * * * * * * * * * * * * * * * * * * * * * * * * * * * * * * //

dimensions      [0 -1 0 1 0 0 0];

internalField   nonuniform List<scalar> 
400
(
-1.15929e-08
-1.1694e-08
-2.34257e-10
-8.43769e-11
4.66294e-11
6.77236e-11
8.99281e-11
-3.33067e-12
-4.44089e-11
-2.66454e-11
-8.88178e-11
9.99201e-12
0
-4.996e-11
7.66054e-11
-1.88738e-11
0
1.78746e-10
1.15752e-08
1.14564e-08
-1.60982e-10
-1.79856e-10
-9.76996e-11
-5.55112e-12
4.10783e-11
3.88578e-11
4.44089e-12
-7.43849e-11
6.99441e-11
4.32987e-11
-1.03251e-10
1.55431e-11
8.10463e-11
-5.77316e-11
-5.21805e-11
-2.9976e-11
1.35447e-10
1.15974e-08
9.10239e-07
8.98805e-07
-2.55351e-11
0
-8.88178e-12
-5.21805e-11
8.10463e-11
5.21805e-11
-1.88738e-11
0
-2.10942e-11
1.44329e-11
-5.55112e-11
2.10942e-11
0
-1.11022e-10
7.54952e-11
5.10703e-11
-1.77636e-11
3.71925e-10
2.3459e-08
2.31293e-08
1.44329e-11
-3.33067e-12
-5.21805e-11
3.10862e-11
3.66374e-11
-7.32747e-11
7.77156e-11
5.21805e-11
-7.77156e-12
8.32667e-11
-7.10543e-11
-7.10543e-11
0
5.44009e-11
7.88258e-11
6.66134e-12
0
-7.66054e-11
2.26485e-10
2.9643e-10
-3.33067e-11
-2.10942e-11
-3.33067e-12
-5.10703e-11
0
7.32747e-11
8.99281e-11
-4.44089e-11
-7.32747e-11
-1.11022e-12
7.21645e-11
6.10623e-11
0
1.33227e-11
-9.65894e-11
3.33067e-12
5.32907e-11
-6.99441e-11
1.33227e-11
5.9952e-11
-1.88738e-11
2.9976e-11
0
-3.33067e-11
7.77156e-12
3.33067e-11
2.88658e-11
0
-5.21805e-11
-1.44329e-11
4.10783e-11
2.22045e-12
0
0
1.22125e-11
1.55431e-11
-1.11022e-12
-1.11022e-12
5.44009e-11
3.33067e-11
-1.33227e-11
-1.55431e-11
-2.22045e-12
-2.22045e-12
1.11022e-12
-1.11022e-12
5.55112e-12
0
-2.22045e-12
-1.11022e-12
1.11022e-12
0
0
2.22045e-12
-3.33067e-12
2.22045e-12
0
-4.44089e-12
0
0
-3.10862e-11
-3.33067e-11
-4.44089e-12
0
3.33067e-12
0
-3.33067e-12
0
3.33067e-12
-3.33067e-12
0
0
1.11022e-12
0
-4.44089e-12
0
1.11022e-12
3.33067e-12
0
-4.44089e-12
-1.44329e-11
-1.66533e-11
-2.22045e-12
-1.11022e-12
4.44089e-12
1.11022e-12
-1.11022e-12
0
-2.22045e-12
0
-1.11022e-12
2.22045e-12
0
0
3.33067e-12
-3.33067e-12
-2.22045e-12
0
2.10942e-11
2.33147e-11
1.11022e-12
0
0
1.11022e-12
2.22045e-12
-1.11022e-12
2.22045e-12
3.33067e-12
-4.44089e-12
-3.33067e-12
0
0
0
2.22045e-12
0
-2.22045e-12
0
2.22045e-12
0
-2.22045e-12
0
-1.11022e-12
2.22045e-12
0
-3.33067e-12
0
-1.11022e-12
0
1.11022e-12
-1.11022e-12
-1.11022e-12
0
1.11022e-12
0
-1.11022e-12
0
0
1.11022e-12
2.22045e-12
1.11022e-12
0
0
4.44089e-12
4.44089e-12
-4.44089e-12
0
2.22045e-12
-3.33067e-12
-3.33067e-12
0
1.11022e-12
0
-1.11022e-12
0
0
3.33067e-12
0
0
1.11022e-12
-2.22045e-12
2.22045e-12
3.33067e-12
-2.22045e-12
0
3.33067e-12
0
-3.33067e-12
0
3.33067e-12
-3.33067e-12
-3.33067e-12
0
1.11022e-12
0
-1.11022e-12
1.11022e-12
0
0
0
-1.11022e-12
0
0
1.11022e-12
3.33067e-12
0
0
4.44089e-12
-4.44089e-12
-4.44089e-12
1.11022e-12
0
0
1.11022e-12
0
-1.11022e-12
0
1.11022e-12
-1.11022e-12
9.54792e-11
9.4369e-11
-2.77556e-11
2.22045e-11
5.44009e-11
0
-4.44089e-12
0
-7.66054e-11
0
7.66054e-11
-5.66214e-11
-5.55112e-11
-1.9984e-11
2.66454e-11
0
-4.77396e-11
4.77396e-11
4.44089e-12
0
2.55351e-11
-1.77636e-11
-3.66374e-11
1.11022e-12
4.996e-11
1.11022e-12
-1.33227e-11
-3.33067e-12
-1.05471e-10
0
1.03251e-10
-8.99281e-11
-4.66294e-11
-1.33227e-11
4.44089e-12
0
-6.10623e-11
7.66054e-11
1.12133e-10
-1.22125e-11
-8.43769e-11
-3.10862e-11
-3.5083e-10
-3.53051e-10
4.66294e-11
-1.22125e-11
6.66134e-11
-5.55112e-12
-1.19904e-10
4.66294e-11
8.21565e-11
4.44089e-11
3.55271e-11
0
-1.19904e-10
0
4.21885e-11
-8.54872e-11
3.66374e-11
0
-4.88498e-11
3.44169e-11
-2.32125e-08
-2.35001e-08
-2.45359e-10
-2.22045e-12
-4.10783e-11
0
4.996e-11
3.33067e-12
-4.88498e-11
-8.77076e-11
-2.9976e-11
1.35447e-10
3.33067e-12
0
-5.9952e-11
-5.9952e-11
8.65974e-11
-1.55431e-11
8.32667e-11
1.08802e-10
-8.98891e-07
-9.10274e-07
-1.14697e-08
-1.32117e-10
-3.66374e-11
0
1.11022e-10
1.08802e-10
-3.44169e-11
-4.55191e-11
4.32987e-11
0
-1.11022e-10
0
3.66374e-11
-5.77316e-11
5.55112e-12
0
3.05311e-10
3.61933e-10
-1.14231e-08
-1.15263e-08
-2.34257e-10
1.11022e-12
4.55191e-11
0
-4.10783e-11
-8.54872e-11
1.27676e-10
-2.55351e-11
-4.10783e-11
-1.66533e-11
4.66294e-11
-1.11022e-12
-1.33227e-10
9.99201e-12
2.22045e-12
2.20934e-10
1.1724e-08
1.14941e-08
)
;

boundaryField
{
    front
    {
        type            calculated;
        value           nonuniform List<scalar> 
20
(
-1.15929e-08
-1.1694e-08
-2.34257e-10
-8.43769e-11
4.66294e-11
6.77236e-11
8.99281e-11
-3.33067e-12
-4.44089e-11
-2.66454e-11
-8.88178e-11
9.99201e-12
0
-4.996e-11
7.66054e-11
-1.88738e-11
0
1.78746e-10
1.15752e-08
1.14564e-08
)
;
    }
    back
    {
        type            calculated;
        value           nonuniform List<scalar> 
20
(
-1.14231e-08
-1.15263e-08
-2.34257e-10
1.11022e-12
4.55191e-11
0
-4.10783e-11
-8.54872e-11
1.27676e-10
-2.55351e-11
-4.10783e-11
-1.66533e-11
4.66294e-11
-1.11022e-12
-1.33227e-10
9.99201e-12
2.22045e-12
2.20934e-10
1.1724e-08
1.14941e-08
)
;
    }
    left
    {
        type            calculated;
        value           uniform 0;
    }
    right
    {
        type            calculated;
        value           uniform 0;
    }
    top
    {
        type            calculated;
        value           nonuniform List<scalar> 
400
(
-1.15929e-08
-1.60982e-10
-2.55351e-11
1.44329e-11
-3.33067e-11
-1.88738e-11
-1.33227e-11
-3.10862e-11
-1.44329e-11
1.11022e-12
0
0
2.22045e-12
0
-2.77556e-11
-3.66374e-11
-3.5083e-10
-2.32125e-08
-8.98891e-07
-1.14231e-08
-1.1694e-08
-1.79856e-10
0
-3.33067e-12
-2.10942e-11
2.9976e-11
-1.55431e-11
-3.33067e-11
-1.66533e-11
0
-1.11022e-12
0
3.33067e-12
0
2.22045e-11
1.11022e-12
-3.53051e-10
-2.35001e-08
-9.10274e-07
-1.15263e-08
-2.34257e-10
-9.76996e-11
-8.88178e-12
-5.21805e-11
-3.33067e-12
0
-2.22045e-12
-4.44089e-12
-2.22045e-12
0
2.22045e-12
4.44089e-12
-2.22045e-12
1.11022e-12
5.44009e-11
4.996e-11
4.66294e-11
-2.45359e-10
-1.14697e-08
-2.34257e-10
-8.43769e-11
-5.55112e-12
-5.21805e-11
3.10862e-11
-5.10703e-11
-3.33067e-11
-2.22045e-12
0
-1.11022e-12
1.11022e-12
0
4.44089e-12
0
3.33067e-12
0
1.11022e-12
-1.22125e-11
-2.22045e-12
-1.32117e-10
1.11022e-12
4.66294e-11
4.10783e-11
8.10463e-11
3.66374e-11
0
7.77156e-12
1.11022e-12
3.33067e-12
4.44089e-12
2.22045e-12
-3.33067e-12
-4.44089e-12
3.33067e-12
0
-4.44089e-12
-1.33227e-11
6.66134e-11
-4.10783e-11
-3.66374e-11
4.55191e-11
6.77236e-11
3.88578e-11
5.21805e-11
-7.32747e-11
7.32747e-11
3.33067e-11
-1.11022e-12
0
1.11022e-12
-1.11022e-12
0
0
0
0
0
-3.33067e-12
-5.55112e-12
0
0
0
8.99281e-11
4.44089e-12
-1.88738e-11
7.77156e-11
8.99281e-11
2.88658e-11
5.55112e-12
-3.33067e-12
-1.11022e-12
2.22045e-12
-1.11022e-12
2.22045e-12
-3.33067e-12
4.44089e-12
-7.66054e-11
-1.05471e-10
-1.19904e-10
4.996e-11
1.11022e-10
-4.10783e-11
-3.33067e-12
-7.43849e-11
0
5.21805e-11
-4.44089e-11
0
0
0
0
3.33067e-12
0
-3.33067e-12
0
-4.44089e-12
0
0
4.66294e-11
3.33067e-12
1.08802e-10
-8.54872e-11
-4.44089e-11
6.99441e-11
-2.10942e-11
-7.77156e-12
-7.32747e-11
-5.21805e-11
-2.22045e-12
3.33067e-12
-2.22045e-12
-4.44089e-12
1.11022e-12
-3.33067e-12
3.33067e-12
-4.44089e-12
7.66054e-11
1.03251e-10
8.21565e-11
-4.88498e-11
-3.44169e-11
1.27676e-10
-2.66454e-11
4.32987e-11
1.44329e-11
8.32667e-11
-1.11022e-12
-1.44329e-11
-1.11022e-12
-3.33067e-12
0
-3.33067e-12
-1.11022e-12
0
-3.33067e-12
1.11022e-12
-5.66214e-11
-8.99281e-11
4.44089e-11
-8.77076e-11
-4.55191e-11
-2.55351e-11
-8.88178e-11
-1.03251e-10
-5.55112e-11
-7.10543e-11
7.21645e-11
4.10783e-11
1.11022e-12
0
-1.11022e-12
0
-1.11022e-12
1.11022e-12
-3.33067e-12
0
-5.55112e-11
-4.66294e-11
3.55271e-11
-2.9976e-11
4.32987e-11
-4.10783e-11
9.99201e-12
1.55431e-11
2.10942e-11
-7.10543e-11
6.10623e-11
2.22045e-12
0
0
2.22045e-12
0
0
0
0
0
-1.9984e-11
-1.33227e-11
0
1.35447e-10
0
-1.66533e-11
0
8.10463e-11
0
0
0
0
0
1.11022e-12
0
0
1.11022e-12
-1.11022e-12
1.11022e-12
1.11022e-12
2.66454e-11
4.44089e-12
-1.19904e-10
3.33067e-12
-1.11022e-10
4.66294e-11
-4.996e-11
-5.77316e-11
-1.11022e-10
5.44009e-11
1.33227e-11
0
2.22045e-12
0
0
2.22045e-12
0
0
0
0
0
0
0
0
0
-1.11022e-12
7.66054e-11
-5.21805e-11
7.54952e-11
7.88258e-11
-9.65894e-11
1.22125e-11
-3.33067e-12
-4.44089e-12
3.33067e-12
0
-1.11022e-12
0
-1.11022e-12
-1.11022e-12
-4.77396e-11
-6.10623e-11
4.21885e-11
-5.9952e-11
3.66374e-11
-1.33227e-10
-1.88738e-11
-2.9976e-11
5.10703e-11
6.66134e-12
3.33067e-12
1.55431e-11
2.22045e-12
0
-3.33067e-12
-2.22045e-12
0
3.33067e-12
1.11022e-12
0
4.77396e-11
7.66054e-11
-8.54872e-11
-5.9952e-11
-5.77316e-11
9.99201e-12
0
1.35447e-10
-1.77636e-11
0
5.32907e-11
-1.11022e-12
0
1.11022e-12
-2.22045e-12
0
0
0
0
1.11022e-12
4.44089e-12
1.12133e-10
3.66374e-11
8.65974e-11
5.55112e-12
2.22045e-12
1.78746e-10
1.15974e-08
3.71925e-10
-7.66054e-11
-6.99441e-11
-1.11022e-12
-4.44089e-12
3.33067e-12
0
2.22045e-12
1.11022e-12
0
0
-1.11022e-12
0
-1.22125e-11
0
-1.55431e-11
0
2.20934e-10
1.15752e-08
9.10239e-07
2.3459e-08
2.26485e-10
1.33227e-11
5.44009e-11
0
0
2.10942e-11
0
2.22045e-12
1.11022e-12
0
9.54792e-11
2.55351e-11
-8.43769e-11
-4.88498e-11
8.32667e-11
3.05311e-10
1.1724e-08
1.14564e-08
8.98805e-07
2.31293e-08
2.9643e-10
5.9952e-11
3.33067e-11
0
-4.44089e-12
2.33147e-11
-2.22045e-12
1.11022e-12
-2.22045e-12
-1.11022e-12
9.4369e-11
-1.77636e-11
-3.10862e-11
3.44169e-11
1.08802e-10
3.61933e-10
1.14941e-08
)
;
    }
    bottom
    {
        type            calculated;
        value           nonuniform List<scalar> 
400
(
-1.15929e-08
-1.60982e-10
-2.55351e-11
1.44329e-11
-3.33067e-11
-1.88738e-11
-1.33227e-11
-3.10862e-11
-1.44329e-11
1.11022e-12
0
0
2.22045e-12
0
-2.77556e-11
-3.66374e-11
-3.5083e-10
-2.32125e-08
-8.98891e-07
-1.14231e-08
-1.1694e-08
-1.79856e-10
0
-3.33067e-12
-2.10942e-11
2.9976e-11
-1.55431e-11
-3.33067e-11
-1.66533e-11
0
-1.11022e-12
0
3.33067e-12
0
2.22045e-11
1.11022e-12
-3.53051e-10
-2.35001e-08
-9.10274e-07
-1.15263e-08
-2.34257e-10
-9.76996e-11
-8.88178e-12
-5.21805e-11
-3.33067e-12
0
-2.22045e-12
-4.44089e-12
-2.22045e-12
0
2.22045e-12
4.44089e-12
-2.22045e-12
1.11022e-12
5.44009e-11
4.996e-11
4.66294e-11
-2.45359e-10
-1.14697e-08
-2.34257e-10
-8.43769e-11
-5.55112e-12
-5.21805e-11
3.10862e-11
-5.10703e-11
-3.33067e-11
-2.22045e-12
0
-1.11022e-12
1.11022e-12
0
4.44089e-12
0
3.33067e-12
0
1.11022e-12
-1.22125e-11
-2.22045e-12
-1.32117e-10
1.11022e-12
4.66294e-11
4.10783e-11
8.10463e-11
3.66374e-11
0
7.77156e-12
1.11022e-12
3.33067e-12
4.44089e-12
2.22045e-12
-3.33067e-12
-4.44089e-12
3.33067e-12
0
-4.44089e-12
-1.33227e-11
6.66134e-11
-4.10783e-11
-3.66374e-11
4.55191e-11
6.77236e-11
3.88578e-11
5.21805e-11
-7.32747e-11
7.32747e-11
3.33067e-11
-1.11022e-12
0
1.11022e-12
-1.11022e-12
0
0
0
0
0
-3.33067e-12
-5.55112e-12
0
0
0
8.99281e-11
4.44089e-12
-1.88738e-11
7.77156e-11
8.99281e-11
2.88658e-11
5.55112e-12
-3.33067e-12
-1.11022e-12
2.22045e-12
-1.11022e-12
2.22045e-12
-3.33067e-12
4.44089e-12
-7.66054e-11
-1.05471e-10
-1.19904e-10
4.996e-11
1.11022e-10
-4.10783e-11
-3.33067e-12
-7.43849e-11
0
5.21805e-11
-4.44089e-11
0
0
0
0
3.33067e-12
0
-3.33067e-12
0
-4.44089e-12
0
0
4.66294e-11
3.33067e-12
1.08802e-10
-8.54872e-11
-4.44089e-11
6.99441e-11
-2.10942e-11
-7.77156e-12
-7.32747e-11
-5.21805e-11
-2.22045e-12
3.33067e-12
-2.22045e-12
-4.44089e-12
1.11022e-12
-3.33067e-12
3.33067e-12
-4.44089e-12
7.66054e-11
1.03251e-10
8.21565e-11
-4.88498e-11
-3.44169e-11
1.27676e-10
-2.66454e-11
4.32987e-11
1.44329e-11
8.32667e-11
-1.11022e-12
-1.44329e-11
-1.11022e-12
-3.33067e-12
0
-3.33067e-12
-1.11022e-12
0
-3.33067e-12
1.11022e-12
-5.66214e-11
-8.99281e-11
4.44089e-11
-8.77076e-11
-4.55191e-11
-2.55351e-11
-8.88178e-11
-1.03251e-10
-5.55112e-11
-7.10543e-11
7.21645e-11
4.10783e-11
1.11022e-12
0
-1.11022e-12
0
-1.11022e-12
1.11022e-12
-3.33067e-12
0
-5.55112e-11
-4.66294e-11
3.55271e-11
-2.9976e-11
4.32987e-11
-4.10783e-11
9.99201e-12
1.55431e-11
2.10942e-11
-7.10543e-11
6.10623e-11
2.22045e-12
0
0
2.22045e-12
0
0
0
0
0
-1.9984e-11
-1.33227e-11
0
1.35447e-10
0
-1.66533e-11
0
8.10463e-11
0
0
0
0
0
1.11022e-12
0
0
1.11022e-12
-1.11022e-12
1.11022e-12
1.11022e-12
2.66454e-11
4.44089e-12
-1.19904e-10
3.33067e-12
-1.11022e-10
4.66294e-11
-4.996e-11
-5.77316e-11
-1.11022e-10
5.44009e-11
1.33227e-11
0
2.22045e-12
0
0
2.22045e-12
0
0
0
0
0
0
0
0
0
-1.11022e-12
7.66054e-11
-5.21805e-11
7.54952e-11
7.88258e-11
-9.65894e-11
1.22125e-11
-3.33067e-12
-4.44089e-12
3.33067e-12
0
-1.11022e-12
0
-1.11022e-12
-1.11022e-12
-4.77396e-11
-6.10623e-11
4.21885e-11
-5.9952e-11
3.66374e-11
-1.33227e-10
-1.88738e-11
-2.9976e-11
5.10703e-11
6.66134e-12
3.33067e-12
1.55431e-11
2.22045e-12
0
-3.33067e-12
-2.22045e-12
0
3.33067e-12
1.11022e-12
0
4.77396e-11
7.66054e-11
-8.54872e-11
-5.9952e-11
-5.77316e-11
9.99201e-12
0
1.35447e-10
-1.77636e-11
0
5.32907e-11
-1.11022e-12
0
1.11022e-12
-2.22045e-12
0
0
0
0
1.11022e-12
4.44089e-12
1.12133e-10
3.66374e-11
8.65974e-11
5.55112e-12
2.22045e-12
1.78746e-10
1.15974e-08
3.71925e-10
-7.66054e-11
-6.99441e-11
-1.11022e-12
-4.44089e-12
3.33067e-12
0
2.22045e-12
1.11022e-12
0
0
-1.11022e-12
0
-1.22125e-11
0
-1.55431e-11
0
2.20934e-10
1.15752e-08
9.10239e-07
2.3459e-08
2.26485e-10
1.33227e-11
5.44009e-11
0
0
2.10942e-11
0
2.22045e-12
1.11022e-12
0
9.54792e-11
2.55351e-11
-8.43769e-11
-4.88498e-11
8.32667e-11
3.05311e-10
1.1724e-08
1.14564e-08
8.98805e-07
2.31293e-08
2.9643e-10
5.9952e-11
3.33067e-11
0
-4.44089e-12
2.33147e-11
-2.22045e-12
1.11022e-12
-2.22045e-12
-1.11022e-12
9.4369e-11
-1.77636e-11
-3.10862e-11
3.44169e-11
1.08802e-10
3.61933e-10
1.14941e-08
)
;
    }
}


// ************************************************************************* //
