/*--------------------------------*- C++ -*----------------------------------*\
  =========                 |
  \\      /  F ield         | OpenFOAM: The Open Source CFD Toolbox
   \\    /   O peration     | Website:  https://openfoam.org
    \\  /    A nd           | Version:  8
     \\/     M anipulation  |
\*---------------------------------------------------------------------------*/
FoamFile
{
    version     2.0;
    format      ascii;
    class       volScalarField;
    location    "1.3";
    object      gradTy;
}
// * * * * * * * * * * * * * * * * * * * * * * * * * * * * * * * * * * * * * //

dimensions      [0 -1 0 1 0 0 0];

internalField   nonuniform List<scalar> 
400
(
-5877.76
-5877.76
-5877.76
-5877.76
-5877.76
-5877.76
-5877.76
-5877.76
-5877.76
-5877.76
-5877.76
-5877.76
-5877.76
-5877.76
-5877.76
-5877.76
-5877.76
-5877.76
-5877.76
-5877.76
-120.972
-120.972
-120.972
-120.972
-120.972
-120.972
-120.972
-120.972
-120.972
-120.972
-120.972
-120.972
-120.972
-120.972
-120.972
-120.972
-120.972
-120.972
-120.972
-120.972
-1.25834
-1.25834
-1.25834
-1.25834
-1.25834
-1.25834
-1.25834
-1.25834
-1.25834
-1.25834
-1.25834
-1.25834
-1.25834
-1.25834
-1.25834
-1.25834
-1.25834
-1.25834
-1.25834
-1.25834
-0.00877479
-0.00877479
-0.00877479
-0.00877479
-0.00877479
-0.00877479
-0.00877479
-0.00877479
-0.00877479
-0.00877479
-0.00877479
-0.00877479
-0.00877479
-0.00877479
-0.00877479
-0.00877479
-0.00877479
-0.00877479
-0.00877479
-0.00877481
-4.60994e-05
-4.60994e-05
-4.60993e-05
-4.60993e-05
-4.60994e-05
-4.60994e-05
-4.60993e-05
-4.60994e-05
-4.60993e-05
-4.60994e-05
-4.60994e-05
-4.60993e-05
-4.60994e-05
-4.60993e-05
-4.60994e-05
-4.60994e-05
-4.60994e-05
-4.60994e-05
-4.60993e-05
-4.60995e-05
-1.94558e-07
-1.94545e-07
-1.94554e-07
-1.94542e-07
-1.94516e-07
-1.94544e-07
-1.94577e-07
-1.94612e-07
-1.94538e-07
-1.94554e-07
-1.94539e-07
-1.94612e-07
-1.94584e-07
-1.94612e-07
-1.94597e-07
-1.94539e-07
-1.94595e-07
-1.94581e-07
-1.94545e-07
-1.94591e-07
-6.68354e-10
-6.88338e-10
-7.24976e-10
-6.93889e-10
-7.00551e-10
-6.95e-10
-7.24976e-10
-7.22755e-10
-7.24976e-10
-6.79456e-10
-7.18314e-10
-7.09433e-10
-7.22755e-10
-7.07212e-10
-7.22755e-10
-7.21645e-10
-7.31637e-10
-7.18314e-10
-7.28306e-10
-7.57172e-10
0
1.11022e-12
-1.11022e-12
0
-1.11022e-12
4.44089e-12
0
-1.11022e-12
0
-1.11022e-12
1.11022e-12
-3.33067e-12
3.33067e-12
-4.44089e-12
1.11022e-12
3.33067e-12
-5.55112e-12
1.11022e-12
0
2.22045e-11
-3.55271e-11
-5.55112e-12
-3.33067e-12
0
-1.11022e-12
-1.11022e-12
-3.33067e-12
5.55112e-12
0
-3.33067e-12
0
-3.33067e-12
0
-4.44089e-12
2.22045e-12
0
0
0
-2.22045e-12
0
-1.55431e-11
0
0
4.44089e-12
0
-3.33067e-12
0
-4.44089e-12
0
0
-1.11022e-12
0
-3.33067e-12
1.11022e-12
-3.33067e-12
-3.33067e-12
0
-1.11022e-12
1.11022e-12
-1.9984e-11
0
0
0
4.44089e-12
2.22045e-12
-1.11022e-12
3.33067e-12
-1.11022e-12
-3.33067e-12
0
0
1.11022e-12
0
0
-2.22045e-12
0
3.33067e-12
0
1.11022e-12
1.11022e-12
-2.22045e-12
0
2.22045e-12
-4.44089e-12
2.22045e-12
2.22045e-12
2.22045e-12
0
2.22045e-12
2.22045e-12
0
0
0
0
0
0
1.11022e-12
0
0
-2.22045e-12
0
0
0
-3.33067e-12
0
0
0
1.11022e-12
0
0
1.11022e-12
-1.11022e-12
1.11022e-12
1.11022e-12
1.11022e-12
0
-3.33067e-12
1.11022e-12
-3.33067e-12
9.4369e-11
7.01661e-10
6.85008e-10
7.19425e-10
7.27196e-10
7.19425e-10
7.19425e-10
7.19425e-10
6.66134e-10
7.19425e-10
7.19425e-10
6.82787e-10
6.83897e-10
6.66134e-10
6.9833e-10
6.66134e-10
6.66134e-10
6.99441e-10
6.67244e-10
6.99441e-10
6.83897e-10
1.94595e-07
1.94569e-07
1.946e-07
1.94611e-07
1.94597e-07
1.94599e-07
1.94594e-07
1.94511e-07
1.94599e-07
1.94599e-07
1.94527e-07
1.94555e-07
1.94512e-07
1.94561e-07
1.94512e-07
1.94513e-07
1.94575e-07
1.94605e-07
1.94563e-07
1.94443e-07
4.60995e-05
4.60994e-05
4.60993e-05
4.60994e-05
4.60993e-05
4.60994e-05
4.60993e-05
4.60994e-05
4.60993e-05
4.60994e-05
4.60994e-05
4.60994e-05
4.60994e-05
4.60993e-05
4.60994e-05
4.60994e-05
4.60993e-05
4.60994e-05
4.60993e-05
4.60994e-05
0.00877481
0.00877479
0.00877479
0.00877479
0.00877479
0.00877479
0.00877479
0.00877479
0.00877479
0.00877479
0.00877479
0.00877479
0.00877479
0.00877479
0.00877479
0.00877479
0.00877479
0.00877479
0.00877479
0.00877479
1.25834
1.25834
1.25834
1.25834
1.25834
1.25834
1.25834
1.25834
1.25834
1.25834
1.25834
1.25834
1.25834
1.25834
1.25834
1.25834
1.25834
1.25834
1.25834
1.25834
120.972
120.972
120.972
120.972
120.972
120.972
120.972
120.972
120.972
120.972
120.972
120.972
120.972
120.972
120.972
120.972
120.972
120.972
120.972
120.972
5877.76
5877.76
5877.76
5877.76
5877.76
5877.76
5877.76
5877.76
5877.76
5877.76
5877.76
5877.76
5877.76
5877.76
5877.76
5877.76
5877.76
5877.76
5877.76
5877.76
)
;

boundaryField
{
    front
    {
        type            calculated;
        value           nonuniform List<scalar> 
20
(
-11516.1
-11516.1
-11516.1
-11516.1
-11516.1
-11516.1
-11516.1
-11516.1
-11516.1
-11516.1
-11516.1
-11516.1
-11516.1
-11516.1
-11516.1
-11516.1
-11516.1
-11516.1
-11516.1
-11516.1
)
;
    }
    back
    {
        type            calculated;
        value           nonuniform List<scalar> 
20
(
11516.1
11516.1
11516.1
11516.1
11516.1
11516.1
11516.1
11516.1
11516.1
11516.1
11516.1
11516.1
11516.1
11516.1
11516.1
11516.1
11516.1
11516.1
11516.1
11516.1
)
;
    }
    left
    {
        type            calculated;
        value           nonuniform List<scalar> 
20
(
-5877.76
-120.972
-1.25834
-0.00877479
-4.60994e-05
-1.94558e-07
-6.68354e-10
0
-3.55271e-11
-1.55431e-11
0
-2.22045e-12
0
7.01661e-10
1.94595e-07
4.60995e-05
0.00877481
1.25834
120.972
5877.76
)
;
    }
    right
    {
        type            calculated;
        value           nonuniform List<scalar> 
20
(
-5877.76
-120.972
-1.25834
-0.00877481
-4.60995e-05
-1.94591e-07
-7.57172e-10
2.22045e-11
0
-1.9984e-11
1.11022e-12
-2.22045e-12
9.4369e-11
6.83897e-10
1.94443e-07
4.60994e-05
0.00877479
1.25834
120.972
5877.76
)
;
    }
    top
    {
        type            calculated;
        value           nonuniform List<scalar> 
400
(
-5877.76
-120.972
-1.25834
-0.00877479
-4.60994e-05
-1.94558e-07
-6.68354e-10
0
-3.55271e-11
-1.55431e-11
0
-2.22045e-12
0
7.01661e-10
1.94595e-07
4.60995e-05
0.00877481
1.25834
120.972
5877.76
-5877.76
-120.972
-1.25834
-0.00877479
-4.60994e-05
-1.94545e-07
-6.88338e-10
1.11022e-12
-5.55112e-12
0
0
0
0
6.85008e-10
1.94569e-07
4.60994e-05
0.00877479
1.25834
120.972
5877.76
-5877.76
-120.972
-1.25834
-0.00877479
-4.60993e-05
-1.94554e-07
-7.24976e-10
-1.11022e-12
-3.33067e-12
0
0
2.22045e-12
0
7.19425e-10
1.946e-07
4.60993e-05
0.00877479
1.25834
120.972
5877.76
-5877.76
-120.972
-1.25834
-0.00877479
-4.60993e-05
-1.94542e-07
-6.93889e-10
0
0
4.44089e-12
4.44089e-12
-4.44089e-12
-3.33067e-12
7.27196e-10
1.94611e-07
4.60994e-05
0.00877479
1.25834
120.972
5877.76
-5877.76
-120.972
-1.25834
-0.00877479
-4.60994e-05
-1.94516e-07
-7.00551e-10
-1.11022e-12
-1.11022e-12
0
2.22045e-12
2.22045e-12
0
7.19425e-10
1.94597e-07
4.60993e-05
0.00877479
1.25834
120.972
5877.76
-5877.76
-120.972
-1.25834
-0.00877479
-4.60994e-05
-1.94544e-07
-6.95e-10
4.44089e-12
-1.11022e-12
-3.33067e-12
-1.11022e-12
2.22045e-12
0
7.19425e-10
1.94599e-07
4.60994e-05
0.00877479
1.25834
120.972
5877.76
-5877.76
-120.972
-1.25834
-0.00877479
-4.60993e-05
-1.94577e-07
-7.24976e-10
0
-3.33067e-12
0
3.33067e-12
2.22045e-12
0
7.19425e-10
1.94594e-07
4.60993e-05
0.00877479
1.25834
120.972
5877.76
-5877.76
-120.972
-1.25834
-0.00877479
-4.60994e-05
-1.94612e-07
-7.22755e-10
-1.11022e-12
5.55112e-12
-4.44089e-12
-1.11022e-12
0
1.11022e-12
6.66134e-10
1.94511e-07
4.60994e-05
0.00877479
1.25834
120.972
5877.76
-5877.76
-120.972
-1.25834
-0.00877479
-4.60993e-05
-1.94538e-07
-7.24976e-10
0
0
0
-3.33067e-12
2.22045e-12
0
7.19425e-10
1.94599e-07
4.60993e-05
0.00877479
1.25834
120.972
5877.76
-5877.76
-120.972
-1.25834
-0.00877479
-4.60994e-05
-1.94554e-07
-6.79456e-10
-1.11022e-12
-3.33067e-12
0
0
2.22045e-12
0
7.19425e-10
1.94599e-07
4.60994e-05
0.00877479
1.25834
120.972
5877.76
-5877.76
-120.972
-1.25834
-0.00877479
-4.60994e-05
-1.94539e-07
-7.18314e-10
1.11022e-12
0
-1.11022e-12
0
0
1.11022e-12
6.82787e-10
1.94527e-07
4.60994e-05
0.00877479
1.25834
120.972
5877.76
-5877.76
-120.972
-1.25834
-0.00877479
-4.60993e-05
-1.94612e-07
-7.09433e-10
-3.33067e-12
-3.33067e-12
0
1.11022e-12
0
-1.11022e-12
6.83897e-10
1.94555e-07
4.60994e-05
0.00877479
1.25834
120.972
5877.76
-5877.76
-120.972
-1.25834
-0.00877479
-4.60994e-05
-1.94584e-07
-7.22755e-10
3.33067e-12
0
-3.33067e-12
0
0
1.11022e-12
6.66134e-10
1.94512e-07
4.60994e-05
0.00877479
1.25834
120.972
5877.76
-5877.76
-120.972
-1.25834
-0.00877479
-4.60993e-05
-1.94612e-07
-7.07212e-10
-4.44089e-12
-4.44089e-12
1.11022e-12
0
0
1.11022e-12
6.9833e-10
1.94561e-07
4.60993e-05
0.00877479
1.25834
120.972
5877.76
-5877.76
-120.972
-1.25834
-0.00877479
-4.60994e-05
-1.94597e-07
-7.22755e-10
1.11022e-12
2.22045e-12
-3.33067e-12
-2.22045e-12
0
1.11022e-12
6.66134e-10
1.94512e-07
4.60994e-05
0.00877479
1.25834
120.972
5877.76
-5877.76
-120.972
-1.25834
-0.00877479
-4.60994e-05
-1.94539e-07
-7.21645e-10
3.33067e-12
0
-3.33067e-12
0
0
0
6.66134e-10
1.94513e-07
4.60994e-05
0.00877479
1.25834
120.972
5877.76
-5877.76
-120.972
-1.25834
-0.00877479
-4.60994e-05
-1.94595e-07
-7.31637e-10
-5.55112e-12
0
0
3.33067e-12
1.11022e-12
-3.33067e-12
6.99441e-10
1.94575e-07
4.60993e-05
0.00877479
1.25834
120.972
5877.76
-5877.76
-120.972
-1.25834
-0.00877479
-4.60994e-05
-1.94581e-07
-7.18314e-10
1.11022e-12
0
-1.11022e-12
0
0
1.11022e-12
6.67244e-10
1.94605e-07
4.60994e-05
0.00877479
1.25834
120.972
5877.76
-5877.76
-120.972
-1.25834
-0.00877479
-4.60993e-05
-1.94545e-07
-7.28306e-10
0
-2.22045e-12
1.11022e-12
1.11022e-12
0
-3.33067e-12
6.99441e-10
1.94563e-07
4.60993e-05
0.00877479
1.25834
120.972
5877.76
-5877.76
-120.972
-1.25834
-0.00877481
-4.60995e-05
-1.94591e-07
-7.57172e-10
2.22045e-11
0
-1.9984e-11
1.11022e-12
-2.22045e-12
9.4369e-11
6.83897e-10
1.94443e-07
4.60994e-05
0.00877479
1.25834
120.972
5877.76
)
;
    }
    bottom
    {
        type            calculated;
        value           nonuniform List<scalar> 
400
(
-5877.76
-120.972
-1.25834
-0.00877479
-4.60994e-05
-1.94558e-07
-6.68354e-10
0
-3.55271e-11
-1.55431e-11
0
-2.22045e-12
0
7.01661e-10
1.94595e-07
4.60995e-05
0.00877481
1.25834
120.972
5877.76
-5877.76
-120.972
-1.25834
-0.00877479
-4.60994e-05
-1.94545e-07
-6.88338e-10
1.11022e-12
-5.55112e-12
0
0
0
0
6.85008e-10
1.94569e-07
4.60994e-05
0.00877479
1.25834
120.972
5877.76
-5877.76
-120.972
-1.25834
-0.00877479
-4.60993e-05
-1.94554e-07
-7.24976e-10
-1.11022e-12
-3.33067e-12
0
0
2.22045e-12
0
7.19425e-10
1.946e-07
4.60993e-05
0.00877479
1.25834
120.972
5877.76
-5877.76
-120.972
-1.25834
-0.00877479
-4.60993e-05
-1.94542e-07
-6.93889e-10
0
0
4.44089e-12
4.44089e-12
-4.44089e-12
-3.33067e-12
7.27196e-10
1.94611e-07
4.60994e-05
0.00877479
1.25834
120.972
5877.76
-5877.76
-120.972
-1.25834
-0.00877479
-4.60994e-05
-1.94516e-07
-7.00551e-10
-1.11022e-12
-1.11022e-12
0
2.22045e-12
2.22045e-12
0
7.19425e-10
1.94597e-07
4.60993e-05
0.00877479
1.25834
120.972
5877.76
-5877.76
-120.972
-1.25834
-0.00877479
-4.60994e-05
-1.94544e-07
-6.95e-10
4.44089e-12
-1.11022e-12
-3.33067e-12
-1.11022e-12
2.22045e-12
0
7.19425e-10
1.94599e-07
4.60994e-05
0.00877479
1.25834
120.972
5877.76
-5877.76
-120.972
-1.25834
-0.00877479
-4.60993e-05
-1.94577e-07
-7.24976e-10
0
-3.33067e-12
0
3.33067e-12
2.22045e-12
0
7.19425e-10
1.94594e-07
4.60993e-05
0.00877479
1.25834
120.972
5877.76
-5877.76
-120.972
-1.25834
-0.00877479
-4.60994e-05
-1.94612e-07
-7.22755e-10
-1.11022e-12
5.55112e-12
-4.44089e-12
-1.11022e-12
0
1.11022e-12
6.66134e-10
1.94511e-07
4.60994e-05
0.00877479
1.25834
120.972
5877.76
-5877.76
-120.972
-1.25834
-0.00877479
-4.60993e-05
-1.94538e-07
-7.24976e-10
0
0
0
-3.33067e-12
2.22045e-12
0
7.19425e-10
1.94599e-07
4.60993e-05
0.00877479
1.25834
120.972
5877.76
-5877.76
-120.972
-1.25834
-0.00877479
-4.60994e-05
-1.94554e-07
-6.79456e-10
-1.11022e-12
-3.33067e-12
0
0
2.22045e-12
0
7.19425e-10
1.94599e-07
4.60994e-05
0.00877479
1.25834
120.972
5877.76
-5877.76
-120.972
-1.25834
-0.00877479
-4.60994e-05
-1.94539e-07
-7.18314e-10
1.11022e-12
0
-1.11022e-12
0
0
1.11022e-12
6.82787e-10
1.94527e-07
4.60994e-05
0.00877479
1.25834
120.972
5877.76
-5877.76
-120.972
-1.25834
-0.00877479
-4.60993e-05
-1.94612e-07
-7.09433e-10
-3.33067e-12
-3.33067e-12
0
1.11022e-12
0
-1.11022e-12
6.83897e-10
1.94555e-07
4.60994e-05
0.00877479
1.25834
120.972
5877.76
-5877.76
-120.972
-1.25834
-0.00877479
-4.60994e-05
-1.94584e-07
-7.22755e-10
3.33067e-12
0
-3.33067e-12
0
0
1.11022e-12
6.66134e-10
1.94512e-07
4.60994e-05
0.00877479
1.25834
120.972
5877.76
-5877.76
-120.972
-1.25834
-0.00877479
-4.60993e-05
-1.94612e-07
-7.07212e-10
-4.44089e-12
-4.44089e-12
1.11022e-12
0
0
1.11022e-12
6.9833e-10
1.94561e-07
4.60993e-05
0.00877479
1.25834
120.972
5877.76
-5877.76
-120.972
-1.25834
-0.00877479
-4.60994e-05
-1.94597e-07
-7.22755e-10
1.11022e-12
2.22045e-12
-3.33067e-12
-2.22045e-12
0
1.11022e-12
6.66134e-10
1.94512e-07
4.60994e-05
0.00877479
1.25834
120.972
5877.76
-5877.76
-120.972
-1.25834
-0.00877479
-4.60994e-05
-1.94539e-07
-7.21645e-10
3.33067e-12
0
-3.33067e-12
0
0
0
6.66134e-10
1.94513e-07
4.60994e-05
0.00877479
1.25834
120.972
5877.76
-5877.76
-120.972
-1.25834
-0.00877479
-4.60994e-05
-1.94595e-07
-7.31637e-10
-5.55112e-12
0
0
3.33067e-12
1.11022e-12
-3.33067e-12
6.99441e-10
1.94575e-07
4.60993e-05
0.00877479
1.25834
120.972
5877.76
-5877.76
-120.972
-1.25834
-0.00877479
-4.60994e-05
-1.94581e-07
-7.18314e-10
1.11022e-12
0
-1.11022e-12
0
0
1.11022e-12
6.67244e-10
1.94605e-07
4.60994e-05
0.00877479
1.25834
120.972
5877.76
-5877.76
-120.972
-1.25834
-0.00877479
-4.60993e-05
-1.94545e-07
-7.28306e-10
0
-2.22045e-12
1.11022e-12
1.11022e-12
0
-3.33067e-12
6.99441e-10
1.94563e-07
4.60993e-05
0.00877479
1.25834
120.972
5877.76
-5877.76
-120.972
-1.25834
-0.00877481
-4.60995e-05
-1.94591e-07
-7.57172e-10
2.22045e-11
0
-1.9984e-11
1.11022e-12
-2.22045e-12
9.4369e-11
6.83897e-10
1.94443e-07
4.60994e-05
0.00877479
1.25834
120.972
5877.76
)
;
    }
}


// ************************************************************************* //
