/*--------------------------------*- C++ -*----------------------------------*\
  =========                 |
  \\      /  F ield         | OpenFOAM: The Open Source CFD Toolbox
   \\    /   O peration     | Website:  https://openfoam.org
    \\  /    A nd           | Version:  8
     \\/     M anipulation  |
\*---------------------------------------------------------------------------*/
FoamFile
{
    version     2.0;
    format      ascii;
    class       volScalarField;
    location    "1.3";
    object      gradTx;
}
// * * * * * * * * * * * * * * * * * * * * * * * * * * * * * * * * * * * * * //

dimensions      [0 -1 0 1 0 0 0];

internalField   nonuniform List<scalar> 
400
(
-7.78044e-09
-7.84151e-09
-1.65423e-10
-7.10543e-11
3.77476e-11
5.55112e-11
7.43849e-11
-4.44089e-12
-3.55271e-11
-2.33147e-11
-7.21645e-11
5.55112e-12
0
-3.77476e-11
6.32827e-11
-1.22125e-11
0
8.99281e-11
7.76712e-09
7.72271e-09
-7.54952e-11
-8.99281e-11
-7.99361e-11
-7.77156e-12
3.77476e-11
2.9976e-11
1.11022e-12
-5.44009e-11
5.32907e-11
3.33067e-11
-8.32667e-11
1.44329e-11
6.88338e-11
-5.10703e-11
-4.32987e-11
-2.55351e-11
8.43769e-11
7.7871e-09
7.5018e-07
7.42502e-07
-2.10942e-11
-5.55112e-12
-3.33067e-12
-3.77476e-11
6.21725e-11
3.88578e-11
-1.44329e-11
1.11022e-12
-1.66533e-11
1.33227e-11
-4.44089e-11
1.44329e-11
0
-9.10383e-11
5.9952e-11
4.10783e-11
-9.99201e-12
2.22045e-10
1.57063e-08
1.55198e-08
8.88178e-12
0
-4.10783e-11
2.55351e-11
3.10862e-11
-5.9952e-11
6.21725e-11
4.32987e-11
-5.55112e-12
6.88338e-11
-5.88418e-11
-5.66214e-11
0
4.32987e-11
6.55032e-11
6.66134e-12
-3.33067e-12
-6.66134e-11
9.54792e-11
1.58762e-10
-2.77556e-11
-1.9984e-11
-3.33067e-12
-4.10783e-11
0
6.10623e-11
7.32747e-11
-3.88578e-11
-5.9952e-11
0
5.77316e-11
4.66294e-11
0
1.44329e-11
-7.54952e-11
0
4.21885e-11
-5.55112e-11
9.99201e-12
4.55191e-11
-9.99201e-12
2.44249e-11
1.11022e-12
-2.55351e-11
6.66134e-12
2.44249e-11
2.33147e-11
0
-4.10783e-11
-9.99201e-12
3.10862e-11
3.33067e-12
0
0
9.99201e-12
8.88178e-12
-3.33067e-12
0
3.88578e-11
2.55351e-11
-1.33227e-11
-1.55431e-11
-2.22045e-12
-2.22045e-12
1.11022e-12
-1.11022e-12
5.55112e-12
0
-2.22045e-12
-1.11022e-12
1.11022e-12
0
0
2.22045e-12
-3.33067e-12
2.22045e-12
0
-4.44089e-12
0
0
-3.10862e-11
-3.33067e-11
-4.44089e-12
0
3.33067e-12
0
-3.33067e-12
0
3.33067e-12
-3.33067e-12
0
0
1.11022e-12
0
-4.44089e-12
0
1.11022e-12
3.33067e-12
0
-4.44089e-12
-1.44329e-11
-1.66533e-11
-2.22045e-12
-1.11022e-12
4.44089e-12
1.11022e-12
-1.11022e-12
0
-2.22045e-12
0
-1.11022e-12
2.22045e-12
0
0
3.33067e-12
-3.33067e-12
-2.22045e-12
0
2.10942e-11
2.33147e-11
1.11022e-12
0
0
1.11022e-12
2.22045e-12
-1.11022e-12
2.22045e-12
3.33067e-12
-4.44089e-12
-3.33067e-12
0
0
0
2.22045e-12
0
-2.22045e-12
0
2.22045e-12
0
-2.22045e-12
0
-1.11022e-12
2.22045e-12
0
-3.33067e-12
0
-1.11022e-12
0
1.11022e-12
-1.11022e-12
-1.11022e-12
0
1.11022e-12
0
-1.11022e-12
0
0
1.11022e-12
2.22045e-12
1.11022e-12
0
0
4.44089e-12
4.44089e-12
-4.44089e-12
0
2.22045e-12
-3.33067e-12
-3.33067e-12
0
1.11022e-12
0
-1.11022e-12
0
0
3.33067e-12
0
0
1.11022e-12
-2.22045e-12
2.22045e-12
3.33067e-12
-2.22045e-12
0
3.33067e-12
0
-3.33067e-12
0
3.33067e-12
-3.33067e-12
-3.33067e-12
0
1.11022e-12
0
-1.11022e-12
1.11022e-12
0
0
0
-1.11022e-12
0
0
1.11022e-12
3.33067e-12
0
0
4.44089e-12
-4.44089e-12
-4.44089e-12
1.11022e-12
0
0
1.11022e-12
0
-1.11022e-12
0
1.11022e-12
-1.11022e-12
9.54792e-11
9.4369e-11
-1.44329e-11
2.22045e-11
3.88578e-11
0
-4.44089e-12
0
-5.77316e-11
0
5.77316e-11
-3.88578e-11
-3.9968e-11
-1.66533e-11
1.55431e-11
0
-3.44169e-11
3.44169e-11
1.11022e-12
0
1.55431e-11
-1.55431e-11
-2.77556e-11
5.55112e-12
4.21885e-11
0
-1.11022e-11
-2.22045e-12
-8.43769e-11
1.11022e-12
8.32667e-11
-7.21645e-11
-4.32987e-11
-1.44329e-11
8.88178e-12
0
-4.88498e-11
6.10623e-11
9.21485e-11
-9.99201e-12
-6.77236e-11
-2.44249e-11
-2.04281e-10
-2.05391e-10
3.88578e-11
-6.66134e-12
5.44009e-11
-5.55112e-12
-9.65894e-11
3.88578e-11
6.21725e-11
3.33067e-11
2.66454e-11
1.11022e-12
-8.88178e-11
0
2.55351e-11
-7.10543e-11
3.55271e-11
0
-4.44089e-11
2.77556e-11
-1.55931e-08
-1.5743e-08
-1.14353e-10
-4.44089e-12
-3.55271e-11
0
4.10783e-11
6.66134e-12
-4.21885e-11
-7.32747e-11
-2.44249e-11
1.11022e-10
6.66134e-12
0
-5.21805e-11
-4.77396e-11
7.10543e-11
-9.99201e-12
6.66134e-11
8.65974e-11
-7.42574e-07
-7.5021e-07
-7.6783e-09
-8.21565e-11
-3.10862e-11
0
9.54792e-11
8.65974e-11
-3.10862e-11
-3.44169e-11
3.55271e-11
1.11022e-12
-9.10383e-11
0
3.10862e-11
-5.21805e-11
6.66134e-12
-1.11022e-12
1.94289e-10
2.42029e-10
-7.69385e-09
-7.72826e-09
-1.39888e-10
0
3.66374e-11
0
-3.21965e-11
-6.88338e-11
1.03251e-10
-1.88738e-11
-3.10862e-11
-1.55431e-11
3.55271e-11
0
-1.09912e-10
6.66134e-12
3.33067e-12
1.55431e-10
7.86815e-09
7.70606e-09
)
;

boundaryField
{
    front
    {
        type            calculated;
        value           nonuniform List<scalar> 
20
(
-7.78044e-09
-7.84151e-09
-1.65423e-10
-7.10543e-11
3.77476e-11
5.55112e-11
7.43849e-11
-4.44089e-12
-3.55271e-11
-2.33147e-11
-7.21645e-11
5.55112e-12
0
-3.77476e-11
6.32827e-11
-1.22125e-11
0
8.99281e-11
7.76712e-09
7.72271e-09
)
;
    }
    back
    {
        type            calculated;
        value           nonuniform List<scalar> 
20
(
-7.69385e-09
-7.72826e-09
-1.39888e-10
0
3.66374e-11
0
-3.21965e-11
-6.88338e-11
1.03251e-10
-1.88738e-11
-3.10862e-11
-1.55431e-11
3.55271e-11
0
-1.09912e-10
6.66134e-12
3.33067e-12
1.55431e-10
7.86815e-09
7.70606e-09
)
;
    }
    left
    {
        type            calculated;
        value           uniform 0;
    }
    right
    {
        type            calculated;
        value           uniform 0;
    }
    top
    {
        type            calculated;
        value           nonuniform List<scalar> 
400
(
-7.78044e-09
-7.54952e-11
-2.10942e-11
8.88178e-12
-2.77556e-11
-9.99201e-12
-1.33227e-11
-3.10862e-11
-1.44329e-11
1.11022e-12
0
0
2.22045e-12
0
-1.44329e-11
-2.77556e-11
-2.04281e-10
-1.55931e-08
-7.42574e-07
-7.69385e-09
-7.84151e-09
-8.99281e-11
-5.55112e-12
0
-1.9984e-11
2.44249e-11
-1.55431e-11
-3.33067e-11
-1.66533e-11
0
-1.11022e-12
0
3.33067e-12
0
2.22045e-11
5.55112e-12
-2.05391e-10
-1.5743e-08
-7.5021e-07
-7.72826e-09
-1.65423e-10
-7.99361e-11
-3.33067e-12
-4.10783e-11
-3.33067e-12
1.11022e-12
-2.22045e-12
-4.44089e-12
-2.22045e-12
0
2.22045e-12
4.44089e-12
-2.22045e-12
1.11022e-12
3.88578e-11
4.21885e-11
3.88578e-11
-1.14353e-10
-7.6783e-09
-1.39888e-10
-7.10543e-11
-7.77156e-12
-3.77476e-11
2.55351e-11
-4.10783e-11
-2.55351e-11
-2.22045e-12
0
-1.11022e-12
1.11022e-12
0
4.44089e-12
0
3.33067e-12
0
0
-6.66134e-12
-4.44089e-12
-8.21565e-11
0
3.77476e-11
3.77476e-11
6.21725e-11
3.10862e-11
0
6.66134e-12
1.11022e-12
3.33067e-12
4.44089e-12
2.22045e-12
-3.33067e-12
-4.44089e-12
3.33067e-12
0
-4.44089e-12
-1.11022e-11
5.44009e-11
-3.55271e-11
-3.10862e-11
3.66374e-11
5.55112e-11
2.9976e-11
3.88578e-11
-5.9952e-11
6.10623e-11
2.44249e-11
-1.11022e-12
0
1.11022e-12
-1.11022e-12
0
0
0
0
0
-2.22045e-12
-5.55112e-12
0
0
0
7.43849e-11
1.11022e-12
-1.44329e-11
6.21725e-11
7.32747e-11
2.33147e-11
5.55112e-12
-3.33067e-12
-1.11022e-12
2.22045e-12
-1.11022e-12
2.22045e-12
-3.33067e-12
4.44089e-12
-5.77316e-11
-8.43769e-11
-9.65894e-11
4.10783e-11
9.54792e-11
-3.21965e-11
-4.44089e-12
-5.44009e-11
1.11022e-12
4.32987e-11
-3.88578e-11
0
0
0
0
3.33067e-12
0
-3.33067e-12
0
-4.44089e-12
0
1.11022e-12
3.88578e-11
6.66134e-12
8.65974e-11
-6.88338e-11
-3.55271e-11
5.32907e-11
-1.66533e-11
-5.55112e-12
-5.9952e-11
-4.10783e-11
-2.22045e-12
3.33067e-12
-2.22045e-12
-4.44089e-12
1.11022e-12
-3.33067e-12
3.33067e-12
-4.44089e-12
5.77316e-11
8.32667e-11
6.21725e-11
-4.21885e-11
-3.10862e-11
1.03251e-10
-2.33147e-11
3.33067e-11
1.33227e-11
6.88338e-11
0
-9.99201e-12
-1.11022e-12
-3.33067e-12
0
-3.33067e-12
-1.11022e-12
0
-3.33067e-12
1.11022e-12
-3.88578e-11
-7.21645e-11
3.33067e-11
-7.32747e-11
-3.44169e-11
-1.88738e-11
-7.21645e-11
-8.32667e-11
-4.44089e-11
-5.88418e-11
5.77316e-11
3.10862e-11
1.11022e-12
0
-1.11022e-12
0
-1.11022e-12
1.11022e-12
-3.33067e-12
0
-3.9968e-11
-4.32987e-11
2.66454e-11
-2.44249e-11
3.55271e-11
-3.10862e-11
5.55112e-12
1.44329e-11
1.44329e-11
-5.66214e-11
4.66294e-11
3.33067e-12
0
0
2.22045e-12
0
0
0
0
0
-1.66533e-11
-1.44329e-11
1.11022e-12
1.11022e-10
1.11022e-12
-1.55431e-11
0
6.88338e-11
0
0
0
0
0
1.11022e-12
0
0
1.11022e-12
-1.11022e-12
1.11022e-12
1.11022e-12
1.55431e-11
8.88178e-12
-8.88178e-11
6.66134e-12
-9.10383e-11
3.55271e-11
-3.77476e-11
-5.10703e-11
-9.10383e-11
4.32987e-11
1.44329e-11
0
2.22045e-12
0
0
2.22045e-12
0
0
0
0
0
0
0
0
0
0
6.32827e-11
-4.32987e-11
5.9952e-11
6.55032e-11
-7.54952e-11
9.99201e-12
-3.33067e-12
-4.44089e-12
3.33067e-12
0
-1.11022e-12
0
-1.11022e-12
-1.11022e-12
-3.44169e-11
-4.88498e-11
2.55351e-11
-5.21805e-11
3.10862e-11
-1.09912e-10
-1.22125e-11
-2.55351e-11
4.10783e-11
6.66134e-12
0
8.88178e-12
2.22045e-12
0
-3.33067e-12
-2.22045e-12
0
3.33067e-12
1.11022e-12
0
3.44169e-11
6.10623e-11
-7.10543e-11
-4.77396e-11
-5.21805e-11
6.66134e-12
0
8.43769e-11
-9.99201e-12
-3.33067e-12
4.21885e-11
-3.33067e-12
0
1.11022e-12
-2.22045e-12
0
0
0
0
1.11022e-12
1.11022e-12
9.21485e-11
3.55271e-11
7.10543e-11
6.66134e-12
3.33067e-12
8.99281e-11
7.7871e-09
2.22045e-10
-6.66134e-11
-5.55112e-11
0
-4.44089e-12
3.33067e-12
0
2.22045e-12
1.11022e-12
0
0
-1.11022e-12
0
-9.99201e-12
0
-9.99201e-12
-1.11022e-12
1.55431e-10
7.76712e-09
7.5018e-07
1.57063e-08
9.54792e-11
9.99201e-12
3.88578e-11
0
0
2.10942e-11
0
2.22045e-12
1.11022e-12
0
9.54792e-11
1.55431e-11
-6.77236e-11
-4.44089e-11
6.66134e-11
1.94289e-10
7.86815e-09
7.72271e-09
7.42502e-07
1.55198e-08
1.58762e-10
4.55191e-11
2.55351e-11
0
-4.44089e-12
2.33147e-11
-2.22045e-12
1.11022e-12
-2.22045e-12
-1.11022e-12
9.4369e-11
-1.55431e-11
-2.44249e-11
2.77556e-11
8.65974e-11
2.42029e-10
7.70606e-09
)
;
    }
    bottom
    {
        type            calculated;
        value           nonuniform List<scalar> 
400
(
-7.78044e-09
-7.54952e-11
-2.10942e-11
8.88178e-12
-2.77556e-11
-9.99201e-12
-1.33227e-11
-3.10862e-11
-1.44329e-11
1.11022e-12
0
0
2.22045e-12
0
-1.44329e-11
-2.77556e-11
-2.04281e-10
-1.55931e-08
-7.42574e-07
-7.69385e-09
-7.84151e-09
-8.99281e-11
-5.55112e-12
0
-1.9984e-11
2.44249e-11
-1.55431e-11
-3.33067e-11
-1.66533e-11
0
-1.11022e-12
0
3.33067e-12
0
2.22045e-11
5.55112e-12
-2.05391e-10
-1.5743e-08
-7.5021e-07
-7.72826e-09
-1.65423e-10
-7.99361e-11
-3.33067e-12
-4.10783e-11
-3.33067e-12
1.11022e-12
-2.22045e-12
-4.44089e-12
-2.22045e-12
0
2.22045e-12
4.44089e-12
-2.22045e-12
1.11022e-12
3.88578e-11
4.21885e-11
3.88578e-11
-1.14353e-10
-7.6783e-09
-1.39888e-10
-7.10543e-11
-7.77156e-12
-3.77476e-11
2.55351e-11
-4.10783e-11
-2.55351e-11
-2.22045e-12
0
-1.11022e-12
1.11022e-12
0
4.44089e-12
0
3.33067e-12
0
0
-6.66134e-12
-4.44089e-12
-8.21565e-11
0
3.77476e-11
3.77476e-11
6.21725e-11
3.10862e-11
0
6.66134e-12
1.11022e-12
3.33067e-12
4.44089e-12
2.22045e-12
-3.33067e-12
-4.44089e-12
3.33067e-12
0
-4.44089e-12
-1.11022e-11
5.44009e-11
-3.55271e-11
-3.10862e-11
3.66374e-11
5.55112e-11
2.9976e-11
3.88578e-11
-5.9952e-11
6.10623e-11
2.44249e-11
-1.11022e-12
0
1.11022e-12
-1.11022e-12
0
0
0
0
0
-2.22045e-12
-5.55112e-12
0
0
0
7.43849e-11
1.11022e-12
-1.44329e-11
6.21725e-11
7.32747e-11
2.33147e-11
5.55112e-12
-3.33067e-12
-1.11022e-12
2.22045e-12
-1.11022e-12
2.22045e-12
-3.33067e-12
4.44089e-12
-5.77316e-11
-8.43769e-11
-9.65894e-11
4.10783e-11
9.54792e-11
-3.21965e-11
-4.44089e-12
-5.44009e-11
1.11022e-12
4.32987e-11
-3.88578e-11
0
0
0
0
3.33067e-12
0
-3.33067e-12
0
-4.44089e-12
0
1.11022e-12
3.88578e-11
6.66134e-12
8.65974e-11
-6.88338e-11
-3.55271e-11
5.32907e-11
-1.66533e-11
-5.55112e-12
-5.9952e-11
-4.10783e-11
-2.22045e-12
3.33067e-12
-2.22045e-12
-4.44089e-12
1.11022e-12
-3.33067e-12
3.33067e-12
-4.44089e-12
5.77316e-11
8.32667e-11
6.21725e-11
-4.21885e-11
-3.10862e-11
1.03251e-10
-2.33147e-11
3.33067e-11
1.33227e-11
6.88338e-11
0
-9.99201e-12
-1.11022e-12
-3.33067e-12
0
-3.33067e-12
-1.11022e-12
0
-3.33067e-12
1.11022e-12
-3.88578e-11
-7.21645e-11
3.33067e-11
-7.32747e-11
-3.44169e-11
-1.88738e-11
-7.21645e-11
-8.32667e-11
-4.44089e-11
-5.88418e-11
5.77316e-11
3.10862e-11
1.11022e-12
0
-1.11022e-12
0
-1.11022e-12
1.11022e-12
-3.33067e-12
0
-3.9968e-11
-4.32987e-11
2.66454e-11
-2.44249e-11
3.55271e-11
-3.10862e-11
5.55112e-12
1.44329e-11
1.44329e-11
-5.66214e-11
4.66294e-11
3.33067e-12
0
0
2.22045e-12
0
0
0
0
0
-1.66533e-11
-1.44329e-11
1.11022e-12
1.11022e-10
1.11022e-12
-1.55431e-11
0
6.88338e-11
0
0
0
0
0
1.11022e-12
0
0
1.11022e-12
-1.11022e-12
1.11022e-12
1.11022e-12
1.55431e-11
8.88178e-12
-8.88178e-11
6.66134e-12
-9.10383e-11
3.55271e-11
-3.77476e-11
-5.10703e-11
-9.10383e-11
4.32987e-11
1.44329e-11
0
2.22045e-12
0
0
2.22045e-12
0
0
0
0
0
0
0
0
0
0
6.32827e-11
-4.32987e-11
5.9952e-11
6.55032e-11
-7.54952e-11
9.99201e-12
-3.33067e-12
-4.44089e-12
3.33067e-12
0
-1.11022e-12
0
-1.11022e-12
-1.11022e-12
-3.44169e-11
-4.88498e-11
2.55351e-11
-5.21805e-11
3.10862e-11
-1.09912e-10
-1.22125e-11
-2.55351e-11
4.10783e-11
6.66134e-12
0
8.88178e-12
2.22045e-12
0
-3.33067e-12
-2.22045e-12
0
3.33067e-12
1.11022e-12
0
3.44169e-11
6.10623e-11
-7.10543e-11
-4.77396e-11
-5.21805e-11
6.66134e-12
0
8.43769e-11
-9.99201e-12
-3.33067e-12
4.21885e-11
-3.33067e-12
0
1.11022e-12
-2.22045e-12
0
0
0
0
1.11022e-12
1.11022e-12
9.21485e-11
3.55271e-11
7.10543e-11
6.66134e-12
3.33067e-12
8.99281e-11
7.7871e-09
2.22045e-10
-6.66134e-11
-5.55112e-11
0
-4.44089e-12
3.33067e-12
0
2.22045e-12
1.11022e-12
0
0
-1.11022e-12
0
-9.99201e-12
0
-9.99201e-12
-1.11022e-12
1.55431e-10
7.76712e-09
7.5018e-07
1.57063e-08
9.54792e-11
9.99201e-12
3.88578e-11
0
0
2.10942e-11
0
2.22045e-12
1.11022e-12
0
9.54792e-11
1.55431e-11
-6.77236e-11
-4.44089e-11
6.66134e-11
1.94289e-10
7.86815e-09
7.72271e-09
7.42502e-07
1.55198e-08
1.58762e-10
4.55191e-11
2.55351e-11
0
-4.44089e-12
2.33147e-11
-2.22045e-12
1.11022e-12
-2.22045e-12
-1.11022e-12
9.4369e-11
-1.55431e-11
-2.44249e-11
2.77556e-11
8.65974e-11
2.42029e-10
7.70606e-09
)
;
    }
}


// ************************************************************************* //
