/*--------------------------------*- C++ -*----------------------------------*\
  =========                 |
  \\      /  F ield         | OpenFOAM: The Open Source CFD Toolbox
   \\    /   O peration     | Website:  https://openfoam.org
    \\  /    A nd           | Version:  8
     \\/     M anipulation  |
\*---------------------------------------------------------------------------*/
FoamFile
{
    version     2.0;
    format      ascii;
    class       volScalarField;
    location    "200";
    object      wpod_4;
}
// * * * * * * * * * * * * * * * * * * * * * * * * * * * * * * * * * * * * * //

dimensions      [0 1 -1 0 0 0 0];

internalField   nonuniform List<scalar> 
12225
(
9.86753e-16
1.94049e-16
-2.43659e-17
2.07046e-17
7.65703e-17
-1.21287e-17
-7.0735e-18
-5.02751e-17
-3.20786e-17
2.62748e-17
6.90405e-18
-1.26979e-17
1.01e-17
1.68968e-17
-7.5293e-18
-4.78864e-18
-9.19397e-20
5.74554e-18
-5.40863e-18
-1.0404e-17
-2.53745e-19
9.36955e-18
-8.13384e-19
-1.08557e-17
1.8847e-18
-5.58655e-18
3.41083e-18
-1.37115e-18
-1.43953e-19
3.26662e-19
-4.1295e-18
-7.6539e-18
2.86098e-18
-9.15704e-18
2.97534e-18
-7.65224e-18
1.27387e-17
-3.45998e-18
1.89313e-18
3.91863e-19
-8.73634e-18
-1.80674e-19
2.2949e-18
-2.78777e-18
2.03356e-18
-1.57459e-18
1.60011e-18
-6.13151e-19
-3.69611e-18
2.36385e-18
-1.9709e-18
4.87863e-18
1.60629e-18
-8.62911e-19
-6.15981e-18
-2.96523e-18
2.37683e-18
2.19808e-19
5.09139e-19
-1.38887e-18
1.33929e-18
2.50725e-18
1.26193e-18
-6.21113e-19
2.33769e-19
-4.80827e-19
-2.29527e-19
-5.70949e-19
-1.7928e-19
-3.58232e-19
1.78025e-19
6.04286e-20
1.79052e-19
-1.22929e-19
-5.44801e-20
-2.73425e-20
6.44159e-20
1.01246e-19
1.27752e-19
-2.66515e-20
4.23626e-20
6.03637e-21
-1.14687e-19
1.10937e-19
1.50827e-19
2.44672e-20
-1.41472e-19
-2.32279e-21
-1.85978e-20
2.128e-20
1.11469e-20
-2.47546e-20
-1.44921e-20
-7.99155e-21
6.21125e-22
3.49539e-21
-3.11106e-21
1.01989e-21
8.3379e-22
8.9147e-24
1.83197e-21
-6.4177e-22
5.15032e-22
0
0
0
0
0
0
0
0
0
0
0
0
0
0
0
0
0
0
0
0
0
0
0
0
0
0
0
0
0
0
0
0
0
0
0
0
0
0
0
0
0
0
0
0
0
0
0
0
0
0
0
0
0
0
0
0
0
0
0
0
0
0
0
0
0
0
0
0
0
0
0
0
0
0
0
0
0
0
0
0
0
0
0
0
0
0
0
0
0
0
0
0
0
0
0
0
0
0
0
0
0
0
0
0
0
0
0
0
0
0
0
0
0
0
0
0
0
0
0
0
0
0
0
0
0
0
0
0
0
0
0
0
0
0
0
0
0
0
0
0
0
0
0
0
0
0
0
0
0
0
0
0
0
0
0
0
0
0
0
0
0
0
0
0
0
0
0
0
0
0
0
0
0
0
0
0
0
0
0
0
0
0
0
0
0
0
0
0
0
0
0
0
0
0
0
0
0
0
0
0
0
0
0
0
0
0
0
0
0
0
0
0
0
0
0
0
0
0
0
0
0
0
0
0
0
0
0
0
0
0
0
0
0
0
0
0
0
0
0
0
0
0
0
0
0
0
0
0
0
0
0
0
0
0
0
0
0
0
0
0
0
0
0
0
0
0
0
0
0
0
0
0
0
0
0
0
0
0
0
0
0
0
0
0
0
0
0
0
0
0
0
0
0
0
0
0
0
0
0
0
0
0
0
0
0
0
0
0
0
0
0
0
0
0
0
0
0
0
0
0
0
0
0
0
0
0
0
0
0
0
0
0
0
0
0
0
0
0
0
0
0
0
0
0
0
0
0
0
0
0
0
0
0
0
0
0
0
0
0
0
0
0
0
0
0
0
0
0
0
0
0
0
0
0
0
0
0
0
0
0
0
0
0
0
0
0
0
0
0
0
0
0
0
0
0
0
0
0
0
0
0
0
0
0
0
0
0
0
0
0
0
0
0
0
0
0
0
0
0
0
0
0
0
0
0
0
0
0
0
0
0
0
0
0
0
0
0
0.000779262
-0.00221944
0
0
0
0.000605127
0
0
0
0
0.001082
0
0
0
0
0.000511041
0
0
0
0
0
0
0
7.31382e-05
-4.75564e-05
3.32059e-05
1.92974e-05
0
0
1.38201e-05
2.39164e-05
0
0
3.39446e-05
0
0
-3.81476e-05
0
-4.53021e-05
-9.41383e-05
0
0
0
0
0
-0.000127618
-0.000128743
-0.000133999
0
0.00014704
0
-0.000154421
-0.000160399
0
0
0
-0.000176715
0
0
0
0
0
0
0
0
0.000204036
0
0
-0.00021049
-0.000216454
0
0.000219975
-0.000222811
0
0.00022542
0
0
-0.000231875
0
0.000236249
0
-0.000236803
-0.000237117
-0.000238066
-0.000477304
0.000478926
0
0
0
0.000482602
0.000481246
-0.000482249
0
0.000480387
0.000475795
0.000471919
0
0
0
0.00045936
0
0
-0.000448499
0
0
-0.000438919
0
0
0.000425015
0.000420526
0
-0.000403729
0
0.000382225
0
0.000355585
0.000335802
0
0
0
0
0
0
0
9.00444e-05
-6.0475e-05
0
0
0
0
0.000203239
0
-0.000362946
0.000450307
0
0
0
-0.000846138
-0.000934518
0
-0.00105829
-0.00110042
0.0011416
0
0
0.00118266
0
0
0
0
-0.00113244
-0.00109889
0
-0.00104897
0
0
-0.000960519
0
-0.000910447
0
0
-0.000840713
0
-0.000808879
0
0
0
0.000758882
0
-0.000748758
0
0
0
0
0
0
0
0.00122906
0
0
-0.00145669
-0.000502685
0
0.000522589
0
0.000216181
-0.000343771
-0.000273554
0
-0.000203284
-9.3837e-05
0
0
0
0
-7.31348e-05
0
9.28096e-05
0
0
-9.22018e-05
0
0.00010612
-5.2447e-05
5.24183e-05
-4.96411e-05
-4.82554e-05
0
0
5.18654e-05
-5.16481e-05
0
0
4.28262e-05
0
0
-3.53265e-05
0
3.23031e-05
-5.61191e-05
0
0
-8.85768e-05
-8.2924e-05
-7.88988e-05
3.68484e-05
-2.74516e-05
-6.50012e-05
3.30362e-05
1.08214e-05
0
-5.66081e-06
4.05303e-06
0
0
0
1.41068e-05
0
-4.33924e-05
0
-6.06571e-05
0
7.29266e-05
0
-8.56748e-05
4.28034e-05
0
0.000100508
5.30635e-05
5.65091e-05
0
5.82484e-05
6.16541e-05
0
-6.8003e-05
0.000137814
0
7.46056e-05
0
-0.00023612
0
0.000236437
8.40114e-05
-8.16036e-05
-0.000166195
0.000164527
0
0
0
-0.000547175
-0.000184352
0.000182654
0
0.000185692
-0.000185655
-0.000184933
0
0
0
-0.000178869
0
0.000351609
0.000545291
-0.000357462
0
-0.000184213
0
-0.000346209
0.000175654
0.000169839
0
0.000479165
-0.000317568
-0.000152493
0
-0.000150281
-0.000436023
0
-0.000254981
-0.000246866
-0.00023944
0
0
0
9.89521e-05
8.37305e-05
0
0.000133207
0.000115273
0
7.68395e-05
0.000117386
-1.9614e-05
-2.10921e-05
0
0
0
5.11809e-05
-5.99627e-05
-0.000153331
8.7292e-05
-7.85364e-05
-0.000117684
0
0
0.000143932
0
0
-0.000353628
0
-0.000207073
0.000207086
0
-0.000187651
0
0
0.000210207
-0.000454128
0.000218162
0
0
-0.000208124
0
-0.000211445
0
0
0
-0.000195742
0
0.000219945
0
0
-0.000386192
0.000403192
0
0
0
-0.000807142
0
0.000544793
8.29433e-06
0.00387062
0
-0.00143275
0
0
-3.19317e-06
0.000266999
0.000228552
0.000195291
0
0
-0.000145064
-0.000266293
0.000243061
0
0.000208067
-9.6321e-05
0
0.000173442
8.06374e-05
-0.000159506
-7.70231e-05
0
0.000157386
0.000154972
0
0.000156018
0
0.000154717
7.45915e-05
0
0
0
0
0
0
0.000120969
-0.000182489
0
0
0
-2.04072e-06
0.000102481
0.000196953
-0.000185641
-8.5189e-05
7.45316e-05
1.94899e-06
6.40674e-05
0
5.25695e-05
1.96916e-06
0
0
-2.61865e-05
0
0
1.02465e-05
8.87078e-07
7.43414e-06
0
-1.68472e-05
0
-1.77049e-05
-2.76244e-05
6.21132e-05
3.3762e-05
0
-8.54851e-05
0
-0.000145522
-9.87287e-05
-0.000106619
0.000118684
-0.000196959
0
0
0.000143569
0.000235871
0
-8.62645e-05
0
0.000267924
3.05297e-06
-2.99403e-06
-0.000183468
0
0.000204952
2.54995e-06
0
0
0
-0.000220872
0
0
0
0
0
-0.00021767
0
-0.000214112
-0.000229203
0.000224402
0
0.000228744
0
0.000235585
-0.000239063
-0.000681137
0
-0.000614683
-0.000202029
0
-0.000420452
-0.000430527
0.000629947
0
0.000180788
0.000179878
0.00056266
0
0
0
0.00016773
0
0
-0.000146072
-0.000130881
0
0
-0.000203748
0
0.000175286
0.000184056
0
0
-0.000142152
7.17062e-06
7.22317e-06
0
-0.000197171
0
0
0
3.38576e-05
0
-5.99059e-05
1.28954e-05
0
5.75204e-05
0
0
4.97725e-05
-5.66045e-05
0
-0.000124255
0.000107401
0
0
0
0.000146281
0
6.38866e-05
0
0
0
0
0
0
9.47912e-05
0
3.39714e-05
-0.000159548
0
0
-3.55759e-05
-8.49353e-05
9.60335e-05
5.85242e-05
-0.000172416
-0.00584308
-0.00199885
-0.000636318
0
0.000742592
-0.000307993
0
-0.00021534
0
0.000340567
0
0.000141008
0.000262723
-0.000244998
0
-0.000214459
0
0
-0.000188768
0
-2.38926e-06
0
0
2.17136e-06
-0.000162835
-0.0001613
-0.000158629
0
-0.000301398
0
-0.000131897
0
0
0.000112929
0
-0.000109304
1.51381e-06
0.000211793
-0.000209234
0
0
-0.000107329
0
-9.54241e-05
8.98912e-05
8.40868e-05
0
-7.35068e-05
-6.89784e-05
0.000129108
-5.80346e-05
-5.16685e-05
0
0
3.7807e-05
0
0
-4.76679e-05
-3.80525e-05
0
0
0
0
2.85646e-07
-6.32246e-06
-1.63637e-05
-4.26275e-05
0
2.40228e-06
0
5.02935e-05
2.34385e-06
6.22539e-05
-6.78242e-05
2.27095e-06
0
-9.05654e-05
-9.62043e-05
-0.000205327
0
0.000110848
0
-0.000241805
0.000126697
-0.0001289
0.000131238
0.000276758
-0.00014345
0.000148816
0
-0.000304127
0
-0.000321024
0.000323639
0.000324401
-0.000327499
-0.000335243
0
-0.000165616
0
0
-0.0003387
0
0
-0.000339121
0
0
0
0.000707409
0
0.00068283
0.000329982
0.000327886
-2.66208e-06
0.000347382
-0.000689951
-0.000342496
0
-0.000317348
-0.000633198
0
0
0
3.89749e-06
0
0
0
0
0.000499636
0
-0.000464776
0
-0.000429073
-0.000213312
0.000424988
-0.000382536
-0.000189331
0.000177471
-0.000163359
0
-0.000154774
0
0
0
-0.000240699
0
-4.5776e-06
0
0
-0.000130115
0
0
0.000154021
3.77103e-06
0
-0.000105039
-6.91396e-05
0
0
5.99527e-05
-2.05804e-06
0
0.000120883
0
0
0
-0.000131823
0
0
0.000141059
0
0
-0.000293001
0
0
0.000233849
0.000509251
-0.000270201
0
0.000853115
0.00319545
0.00173727
0.00117599
0
-0.00142924
-5.88529e-06
0
0
0
-0.000325551
0
0
0
0
0
0.000209966
0.000198717
0
0
-0.000195211
0.000375315
0
0.000176827
-0.000171902
0
0.000511271
-0.000336958
0.000325101
0.000151195
0
0.000393886
0
0
-0.000105017
0.000207581
0.000305848
-0.000302279
-0.000100146
0.00020056
0
0
-1.95403e-06
0
-0.000185711
-0.000181165
-0.00017506
0
0.000158788
0
-0.000285052
0
0.000126099
0
-0.000109952
0
0
0
0
0
0
0
-4.13758e-05
0
0
-1.79897e-05
0
-4.13157e-06
1.51964e-06
1.09276e-05
0
0
2.83103e-05
-6.78224e-05
0
0.000139985
0
6.01304e-05
0
6.77492e-05
0.000143643
-7.77383e-05
0
8.52242e-05
-0.000175925
0
0
-0.00020961
0
0.00022074
0
0.000236015
0
0.000501305
-0.000261502
-0.000518637
0.000267419
0.000271423
0
4.43992e-07
0
-0.000270517
0.000268572
0
0
0.00027158
-0.000274271
0
0
-0.000281967
0
-0.000289097
0
-0.000280654
0.000282814
-0.000573367
0.000287726
0.000284342
0
0.000277045
0.000275224
0
0
0.000523621
-0.000257561
0.000521534
0
0
0
-0.000935442
0
0.000440796
0
0.000415114
0
-0.000404715
0.00038911
0.000371102
-0.000348287
0
0
-5.36765e-06
0
0
0
0.000265542
0
0.000264432
0
0.000221186
0.000203149
-0.000183183
0
0.00019728
-0.000199847
0
-0.000173028
0.00033364
0
0.000325339
-0.000142363
0.000175312
0
-0.000192298
0
0
0
0.000201344
0
0
0
0
0
0.000251256
0
0.000538607
0
-0.000628204
-0.000603436
0
0
-0.00269123
0
0
0
-7.94079e-06
-6.70386e-06
-0.000475219
0
0
0
0
0
-0.00051224
0
0.000454901
-0.000212571
-0.000202353
0
0
0.000188613
-0.000185085
0
-0.000178021
0.00035086
0
-0.000340971
0.000339371
-0.000328492
0
0
-0.000265788
0
0
0.000216009
-0.000417651
-0.000207381
0.000419267
-0.00021359
0
0
0
0.000208639
0
0.000194259
0.000188188
0.000180871
0.000175177
-0.000167869
0
0.000154617
0
9.93167e-07
0
0.000248593
0
-0.000107883
0
0
-0.000165129
0
0
5.81864e-05
0
0
-7.54108e-05
0
4.56967e-05
1.54356e-05
0
-1.20377e-05
0
-7.30625e-06
5.35449e-05
0
-5.60117e-05
0
0
-8.72959e-05
0
-0.000109333
0.000121118
0
0
0.000131832
-0.000141716
-0.000157366
-0.000162529
0
-0.000177103
-0.000188435
0
0
-0.000205298
0
0.000214064
0
-0.00022513
0
-2.35523e-07
0
0.0002162
0
0
0
0
0.000225764
0
0
0.000460069
0
0
0
0.000508033
0
0.000501494
0
-0.000517486
0.000506684
0
-0.000483938
0
0
-0.000892776
0.000464996
-0.000459002
0
0
0
0.000836571
0
-0.000417291
0
0
0
0
-0.000368155
0
0.000339144
-0.000337634
-0.000320185
0.000316109
0
0
0
0
0
0
0
-0.000234659
0
0.000208456
0
-0.000636371
0
0.000406138
0.00019074
-0.000202712
0
-0.000403622
0
-0.000392152
0
0
0
0
0
0.000455118
0.000494857
0
0
0
0
-0.000581157
0
-0.00120499
0.000607707
0.000641476
0.000650736
0.000637764
0
0.00229549
0
0.00213575
0.00165329
-0.000669307
-0.0005482
-0.000460389
-0.000783764
0
0
0.000565084
0
0.000988849
0
-0.000453608
0
0
0.000406302
0
0.000386679
0
0
0
4.68236e-06
0
0
0
0
0
0
-0.000269234
0
0.000229834
2.79226e-06
0.000214962
0
-0.000217323
0.000218221
0
0
0
0
0
0
-0.000203037
0.000194969
-0.00018529
0.000355725
0
-0.00032778
0.000313235
0.000149864
0
-0.000132969
0
0.000116011
0
0
0.000181589
0
-0.000152621
0
0
0
0.000195958
8.32114e-05
-6.74903e-05
-5.61769e-05
0
3.6481e-05
0
-1.45318e-05
-1.00674e-06
0
0
3.67223e-05
0
6.37908e-05
0
-7.2927e-05
-8.76732e-05
0
0
0
0.000115231
0.000126194
0.000127536
0
0
0.000150467
0.000150282
0
0
0
-0.000362565
0
0.000198714
0
-0.000181634
0
0.00037131
0.000385561
-0.00036792
0
0
0.000401283
0
0.000401905
5.46159e-06
-0.000416675
0
0
-0.000455174
0
0
-0.000473485
0.000455074
-0.000910064
0
0.000405748
0
0
0.000801249
-0.000418459
0
0
0
0
-0.0003741
0.000379266
0.000371749
0
0
0
0.00035327
0.000696656
0
-0.000973656
0.00031034
0.000302885
0
-0.000566615
0
0
0
0
-0.00052663
0
0
0
0
0
-2.1158e-06
0.000425667
-0.000412019
0.000393727
0
-0.000424543
0
0.000392864
0.000403247
0
0
0.000442337
0.000455008
0.000472004
1.25518e-06
-0.000502519
0
0
0
0.000592259
0.000596161
0
0.00122121
-9.50294e-06
-1.31572e-05
-0.000626865
-0.00127404
0.00296396
0
0
-0.00408777
-0.00158676
-1.88718e-05
0.00103542
-1.32512e-05
0.000743721
0
0
-0.000535579
0
-0.000483942
0
0
0
0
-0.000397774
0
-0.000371249
0
0
-0.000358073
-0.000350962
-0.000353793
-0.000347878
0
-0.00032387
-0.000308085
-0.000289736
0.000263798
0
-0.000227405
2.88339e-06
0.000222568
0.000225161
0
-0.000233759
0
0
0.000462235
0.000455349
0
0
0.000618369
-0.000599008
0
1.33755e-06
0
0.00033432
-0.000319437
-0.000304745
0
0
0
0.00024155
0
-0.000208469
0
0
0.000160784
0
0
0
-0.000210977
-9.2636e-05
0
-6.46721e-07
0
-4.69928e-05
4.10249e-05
-2.94588e-05
1.68796e-05
0
4.51296e-07
-3.40976e-07
0
0
4.44651e-05
4.89163e-05
5.66775e-05
7.00966e-05
-8.35638e-05
0
0
0
0
-0.000221706
0
0
-0.000381368
0
0.000299661
0
0.000305741
0
0.000360398
0
0.000325839
0
-0.000338288
-0.000682773
0.000333638
0
-0.000345207
-0.000360799
0
-0.000362854
-0.000361771
0.000366646
-0.000381205
0.00039844
0.00042313
0
0
-6.13407e-06
0
0.000421744
0.00040898
0
0
0.000389531
-0.000388774
0
0
0
0.0003883
0.000364327
0
-0.000359014
0
0
0
0
-0.000334707
-0.000339349
-0.000669299
0.000631096
0.000607866
0.00058935
0
0.00104117
0
0
0
0
0.000489335
0
0
-0.000459183
0
0
-1.9587e-06
-0.000818847
-0.000423946
-0.000384984
0.000402073
0.00084129
-0.000430469
2.34977e-06
0
0
0
-0.000431576
-0.000448068
-0.000478621
1.39528e-06
0
0
0
0
-0.000588583
0
0
-0.000598267
-0.000611521
-0.000625704
0.000641989
0.000624209
-0.00273868
-0.0037385
0
0.00204304
0
-1.8605e-05
0.00103163
0.000836928
0
0.000606254
0
0
0
0.000461476
0
0
-0.000422965
0
0
0.000377393
0
0.000363036
0
0.000709583
-0.000356174
-5.39788e-06
-5.25925e-06
0.000337104
0.000314376
0.000597637
-4.19192e-06
0
0
0.000455922
-0.000219741
-0.000223505
-0.00023199
0
0.000712177
-0.000469624
-0.000462358
-0.000454954
-0.000447872
0
0.000429202
-0.000825961
0.000397178
0.000380038
-0.000724402
0
0
0
0
0.00029102
0
0
-0.000243984
0
0.000425916
0
-0.000183626
0
0
0
0
0.000112817
0
9.02862e-05
-1.96999e-07
0
5.75326e-05
-4.80134e-05
3.69176e-05
0
0
1.38701e-05
-3.21573e-06
0
0
-0.00011265
0
-0.000158607
-6.72085e-05
7.97179e-05
0.000169791
0
0
0
-1.34973e-06
-0.000217177
0
-1.56612e-06
0
-0.000252729
-0.000278466
0.000286598
0
-0.000317856
0
0.000323364
0
0.000317104
0.000304218
-0.000319839
0
0.00063572
0
0
0
0
0
0.000355662
-0.000351316
-0.00037926
0
0
-6.57214e-06
0
0.000398435
-0.000751266
0
0.000726618
-0.00109325
0
-0.00081162
0
0
-0.000385655
-0.000369938
0.000740867
0.000724006
0
0
0
0
0
0
0.0012506
0
5.25493e-06
-0.000555691
0.000527282
-0.000501692
0
0
0
0
0.000454149
0
0.000504469
0.00093193
-0.000418754
0
0.000424405
0.000408003
0.000445849
0.000379312
-0.000398516
-0.000419148
0.00042749
-0.000771657
0
0
-0.000434821
0.000404242
0
0.000967442
-0.000456113
0
0
0
0.00116073
0.00114609
0
0
0
0.00117256
0.00122019
-0.00125233
0
0
0.00363777
0
0.00211668
0
0.00125306
-0.000989429
0.000809268
0
-0.000553216
0
0
0
-0.000411259
0.000416778
0
0.000762525
-0.000373043
0
-0.000347812
0
-0.000341848
-0.000350973
-0.000702042
0.000718147
0.0003637
0.00108236
-0.000339502
0.000645217
-0.000898246
0.000274904
0
0.000481337
-0.000460174
-0.000463917
0
0
0.000482715
-0.000473309
0.000941068
0.000927548
0
0
0
1.17148e-06
-8.94387e-07
-0.000392989
-0.00037402
0.000716655
0
0
0
0.000302132
-1.29473e-07
0
0
0
0
-1.42354e-07
0
0.00036759
0
0
0
0
0
-0.000109327
-0.000195086
8.2128e-05
0
0.000132938
-0.000106583
0
5.2466e-05
-3.95113e-05
-5.08631e-05
0
0
0
4.91411e-05
6.07036e-05
0.000181849
0
-0.000140604
1.71249e-06
-0.000152061
-0.000173501
0
0.000341152
0.000377953
0
0.000196957
0
0
0.000231177
2.76178e-06
-0.000282145
0
0
-0.000578522
0
4.63431e-06
0
0.000288853
0
-0.000301013
0
0
-0.000320928
0
0
0
0.000341695
0.000374583
0
0.000775901
0.000397383
-0.000789246
-0.000389409
-0.00036954
0.000670176
1.31144e-05
0.000693327
0.000759785
0.00154096
-0.000749314
0
-0.000774198
-0.000747087
-0.000734866
1.22325e-05
0
0
0
0
0
0
-0.00120786
0
-0.00114479
0
-0.00105913
0
0.00050525
0
-0.000497148
0
-0.00086282
0
-0.000499893
2.0476e-06
0.000780141
0
0
0
0
-0.00037224
0
0
0
0.00120507
0.000806181
0
0.00042699
-0.000381677
-0.000866331
-0.00094124
-0.000905521
-0.000891872
0.00102007
0
1.14918e-07
-0.00227483
0
0
0
-1.27899e-05
-1.68743e-05
0.00129285
0
0.00277345
-0.00377552
0
-0.00208143
0
-0.00122537
0
-0.000741018
0
0.000522165
0
0
0
-0.000381437
-0.000367891
0
-0.000349159
0.000342648
0
0
0
0
0.000344025
0.000351243
-0.000359764
0
-0.000695764
0.000667686
-0.001241
0.00057574
0
0
-0.000488529
0
0.000485922
-0.000494481
0
-0.000987552
0
-0.000480086
-0.0004656
0.000454197
0
0
-0.000416087
-1.23666e-08
0.000386531
-0.000371008
-5.57056e-07
0
0
-0.000310802
-0.000297017
-0.000282661
-0.000267801
0
0
0
-0.000209248
0
-6.99707e-07
-0.000169855
0.000158682
0
-0.000264474
0.000244527
0.000331711
0.000292815
0
0
-0.000135394
0.000115723
0
-6.9409e-05
4.48919e-05
3.98248e-05
0
0
-1.15534e-05
0
-4.91511e-05
-7.33673e-05
-8.37037e-05
0.00010548
-0.00011362
0.000109419
0.000273695
0
-0.000157973
-0.000174746
0
0
0
0.000244144
0
-0.000226621
0.000264194
0
0
0.000264604
0
-0.000543746
0
0
0
-0.000298542
0
0
0.00091994
0
0
0
-0.00102057
-0.000356518
0
-0.000742067
-0.000758664
0.00146274
-0.000741716
0.0006787
1.39468e-05
-0.000638891
0
-0.000693761
-0.000722579
0.000664893
0
-1.4006e-05
0.00141444
0
-0.000693273
0
0
0
0
0
0
0.000570018
0
0.000575722
-0.000562546
0.000547813
0
-0.000508219
0
-2.46915e-06
0
-2.22382e-06
0
0
-0.000439296
-0.000384075
0
0.000862131
0
0
0
0
0.000836239
0
-0.000887286
6.9455e-06
-0.000856548
0
0
0.0008689
0.000944434
0.000941916
-4.77199e-06
-0.00105351
0
-0.00114906
0.00226847
0
0
0.00112947
-0.00230949
-1.3807e-05
0
0
-0.00305669
0.00395237
-0.00281955
0
0
-9.11271e-06
0
0
0
8.71173e-06
0
0
0
0.000365297
0.00073224
0
0
0
0.000714739
0.000722951
-0.000725835
-0.000724841
0
0
0
0
0
8.30088e-06
0.000602919
0
0
0
0
0
0
0.00051813
0
0.000511472
0
0
0
-0.000459192
0
0
0
1.22472e-06
0
0.000728883
-0.000349893
0
0
0.00030383
-0.000287892
0
0.000261946
0.000246758
0
0
0
0
-0.000178923
0.000168631
-0.000157392
0.000280873
0.000515628
-0.000248889
-0.000228569
-0.00020214
0
0
0
0
0.000100424
0
0
0
-1.66503e-05
0
-2.99658e-06
0
4.80069e-05
0
7.20541e-05
0
0
0
-0.000123432
0
0
-0.000177611
-0.000185248
-0.000175071
0
3.92622e-06
0
0.000220463
0
0
-0.000229198
0
0
0.000276647
0.000274471
0
0
0.000281336
-0.000597285
0
-0.000586711
0
0
-0.000633878
0.000671653
0.000699546
0
0
0.000699719
-0.000675119
0.000688609
-0.000698057
-0.000649679
-0.000622149
-0.000608141
0
0.000692974
0.000642598
0
0.000656675
1.44631e-05
0.000698507
0
0
0
0
0
0
-0.00058274
0
-0.00055786
0
0.000561511
0
0
-0.000521575
0
0.000958644
0
0.000429268
0
0
0
0
0
-0.001776
0.000804279
0.000767567
0
-0.000852035
-0.000829556
0
0
8.1708e-06
0.000949194
0
0.000892114
0
-0.000908725
0
0.00202661
0
0.0010873
0
-0.00113056
0
0
-0.00120504
0.00116222
-1.07684e-05
-0.00129711
0
0
0
0.00269809
0
0
0.00101693
0
0.000624358
0
0.000456137
0
0
0
0
-0.000711269
0.000742407
0
0
-0.000736236
-0.000728432
-1.17623e-05
0.000717003
0
0
0
0
0
-0.00127281
0
0
0
0
0.000566009
0.00055967
0
0
0.000537716
0
0
-0.000496765
0
0
0
0
0
2.98421e-06
-0.000372975
-0.00035886
0
-0.000322882
0
0
0.000281585
-0.000529211
0
-0.000239754
0
0
0
0
0
0
0.000296969
-0.000273791
-0.000252778
-0.000234954
0.00021189
0
0
0
0
-0.000111047
-0.000100763
8.29588e-05
-5.61359e-05
0
4.40854e-05
0
3.20463e-05
5.76088e-05
-0.00012419
0
0
-0.000112611
0.000111084
-0.000128501
0.00013776
0
0
-4.39669e-06
0.000188904
-4.2864e-06
0
4.57546e-06
-0.000221997
4.97983e-06
0
0
0.000212885
0
0
0.000531938
0.000268075
0
0
0
0.000559933
0
0
0
0
0.00121392
-0.000670388
1.79146e-05
0.000692034
0
-0.000667786
0
0.000661373
0.000657373
0
0.000597101
0.00114398
0
-0.000640479
-0.00126411
0
0
-0.00126748
1.47642e-05
0
0
0
-0.000612696
0
0
0.00112356
0.000536127
0.000531213
0
0
-0.000581237
0
-0.000543391
0
-0.000487224
0
-0.000874785
-0.000875583
0.000987571
0
0
0
0.000915045
9.70702e-06
-0.000810615
0
0.000872613
0
0
0
-0.000928687
0
-0.00095136
-0.000944952
0
0.000988622
-0.0009931
7.79172e-06
-0.00107413
5.89616e-06
0
0.00114033
0
0
0
-0.00121091
-7.80144e-06
0.00257717
0
-0.00292106
-0.00322715
0
0
0
0
0
-0.000560151
0
8.9366e-06
-0.000779662
0
0
0
0
-0.00149236
0
0
0
0
0.00155259
0
0
0
0.000734674
0
0
0.00067766
0
0.000641206
0
0
-0.000609237
-0.00118632
0
0
-0.000552386
0
0.00051073
0.000496651
-0.000473228
0
0
0
0
0.00038304
0.000365413
0
0
0.00031541
0
0
0
0.000511793
0
0
0.000420644
0
0.000371178
0
0
0
-0.000283427
-0.000259411
0.000233446
6.12567e-06
-0.000203828
0
0
0
0
9.78774e-05
7.25766e-05
-6.81724e-05
5.5013e-05
3.17897e-05
-1.85887e-05
0
0
5.02892e-06
-4.97113e-06
-7.37839e-05
8.48629e-05
-5.12321e-06
-0.000103203
0.000247963
-0.000131427
0
-0.000157439
0.000160709
0
0.00017485
0
0.000194452
-0.000212447
-0.000209097
0.000444544
0
0
-0.000442688
0
-0.000491622
-0.000504084
0
-0.000518144
0
0
0.000563538
0
0
0
1.91058e-05
0.000629944
-0.000630431
-0.000622594
0
0.00126771
-0.000640543
-0.000643724
0.00064674
0
-0.000609396
-0.00057689
-0.000620197
0
0.000653972
0
0
0.00126244
-0.000643853
0
0
0
0.000611506
0
0
-0.00056277
-0.000530748
-0.00105693
0.00109253
-0.00110667
0.000549882
0
0.000998605
0
0
0
0.00090056
0.0017434
-0.000949682
-0.000948978
0.00093397
0.000924588
-0.00090449
1.13356e-05
0
0
0.000885327
0
-0.000905956
0
0
0.000954199
0.00189314
0
0
-0.00217474
0.00106409
-0.00107664
0.00107597
-0.00116908
-0.00116324
-0.00232759
0
0
0
0.0012569
-0.00123373
-0.00125124
0
0.00246339
0.00285766
0
0
0
0
0
0
0
-0.000854222
0.000800228
0
0
-0.000743076
0
0.00151981
-0.000779752
0
0
0
-0.000810596
-0.00080676
0
0
-0.000768355
0.000748015
0
0
-0.000712099
-0.00070034
0
0
0
0.000623076
0
0
-0.000550713
-0.000528912
-0.000514339
0
0.000470338
0
0
0
-0.000763045
0
-0.00068529
0
0
-0.000592759
0
-0.000529711
0.000502333
0
0.000454317
0.000425519
-0.000409736
0
-0.000707933
0
0
0.000274454
0
8.37143e-06
-0.000235835
8.01916e-06
0
0
0
0
9.49696e-05
0
-5.89274e-05
0
0
-4.14496e-05
-1.96319e-05
0
0
-6.18019e-05
0.000159071
-5.86797e-06
-9.63761e-05
0.00010242
-0.000115155
-0.000127264
-0.000157403
0
0.000502677
0.00033463
0
0
0
-0.000796511
0.000433365
-0.000455299
-0.000425752
0
0
0.000441468
0
0
0.000500215
0
0.000506202
0.000569661
0
-0.000560365
0
0
0
-0.00118361
-0.000629177
0
0
0
1.77723e-05
0.00121952
-0.000643359
-0.000605958
-0.000627036
0.00120997
0.00061805
0.000605635
0
0
0
0
-0.00129973
-0.000637115
-0.000632779
0
0
0
0
0
0
0
0.00106632
-0.00105314
0.00103206
0
0
0
0.000901437
0
0
0
-0.000876735
0
0.00183453
-0.000946439
-0.000940921
0.000923883
1.2899e-05
0
0
-0.00178727
0
0.00198625
0.00105212
0
-0.000975459
-0.000960045
0
0
0.0022003
-0.00111291
-0.00112386
0
0
0.00117257
0.00118524
-0.00120654
0
0
0
0
0
0
0
-0.00516042
0
0
-0.00177085
0.00135574
0
0.000929607
0
0
0
0
0
0.000697355
0
-0.000702857
4.75198e-06
0
-0.000777195
0
-0.000794624
0.0007998
0
0
0
-0.000738487
0.000707452
0
0.000682922
0
0
0.000609538
0
0
0
-0.000528698
0.000519239
0.000499135
0
0
0
0
-0.00077614
-0.000745882
0.00140449
0
0.000646732
0
0
0.00056795
0
0.000507829
-0.000949022
0
-0.000858193
-0.000400128
0
0
0.000324262
0
0
-0.00027592
0.000280005
0.000261547
0.000209455
0.000427935
0.000209415
0
0
0
-6.62502e-05
2.32468e-05
0
0
0
0
6.96584e-06
0
0
0
-0.000171197
-6.53433e-06
0
0.000242032
0.000132838
0
0.000571655
0
-0.000348621
-0.000302852
0.000269675
0
0
0.000432651
0
0.000471804
0
0.000502214
-0.00046822
0
0
-0.000424959
1.6692e-05
0
-0.000511473
-0.000529575
0.000614051
0
-0.000528579
0
-0.000579449
0.000578275
0.000609574
0
0
0
-0.000556005
-0.00112063
0.00116616
0
0.000602745
-0.00112516
1.64976e-05
0.000599265
-0.000655481
0.000681257
0
0
0.000636314
0.0005973
0.000611354
0
0
0
0
0
0
0.00104929
-0.00104077
-0.0010014
0.000978425
0
0
0
-0.000846808
-0.000834318
0
0.00083813
0
0
-0.00169401
0
0
-0.000908065
-0.00175583
0
0
-1.46264e-05
-0.000932297
1.38813e-05
1.37641e-05
-0.00108395
-0.00103037
0.00102699
0
0
-0.00107898
0.00111108
0.00226801
-0.00114123
0
0
-0.00245772
0.00374345
-0.00256288
-0.00259895
0
0.00255852
0
0
0
0.00907045
0.00298311
0
0.00302281
-3.72713e-05
-0.000940854
-2.71142e-05
0.000735742
0
0
-0.000648355
0
-0.000704431
0
0
0.0015641
0
0.000808417
0
0.000804767
0
0
0
0
0
-0.00140555
0
0
0.000650419
0
-0.00123567
0
0
0
-0.000506243
0
0
-0.000900659
0
0
0.000776997
2.53491e-05
2.45892e-05
-0.000706867
-0.000650635
0
0
0
0
0
0
0.000901141
0.000413129
0.000876423
0
0
0
0
0.000318081
0
0.000293374
-0.000288598
0
-9.77427e-06
-0.000371916
-0.000412049
0
-0.000101835
0
0
-2.06916e-05
2.52375e-05
0
0
0
6.82139e-06
0
0
-0.000128632
5.81448e-05
0.000119968
0
-0.000623158
0.000307836
0
-0.000387168
0
0
0
1.09826e-05
0
0
-0.000411931
0
0
0
-0.000546435
0.000955553
-0.00047567
-0.000419752
0.000500085
-0.000560385
0
-1.73707e-05
0.000663862
-0.000641836
0.000622739
0.000531918
0.000601695
-1.97901e-05
0
0
0.000716003
0
-0.000683716
0.000626435
0.000633518
1.71283e-05
0
0
0.000601019
1.65842e-05
-0.000667941
0.000704795
-0.000724133
0
0
0
0
0
0
0
0
0
0
-0.0010688
-0.0010681
0.00218561
0.00215631
-0.00106574
-0.00105213
0
0
0
0.00183643
0
-0.000877366
0
0
0.000862249
0.000907453
0
0.00181865
0.00183134
0
0
0.00095564
0.000988
-0.0010218
1.5134e-05
-1.51102e-05
-1.51537e-05
1.52142e-05
0
0
0
0
-0.00117498
0.00118933
0
0
0.00256992
-0.00264708
-1.59182e-05
0.00265506
0
-0.00256963
-0.00252376
0
0
-0.00435439
-0.00290485
0
-0.00246948
-0.00187032
5.22039e-05
-0.00072492
-0.00122771
0.000527507
0.000576226
3.27418e-05
0
0.000681606
-0.000649333
-0.000660429
-0.000700902
0
0
0
0
0
0
0
0
-0.000652661
0.00067319
0
-0.000637354
-0.000636895
0
0.00115876
0
0
0
0.000985342
0
0
0.000908186
-0.000848982
0
-0.00078496
0.00144846
0.000720962
-0.000661789
2.34029e-05
-0.000544747
0.000528168
-0.000500582
0
0
0
-0.000414107
-1.61428e-05
-0.000449294
0
0
-0.000284119
-0.000235639
-1.18422e-05
0
-0.000553875
-0.000247996
0
-0.000198942
0.000320504
0.000144078
0.000144203
0.000102794
0
-8.12296e-05
0
-7.70189e-05
0
0.000116247
-2.55565e-05
6.81058e-06
0
-8.01252e-05
8.94506e-05
0
1.4164e-05
0.000234597
0.000317515
-0.000198968
0
-0.000329031
0
0
-0.000137345
-0.000217878
0
0.000351715
0.000544991
0
0
0
-0.000592984
-0.000442639
0.00106592
0.00116965
0.000709503
0.000684723
-0.0006581
0.000641934
-0.000734821
0
-0.000563683
0
-0.000525083
0.000501317
0
0
-0.000700224
0
0.00150052
1.70794e-05
0
-0.000533567
0
0
0.000699166
-0.00068377
-0.000766685
0.00143381
0.00136364
0
0
0
-0.00126725
0
0
0
0
0
0
0.00226365
0
-0.00253171
-0.00120054
0
0.00116341
0.00103311
0
0.00104523
-0.000994602
0
0
0
0
0.000884279
-0.00181411
0
-0.00093534
-0.000936073
0
0
0
0
0.00106534
-0.0021358
0.0010986
0.0022508
-0.00113284
-0.00115556
0
0
0
0
0
0
0
0
0
0.00558815
0
0
-0.00262931
0.00252005
0
0
-0.00353278
0
0
0.000987917
0.00075924
0.00115097
0.000494963
0.00053924
-0.000505145
-0.000921001
0.000437907
0
0
0.000919749
0.000509357
0
0
0
0
0
0
0
0
0.000516146
0.000567238
-0.000548125
0
0.000552471
0
-0.000493004
-0.000510078
0
-0.000442112
0
0
0
0
0
0.000803025
-0.000748699
0
-0.000683825
0
0.00134435
0.000624836
0.000561407
-0.00108226
0.000572892
0
0
0.000502189
0
-0.00084734
-0.000438061
0
0
0.000656013
0.000304847
-0.000321615
0
0.000254134
0.000267943
0
0
-0.000171262
7.34427e-05
-9.82037e-05
0
0
9.15536e-06
0
-0.000131648
0.000161384
-0.000121557
-6.85307e-06
-0.000271126
0
9.07257e-05
0
0
-0.000207201
-0.000168409
0
-0.000152068
0.000385634
0.000392598
0
0
0.000445069
0
0
-0.000352514
-0.000468911
0
-0.000556769
-0.000331561
0.00106705
0
-0.000467713
-0.000576786
1.7228e-05
1.72393e-05
0.000709202
0
0
0
-0.000609861
-0.000488516
0
0.000520037
-0.000628135
0
0
0
-0.000880027
-0.000704345
0
0
-0.000621844
0
-0.000738847
0
0.000807762
-0.00131599
-0.00105548
0
-0.00152497
0
-3.05741e-05
0
0
-0.00110969
0.00107885
-0.00110183
0
-0.00228762
0
0.00127367
0.00122976
-0.00124409
-0.00123077
-0.00106931
0
-0.00102751
-0.000976399
-0.000911244
0
0
0
-0.000850047
0.000941716
0.000967633
0.00102418
-0.000972829
0
0
0
0
-0.00107688
-1.76086e-05
-0.00113128
-0.00113848
0
-1.70779e-05
-0.00119336
0.00121868
0.00124107
0
0
0
0
-0.00265354
0
-0.00282055
0
0
0.00270767
0
0
0
0.00338078
0
0
-0.000599556
0
-0.000390081
-0.000327544
-0.000198076
0
0.000226259
0.000143489
0
-0.00017146
-0.000233484
0
0
0
0
0
0
0
0.000247101
0
-0.000655234
0
0.000393482
-0.000382125
0.000387864
-0.000387827
0.000423223
0
0
0.000401737
0.000387246
0.000382988
0
0
0
-0.000343882
0.000707779
-0.000658061
0
0
-2.19304e-05
0
0
0.00108452
0.000565779
0.000563036
0
-0.000502914
0
0.000453498
0.000442257
0
0
-0.000380456
0
0
0
0
-0.000294491
0.000312431
-0.000278563
0
-7.93994e-06
0
-0.000122233
0.000162509
0.000111309
0
0.000161119
-0.000195172
0
-6.93797e-06
-6.92582e-06
0
0
3.79347e-05
0
-4.62094e-05
0
0
0.00020993
1.17972e-05
0.000294346
0
0
-0.000268128
0
0
0
0
0
0.00086093
0.000316677
-0.000487787
0
0.000487241
0.00039707
-0.00106235
-0.000609028
0
0.000698009
0
0
0.000646906
0.000553354
0
-0.00117417
0.000670871
0
-0.000750229
0
0
0
0
0.00061486
-1.63443e-05
0.00089725
0
0
0.000833459
0
0.00057057
0
0.00140698
0
-2.82873e-05
0
0
0.00116423
2.25633e-05
0.00088945
0
0.00184684
0
-0.0010346
-0.0011008
0.00122808
-1.24818e-05
0
0
0.000989811
0.000856467
0.000751902
0.000736502
0
-0.00075373
-0.000795275
0.00100875
-0.00100622
-0.00105822
0.00101603
0
0
0
0.00108411
-0.00110908
0.0010974
0.00111856
0
0
0.0011699
-1.70552e-05
-0.00245307
-0.00124352
0
0
0.00131405
0
0.00266641
0.0013575
0
-0.00284527
0
0.00269879
0.00253751
0.00265214
0
0
0.0011247
0
0.000520668
-0.000221529
0
0
9.48877e-05
0
0
0.000133699
0
-0.000117786
-0.000155464
0.000136128
0
0
8.29576e-05
0
0
0
-3.49158e-05
0
0.000183716
0
0
0.00021926
-0.000238692
0.000274295
0
0
0
0
-0.000358063
-0.000359135
0
-0.000333996
0
0.000334799
-0.000318495
0.000641482
0
0.000305603
-0.000936786
0
-0.000584016
-1.65989e-05
-1.54901e-05
-0.00115929
0
0.000508556
0
0
0.00047002
0
0
0
0.000415955
0
-0.000373858
0
0.000350849
-0.000348753
7.75607e-06
0
-0.000239652
0
0.000214485
-0.000267008
-0.000203507
0
0
-0.000222112
0
-0.000112364
-3.34532e-05
4.94889e-05
0
3.61522e-05
0
-7.22446e-05
0
0
6.00574e-05
-0.000332451
-0.000147232
-8.77157e-05
0
0
0.000228169
0
0
0.000251986
0.000406593
1.3051e-05
0
0
-0.000368637
-0.000482079
1.66112e-05
-1.66977e-05
0
0
1.67388e-05
0
-0.000582669
0
0.000544048
0
-1.51057e-05
0.000619237
0.000531277
0.000718754
0
0
-0.000679126
0
-0.000635297
-1.62933e-05
-0.000794931
0
0
-0.00071766
0.000667017
-0.00059166
0.000549028
0
0
0.00202639
0.000717422
0
0
-0.00123006
0
0
1.76135e-05
0
0.000821359
-0.000859229
0
0.000973846
0
0.00101447
-0.00093886
0
0
1.6608e-05
0
0.00141396
0.00151093
-0.000934287
0
-0.00104815
0
0
0
0
-0.00108341
-1.84442e-05
-0.00110831
0
0
0
-0.0011847
0.00119234
0.00246272
0
-0.00127439
-0.0013041
1.40205e-05
-0.0013195
0.00134941
-0.0013324
0
0.00421394
0.00130866
-0.00261462
-0.00378296
-0.00262256
0
0
-0.00063245
0
0
1.67655e-05
0
0
-0.000278636
0
0
0
0
0
0.000519633
-0.000473483
-0.000475293
0
4.2319e-05
0
0
0
0.000212059
-0.000173769
9.88444e-05
0
0
0
0
0
0
0
0
-0.000253837
0
0
0
0.000347621
0
-0.000313938
1.0775e-05
0.000298174
0
-9.39751e-06
8.90443e-06
0
0.000605319
-0.000598735
-0.00087052
0.000583259
0
-0.000553075
-0.000270598
0
-9.23595e-06
0
0.00050585
0
-0.000494793
0
0.000468386
0
0
0
0.000880844
0
0
0
0
0.000312607
0.000263502
0
0
0.000285381
0
0.000186801
0
-0.000245785
0
-9.85762e-05
0
0.000106101
6.31745e-06
0
5.32256e-05
3.19586e-05
0
-4.95608e-06
1.32867e-05
8.48465e-05
-5.49346e-05
0
0.00011373
-0.000161999
-0.000272181
-0.000172654
-0.000106614
0
0.000398427
0
-0.000446085
-1.56008e-05
-0.000570707
0
-0.000479789
0
0.000334597
0
1.29771e-05
0
-1.35695e-05
1.40335e-05
-0.000409361
0
-0.000552908
0
0.000639816
0
-0.000592929
0.000891043
-0.000526213
0
0.000600052
0
-0.00112764
0
-0.0005389
0
0
-0.000585461
-0.000609506
0
0.000694347
0
0
0
-0.000904283
0
0
0.000896531
0.000429651
0
0
-0.000893067
0
0
-0.000871526
-0.000744174
0
-0.000737268
-0.000807828
0.000887803
0
0.000968251
0
0
0
0
0
0.00105007
-1.81593e-05
0
0
0
0.00115534
0
1.6086e-05
0
0.00126262
0.00131026
-0.0026241
-1.30916e-05
-0.00133483
0
0.00137685
1.35036e-05
-0.00131236
0
0.00126605
0
0
0
0.000116176
0.000392584
0
0.000646021
0
0
0.000535845
0
0
0
0
0
0
0
0.00100998
0
-0.00022895
0.000451258
0.000349226
0
0
0.000148127
-0.000182948
-4.14403e-05
0
0
6.23879e-05
0
0
-0.0001968
0
0.000231669
0
0.000260185
0
0
0.00030111
0.00028886
0.000278809
-0.000281976
0
-0.000284479
0.00058087
0
0
0
0.000278146
0
0
0
4.49968e-06
-0.000274169
-0.000551651
0
-0.000278167
-0.000270644
0
-0.000266612
0
0.000252446
0
0
-0.00048691
-0.000440968
0.000422489
0
0
-0.000384117
0
0
-0.000331862
0.00033934
-0.00028007
-0.000275711
0
0.000210855
-0.000211679
0.000312845
0
0
-0.000126395
0
0.000126277
0
6.88161e-05
-7.98496e-05
1.24814e-05
-5.22776e-06
4.80964e-06
0
-2.24894e-05
0
0
3.83243e-05
-5.82434e-06
-0.000190641
0
0
-0.000191815
0.000190452
0.000186523
0
0
0
0
-0.000166819
-0.000518793
-0.000390423
0.000446832
-0.000306654
-0.000310764
0
0.000920992
0.000553213
-0.000687455
0
0.000546211
1.39845e-05
0.000450379
0
-0.00117345
0
0.000509344
-0.00048456
0
0
0
0.000419691
0.00044368
0
7.61504e-06
0.000601383
0.000580046
0
0
0.000506835
0
-0.000464304
-0.000457209
0
0
0
0.000406737
0.000362971
0.000760125
0
0
-0.000386546
0
-0.000833277
0.000436052
0
0
0
0
0.00100843
-0.00101948
0.00102551
0.00102612
-0.00107531
0
-0.00113448
0
0.00120215
-0.0012125
0
-0.00126204
0
0.00130296
0.00132168
0
0.00133018
1.38023e-05
-0.00272366
0
0.00132863
0
0.00133416
0
-0.00129219
0
-0.000782962
0
-0.000905286
0.00103125
0.00103033
-0.000935307
0
0
0.000718452
0
0
0.000429966
0
-0.000280227
0.000252725
-0.00020087
-0.000316598
-0.000100699
0
0
0
0.000142849
3.19279e-05
0
0
-8.51308e-05
0
0
0.000168015
0
0
0
-0.000205227
0
0
-0.000244251
0.000218618
0
0
0
-0.000235046
-0.000518343
-0.000240205
0
0.000250773
-0.00024475
0
0
-0.000250266
0.000250707
0.000503762
-0.000249406
0
-0.000260649
0.000263436
0.000262112
0.000267292
0
-0.000261519
-0.000257401
0
-0.000248586
0.000728575
-0.000689426
0
0
0
0
0
0.000590735
-0.000388975
0.000340162
0.000160022
0
0
0.000381665
-0.000221725
-0.000194703
0
0.000170443
0
-0.000312954
-0.000126305
-0.000242236
0
0
0
4.2543e-06
0
4.01638e-05
3.1329e-05
0
9.00989e-06
1.64602e-05
-5.61551e-06
0
8.2588e-05
9.52092e-05
8.83595e-07
-6.06995e-06
0
0.000143098
0
0.000122453
0.00021439
0
0.00013461
0
0
0.000143268
-0.000188971
-0.000355476
-0.000494015
0.00058235
0
0
-0.000460003
0
0
0.000471088
0
0
0.000440685
0
0
0
-0.000318665
-0.000343329
0
-0.000833681
-0.000851492
-0.000439571
0
0
-0.000837636
0
0.000400433
-0.000408106
0
0
0.000347999
-0.000350775
-0.000323194
0.000341516
0
0
0.000723138
-0.000380626
0.000391866
-0.000397932
0.00042969
0.000468376
0
0
-0.000949337
0.00146869
-0.000976846
0
0.00157437
0.000552697
0.00109671
0
-0.00175399
0
0
0.00122978
0
0
0
-0.00132682
-0.00128656
-0.00128684
0.00131747
0
-0.00129839
0
-0.00261731
0
0.00188773
0.000957591
0.000902601
0.000836721
-0.000706252
-0.00110189
-0.00143654
0
0
0.000305672
-0.000230054
0
-0.000176653
-0.000275438
0
0
-0.000172886
0
0
-8.71479e-05
0
0
-7.10049e-05
7.04407e-06
0
0
0
1.34913e-05
0
0
0
0
0
0
-6.36674e-05
0
0
0
-0.000145545
0
0
0
0.000258331
0.000172894
8.81821e-05
0
-0.000196283
0.000202674
9.94569e-05
0
0.00029087
0
-0.000200013
0.000306114
0
0
0
-2.36562e-06
0
0
0
2.31317e-06
0
0.000239408
-0.000235672
2.18624e-06
0
0
0
0
0
-0.00019938
0
-0.000172556
-0.000333461
0.000153062
0.000147881
-0.000140658
-0.000132388
0.000126754
0
-0.000310855
0
0.000189617
0.000270833
0.000165528
0
0
0
0.000182107
-5.09279e-05
-9.55938e-05
-4.25938e-05
0
-1.94705e-05
0
-2.75372e-05
0
-6.8763e-06
0
6.64817e-06
5.95864e-05
-7.86196e-05
-8.14554e-05
0
-7.58778e-05
4.51091e-06
9.53596e-05
9.68457e-05
0
-0.00012372
0.000137739
0.000141163
0
0
0.000210704
0.000200108
0
0.000198625
-0.000183728
-0.000172865
0
0
0
0
0
-0.000171001
-0.00018311
0
0
0
0.000157865
0.000319225
0
0
-0.000162345
0.000304746
0
0
0.000284863
0
0
-0.000438509
0.000152463
0
-0.000140588
-0.000155651
0
-0.000330068
0.000333299
-0.00069323
-0.000355733
-0.000368271
8.80878e-06
0
0
0
-0.00047263
0
0
-0.000517989
-0.00106449
0
0.000551764
-6.75181e-06
0
0.000607963
-0.000611887
0
0
0
0.00130533
0
0
0
0
0
0
0.00191128
0
-0.000813742
-0.000492319
-0.00114364
-0.00054092
0.00041909
-0.000183212
0.000130542
-0.000128566
0
-0.000195359
-0.000164605
0
-7.20085e-06
-0.000104101
0
0
0
0
4.92447e-05
3.62943e-05
0
0
1.99447e-05
-1.38427e-05
0
0
0
0
0
0
0
0
0
0
6.11316e-05
0
0
-2.34099e-05
0
0
0
0
-2.45666e-05
-2.01028e-05
4.77569e-05
0
0
0
-6.32779e-05
0
-6.23524e-05
0
-3.32337e-05
-7.30052e-05
0
8.45427e-05
0
-0.000187652
9.5542e-05
0
0
0.00020051
0
-0.000101789
-9.81731e-05
0.000299705
0.000103198
0
9.9091e-05
0
0
9.34348e-05
-8.9828e-05
0.000168633
0.0001615
-0.000226381
-0.000150135
0
0.000139185
6.73779e-05
-6.329e-05
5.87246e-05
0
0
-0.000146278
0
0
0
-3.661e-05
-7.33887e-05
6.63357e-05
-3.11511e-05
-7.83772e-05
0
3.7496e-05
0
0
0
1.29487e-05
3.23299e-06
-9.45777e-06
1.07451e-06
2.19414e-05
0
-2.26313e-05
0
-4.35061e-05
-7.67273e-05
0
0
4.57885e-05
5.55573e-05
0
0
6.61636e-05
-0.000136556
-0.00023218
0
-0.000147053
0.000133648
0.00013592
-7.672e-05
0
0
0
0
0.000205492
0.00015491
0
-8.06292e-05
0
0.00018986
0
-6.90449e-05
0
0.000103581
5.06472e-05
0
0
0
-5.34398e-05
0
5.37136e-05
-0.000178867
6.3729e-05
-0.000100305
0.000128986
-0.000129993
0
0
0.000295086
0.000273673
0.000156945
-0.000379657
0
0
0
0
-0.000228895
0
0
0.000731935
0
-0.000497595
0.000544425
0
-0.000549525
0.00059481
0.000292513
0.000324022
0
-0.000324387
0
-0.000298367
0
0
0
-0.00030829
-0.000625656
0
0.000554488
-0.0003488
0.000234223
0
0
0.000113717
9.69965e-05
8.47753e-05
0
0
0
0
9.25797e-05
7.75858e-05
0
0
0
0
-3.26371e-05
-2.44897e-05
0
0
1.69958e-05
-1.23836e-05
0
0
0
0
0
0
0
0
0
0
-1.30269e-05
0
0
1.65751e-05
0
0
0
0
-7.44006e-06
7.68128e-06
0
0
0
0
0
0
0
0
2.03277e-05
0
0
-6.06972e-05
0
0
-7.32871e-05
0
0
0
0
8.35118e-05
7.70141e-05
-8.528e-05
-9.20721e-05
0
-8.90654e-05
0
0
-8.77059e-05
8.60654e-05
0
0
6.99403e-05
0
0
0
6.69071e-05
6.4859e-05
5.93756e-05
0
0
5.0596e-05
0
0
0
4.24092e-05
0
0
3.74862e-05
3.33586e-05
0
0
0
0
0
0
-1.22657e-05
0
0
0
0
2.6301e-06
0
0
1.45675e-05
0
0
3.38663e-05
-3.96271e-05
0
0
-4.86624e-05
0
6.23782e-05
0
0
0
0
5.62129e-05
0
0
0
0
-4.87731e-05
0
0
7.26341e-05
0
-4.14958e-05
0
6.87304e-05
0
0
-2.74285e-05
0
0
0
3.28322e-05
0
4.26489e-05
4.41134e-05
-4.17578e-05
0
0
9.0044e-05
0
0
0
0
-0.000121453
0
0
0
0
0
0.000199155
0
0
-0.000216205
0
0
0
0
0
0
-0.000269889
-0.000312553
0
0.000301581
0
0.000284776
0
0
0
0.000289197
0
-0.000833834
0
-0.000562649
-0.000426066
0.000338599
0
0.000218841
0.000190206
-0.000166383
-0.000149512
0
-0.000115176
0
0
0
6.10354e-05
-4.99964e-05
0
0
0
0
0
0
0
0
0
2.33626e-06
-1.43392e-06
0
0
-1.55611e-06
0
0
0
-7.26331e-06
0
0
0
3.36652e-05
0
0
0
0
0
5.09973e-06
5.39216e-06
0
0
0
0
0
0
0
0
0
0
0
5.17369e-05
0
-5.69269e-05
0
0
0
0
-6.87168e-05
0
0
0
0
0
0
0
0
-8.36619e-05
-7.10944e-05
0
0
6.68006e-05
0
0
0
0
0
-0.00010838
-0.000102174
-0.00010169
0
0
0
-8.81628e-05
0
8.39736e-05
0
0
-6.64924e-05
0
0
0
0
0
0
0
-2.92462e-05
0
0
0
-7.80671e-06
0
-4.63125e-06
0
0
0
-2.77699e-05
2.35927e-05
0
0
0
0
0
0
0
0
0
0
5.33625e-05
-5.61065e-05
0
0
0
7.84534e-05
0
0
4.08044e-05
5.89595e-05
0
0
0
2.73059e-06
1.52131e-05
0
-1.53411e-05
0
0
0
-2.79553e-05
0
0
0
0
0
0
0
0
0
-0.000109645
0
-0.000104317
0.000119476
0
0.000119917
0
0.000141876
0
-0.00015703
0
0
-0.000135428
-0.00015527
0
-0.000403724
0
0.000430208
0
0
0
0
0
0
0
-0.000353712
-0.000669046
-0.00108602
0.000457917
0.000360844
-0.000924614
0
0.000218898
-0.00050032
0.000141755
-0.000145165
0
9.36795e-05
0
-0.000144999
0
-4.80267e-05
3.64613e-05
0
0
-3.26559e-05
0
0
0
2.10862e-05
0
0
3.81442e-07
3.17898e-06
0
0
2.31948e-06
0
-3.45989e-05
0
1.30318e-05
-2.69999e-05
-8.73349e-05
0
-4.87331e-05
6.95685e-05
0
0
0
0
-7.29278e-06
-1.83964e-05
-3.37834e-05
0
0
0
0
0
0
0
0
0
0
-4.76931e-05
0
-4.74968e-05
0
0
0
0
5.9425e-05
0
0.00012138
0
0.000131479
0
0
0
0
0.000236736
0.000173827
0
0.000104172
-5.82699e-05
0
0
-0.000236285
0.000205738
0
0.000103584
9.64806e-05
0.000103057
0
0
0
0.000269258
0
-0.000265824
0
-0.000158316
0.000213614
0
0
0
0
0
0
0
-3.4784e-05
0
0
-4.56877e-05
1.73534e-05
0
-4.59293e-06
0
-1.98925e-05
-3.19966e-05
-1.2428e-05
-4.67158e-05
3.60439e-05
4.48672e-05
-4.8725e-05
0
5.74691e-05
3.69935e-05
-4.73282e-05
0
0
0
-4.03327e-05
3.45128e-05
-4.36431e-05
0
0
-4.41064e-05
4.81243e-05
-6.15308e-06
-1.41871e-05
1.5306e-05
0
-1.48148e-05
6.48366e-05
4.37303e-05
-3.1343e-05
0
1.79491e-05
-3.82687e-05
0
0
5.41331e-06
0
-3.80253e-07
-2.13592e-05
0
0
0
0
0
-0.000145488
8.39427e-05
0
8.30708e-05
-9.40764e-05
0
-9.37072e-05
0
0.000111543
-0.000247177
0.000125048
0.000293483
0.000317604
0.000130386
-0.000144616
0.000307191
-1.45392e-06
0
-0.000351662
0
0
-0.000748339
0.000673649
0
0.00066911
0
-0.000306818
0.00111354
3.97564e-05
0
0
0.000579067
0
-0.000726033
0.00063128
0
0.000236544
0
0
0
0.000119739
0.000235358
0
0
0
0
7.52516e-05
0
0
0
-3.53376e-05
0
-1.96398e-06
-3.43068e-06
-5.35876e-05
0
0
0
0
0.000114168
0
0
-3.38863e-05
0.000125186
0
0
-0.000135848
4.43653e-05
-3.11484e-05
0
0
0
2.17829e-05
4.90015e-05
0
0
0
0
0
0
0
-7.95582e-05
0
0
0
-0.00018184
8.34373e-05
0
0
0
-0.000224143
0.000191853
0
-0.000115597
0
-0.000110635
0
0
0
0.000277243
-0.000379544
-0.000252002
0.000164901
8.46817e-05
0
0
0
0.000467163
2.18546e-06
-0.000193882
0
-0.000181705
0
0
0
0.000123514
2.83319e-06
0
0.000168693
0
0.000159668
3.76015e-06
-0.000137683
0
0
0
0
0
0.000104143
-6.36004e-05
-8.00317e-05
0
0.00013111
0
0
0
0
3.86512e-05
-9.31584e-06
1.55835e-06
2.53362e-05
-2.90155e-05
-2.91607e-05
-2.48595e-05
0
3.45384e-05
-1.87381e-05
2.56157e-05
0
0
-3.69829e-05
-2.46718e-05
0
3.87813e-08
0
-9.20088e-06
-4.78684e-05
3.52475e-05
-2.38906e-05
0
2.56445e-05
0
8.21763e-05
-0.000125899
7.92534e-08
6.41568e-07
0.000142285
-0.000139427
2.67582e-06
0
0
-4.05631e-06
0
-6.46332e-05
-5.45379e-05
0
-8.23534e-05
0
5.26139e-05
0
6.86618e-05
0
0
0
0.000290528
0
0
0.000343579
0.000174131
0.000610004
0
0.000251216
-0.000271047
0
0.000793349
-0.000268774
-0.000274615
0
0
0
0
0.000625499
-0.000650297
0
-0.000574067
0
7.28956e-06
-0.00188099
0.000910005
0
0
0.00110455
-0.000901324
0.00110685
-0.000952928
0.000563491
0.00048214
0
0
0
0.000233118
-0.000201833
-0.000196264
0
0
5.37478e-05
-4.36638e-05
0
0
0
-2.37139e-06
0
-2.83126e-05
2.14028e-05
2.96643e-05
0
0
0
0
-6.78289e-05
0
0
7.00406e-05
-0.000122021
0.000110713
0
-5.69483e-05
-5.75468e-05
5.30723e-05
0
0.000130732
0
-7.31478e-05
0
0
6.82846e-05
0
0
-7.11208e-05
6.31059e-06
-2.27058e-05
0.000231214
0
-0.000122682
0.000192118
0.000189491
0
-0.000158018
0
-0.000196469
0.000173755
-0.000135606
0
0
0
0
0
0
0
2.11014e-06
-2.33516e-06
0.000108931
-0.000136788
-0.000127578
0.00018952
0
0
-0.000214251
-0.000157151
0.000161262
0.00031987
0.000141926
0
0
0
-9.00933e-05
-0.000120815
0.000244747
0.000335293
0
-0.000319342
0.000137827
-0.000143678
0
0
0
0
0
-6.55371e-05
7.77399e-05
-1.34076e-05
0
1.47294e-05
-3.91653e-05
0
0
-1.73871e-05
-2.28806e-05
2.51245e-05
-1.62563e-05
0
0
0
2.73726e-05
0
-4.41375e-05
0
0
0
0
-3.55258e-05
-5.77007e-05
-8.75113e-05
0
-0.000165632
8.30011e-05
-0.000243718
0.000239197
0
0
-0.000218096
0
-0.00034732
0.000406841
-0.000218021
0.000723924
0.000226046
-0.000454785
-0.000201229
0
-0.000337332
0.000162982
0.00032345
0.000297391
0.000269297
0
0.000269329
0
0.000119537
0
0
-4.38469e-05
0
0
6.12855e-06
0
0
-0.000231484
3.10642e-06
-0.000288156
0
1.54026e-06
0
0.000417923
-0.000432147
0
0.000881726
0
0.000466217
0
0
0.000937267
0
0.000939686
-0.000898515
-0.000881738
0.00127003
0.0035599
0
-0.00132828
0
6.823e-06
-3.1388e-05
-0.000689206
0.000590534
-0.00104416
-0.000908205
-0.000393393
0
0
1.01467e-05
0.000191796
0.000160263
0
0
-4.82757e-05
0
5.38805e-05
0
0
0
0
-3.9822e-05
0
0
0
4.25429e-05
0
0
0.000107431
-9.69386e-05
0
0
0.000108911
-8.0343e-05
0.000116596
0.000167121
0
0
0
-0.000184682
-0.000163453
0.000108128
0.000137239
-0.000126373
-0.000111108
0
0
0.000151013
-1.64574e-05
3.98221e-05
-0.000287055
0
0.000125191
-1.16786e-06
0
0
0.000137362
0.00011277
0.000155734
0
0
0.000123341
0.000173025
0
-0.000124909
0
0
0
-0.000164331
0.000121041
0.000235893
0
0
-0.000493134
0
0
0
0
0
-0.000160805
0
0
0
0
0
-0.000122084
-0.000126217
-0.000204935
-0.000256089
0.000239268
-0.000381838
-1.77212e-05
0
0
0
0
-7.27454e-05
0
0
3.91411e-05
0
4.73135e-05
-2.04968e-05
0
0
2.07189e-05
2.42238e-05
-1.62633e-05
7.48929e-05
0
-5.14001e-05
5.38849e-05
0
0
0
0
-0.000105937
0
0
0
0
0.000141593
0
0.000293872
0
0.000801903
-0.000816607
0
0
0.000391689
0.00047913
0.000543893
-0.00117795
0
-0.00133718
-0.000617389
0.000628229
0.00119055
0
0.000534524
-0.000545224
-0.000540583
-0.000519498
0
0
0
0.000368761
-0.000288868
0.000243001
-0.000188167
-5.30587e-06
0
0
6.39204e-05
2.29271e-06
0.000125902
0
0.000117276
0.00029862
0
-0.00020073
0.000490889
-0.000288805
0.000626953
0
-0.000323711
-0.00067903
-0.000358642
0.000672993
-0.000658698
-0.000664533
0
-0.000687231
0.000661312
0.000552457
-2.92546e-05
-0.00168785
-0.00140105
0.00250842
0
-0.000933223
-1.28297e-05
0
0
0.00104241
0.000432447
0.00036129
0.000303234
0
-0.000396765
0.0001756
0.000303429
-0.000190972
0
0
0.000110234
-4.95254e-05
0
0
0
8.81206e-06
1.02955e-05
-1.19832e-05
0
0
-1.38387e-06
0
0
-0.000125918
0.000144965
0
0
0
0.000158715
-3.45605e-06
-0.00020331
0
0
0
-0.0002131
0.000179963
0
-0.000251222
0.000161058
0
-9.08948e-05
0
-8.28856e-05
0
0
0.00013127
0
0.000139259
-0.000113401
0
-0.000314674
0.00018425
7.1812e-05
0
0
0
-0.000135671
-0.000155376
0
0.000120008
0
0
0
0
0.000266877
-0.000324372
0
9.09021e-05
0.000220911
0
0
0
0
0
0
0
0
0
0
0
3.39573e-05
0
-8.98492e-05
0.000196052
0
0.000432772
0.000250456
-0.000172092
-0.000198823
-0.000127836
0
0.000200059
0
0
0
0
-4.51623e-05
1.29489e-05
0
0
7.92072e-06
-1.32533e-05
-8.02749e-05
-7.35017e-05
-6.46243e-05
0.000121764
-0.000122895
0
0
0
0
-3.64176e-05
-0.000272313
0
0.000354101
0
-0.000379351
0.000381953
-0.000403561
0
-0.000501914
0.00053172
0
-0.000497354
0
-0.000610014
0
0.00152519
0
0.000828106
-0.000774971
0
-3.3634e-06
0
-0.000717722
0
0.000736718
0.000710948
0
0
0
-0.000537608
0.000463333
-0.00116351
-0.000333364
-0.000968338
0
0.000544427
-0.000491558
0.000165397
0.000294547
-0.000117192
4.62783e-05
-1.81573e-05
0
0
-0.000211047
-0.000265572
-1.46747e-05
0
0
0.000471938
-0.000471218
-0.000466581
3.28068e-05
0
0
0
0
0
-0.00010192
0
0.00147605
-0.00133712
0
0
0.000892197
0.00158665
0
-0.00164156
0.000883263
0.000729749
0.000291386
0
-0.000193833
-0.000307022
-6.1732e-06
0.000376284
0
-0.000126057
-0.000140268
0
0
0
0
7.05766e-06
0
2.44407e-05
-4.13403e-05
-6.13142e-05
0
0.000120195
0
0
0.00019039
0.000215885
0
0
-0.000154389
-0.000178797
0.000134849
0.00012532
0
0
1.0135e-06
0
0
1.56612e-06
0
0
2.91721e-05
0
0
-4.96237e-05
-3.41114e-05
0.00024355
0
-0.000103372
-0.000199939
0
0.000145604
-5.10451e-05
-6.56121e-05
0
0
0
-0.000217789
-0.000170164
0
0
0
0.000261948
-0.000319358
0
-0.000146791
0.000172248
0
2.06887e-05
0.000146273
0
0
0
0
0
0
-0.000117575
1.45032e-05
0
5.49245e-05
-8.19767e-07
-6.22311e-05
0
0.000111241
-0.000155656
0
-0.00028763
0
-0.000195387
0.000142523
4.42737e-05
0.000167185
-8.82293e-05
0.000199288
4.22929e-05
-2.80581e-05
0
5.26318e-05
0
0
0
0
0
-5.73711e-05
0.000139398
4.6331e-05
0
0
0
0
0.000124332
0
0.000232846
0.00025806
0
3.58297e-05
0
0.000436601
-0.000416898
0.000461719
0
0
0
0
0.00127745
-0.000672772
0
0
-0.000901122
0.000983269
0
0.000928894
-0.00187075
0.000918442
0
0.000893763
-0.00182295
-0.00276694
0.000882181
0
0
-0.0015056
0.00138117
0.00122002
0.00107143
8.02462e-06
0.000927494
0
-0.000893316
0.000832689
-0.000682234
-0.00048396
0.000455358
0
0
0
0
-0.000128179
-9.55431e-05
-2.0671e-05
0
0
0
0.000168343
-0.000127464
0.000176179
0
0
0.000101676
-6.99629e-05
0
0
0
0
-0.00283317
-0.00236986
0
0
-0.00164865
0.0013134
0.00113808
-0.00187858
-0.000780857
-0.000652941
0
1.26004e-05
-0.000293046
-1.34915e-05
-0.000405524
0
0.000176188
0
0.000106615
0
-6.84103e-05
0
-6.34754e-05
0
0.000111691
0.000116415
0.000120651
-9.23074e-06
3.66085e-06
0
0.00020179
-0.000124143
2.24888e-06
0
0
0
0.000175911
0
-0.000101655
-0.00012348
0.000409548
0.000263535
0
0
-3.7599e-05
0.000106841
-1.42144e-05
0
0
0
9.94604e-05
5.30965e-05
-0.000298513
0
0
0.000138227
0.000197221
0
0
0
0
0
0
0.000186623
0.000169578
0
0
0
7.25408e-05
9.21661e-05
0
0
0.000302418
-3.11193e-05
-2.65744e-05
-0.000192901
0.000256067
0
1.35658e-06
0
0.000144856
0.000128654
0.000284299
-4.85702e-05
-0.00014895
0.000149339
0.000192356
0.000182382
0
2.65905e-05
8.56166e-05
-0.000419524
0.000389756
0
0.000110776
0
0
-0.000842421
0
6.53853e-05
-0.000380416
-8.68741e-05
0
0
3.14092e-05
0.000168494
0
0
-0.000224383
-6.11929e-05
6.13545e-05
0
-0.0003398
0
-4.58096e-05
0
5.26315e-05
0
0
0
0
4.00679e-05
0.000518449
0
0
0
0
0
0
0
-0.000737812
-0.0007841
0
0
-0.00202313
-0.00319945
0.00213799
0
0.00211175
-0.0020445
0
0
0.00420411
0.00216029
-0.00212489
-0.00201525
0
0.0018404
-0.00172101
-0.00312747
-0.00140216
0.0013254
0
0
0
0
0
0
-0.000796387
0.000674026
0
0
0.000506559
0.000424762
0
0.000376203
-0.000329413
0
0
0.000295116
-0.00048999
0.00062314
0
-0.000502878
-0.00115869
0.000552011
-0.00130822
0
0.00302868
-0.00270405
0.00258523
0.00220626
0
0
-0.00149775
-0.00127312
0.00106087
0.00098001
0
0
0
0.000444885
0.000352875
-0.000605222
1.89169e-05
0
0
0
-0.000145538
0
1.93424e-05
0
-1.65234e-05
-1.58062e-07
-1.36619e-05
-0.000110991
0
-9.73226e-06
-4.79154e-05
0
-4.52343e-05
0
7.09442e-06
0
0
0
-7.22972e-05
0
5.65895e-05
-1.03683e-05
-0.000313565
0
0
0
0
4.02024e-06
4.14514e-06
0.000269056
0
0
0
0
-9.27146e-05
0
0
0
3.60139e-05
0
0
0
0
0
0
0
0.000163088
0
0
0
0
0
-0.000146994
0
0
2.23374e-05
0
0
2.41453e-05
0.000236826
-1.96836e-05
0
-0.000190066
-0.000142671
-9.38365e-05
-2.58746e-05
-5.4012e-05
0.000427068
0
-0.000771385
0
0.000469795
0
0.000239609
0.000451477
0
7.93415e-05
0
0
0.000465554
0
8.92691e-06
0.000200708
0
0
-5.16573e-05
-6.85955e-05
-0.000722139
-0.000201191
0.000218034
-0.000114901
0
-0.000115787
0
0.000280775
0
-0.000552293
-0.000228222
6.06642e-05
-0.000320451
0
0
-0.000484389
-0.000545858
-0.000518893
-0.000649472
0
-0.00119817
0
0
0
0.00171416
0
0.00149225
0
0
-1.56778e-05
0.00209732
-0.00447132
0.00226655
0
0
0
-0.0023205
-0.0045734
-0.00234257
0
1.20079e-05
0
0
-0.00202463
0.00191773
0.00181038
0
0
0
0
0.0014447
0.00137004
-0.0012679
0.00116101
-0.00209383
0
0
1.99709e-05
0
0.000830735
0.000846334
0.000759573
0
0
-0.000734442
0.000726019
0.000938807
0
0.00101674
0.00108491
0
-0.000145635
0
-0.00293886
0.00256357
0.00210502
-0.00191442
0
0
0.00137159
0
-0.00101727
0
0
-0.000650585
0
0
-0.000410394
0.000317067
0.000223015
0
0
0
6.99231e-05
0
2.37585e-05
0
-1.11823e-05
-3.43377e-05
-1.95771e-05
1.78176e-05
0
9.09331e-06
2.75542e-05
0
-0.000372042
0
2.47793e-05
0.000136692
0
0.000117298
0
0
-0.000298036
0
0
-0.000344511
0
-0.000164729
0
0.00053054
0.000470626
-0.000879482
0
0.000311242
0
0
-0.000560255
0
0
0
0
0.000243708
0
0
0
0
0
0
-2.8816e-05
0
0
-0.000270714
0
0
0.000143377
0
0.000397837
2.58822e-05
0.000674689
0
3.58611e-06
-9.33556e-05
0.00011369
2.24365e-05
0
0.000374999
0
0
-0.000547724
-0.00110348
0
0.000306549
0
-6.99168e-05
0
0.000628736
0.001046
-0.000490305
-7.62755e-05
0
0
-0.000337899
-0.000402028
0
-0.00026813
0
0
-3.43616e-05
1.27109e-05
0.00156718
0.000414622
6.7615e-05
0
0
0.000189926
-0.000352223
0.000137217
0
0.000681286
0.000600074
0
-5.92495e-05
-0.00044572
0
0.000385576
0
0
0.00218983
0
0.00135017
-0.00149628
0
0
-0.00148827
0
0
0
0
0.0039993
0.00192594
0.00214962
-0.0044513
0
0
0
0.0024438
0.0024449
0.00490062
0.00236809
0.00221832
-0.00220805
0
0.00230028
0.00217903
0.0022051
-0.00217409
-0.00209455
0
0
7.04734e-06
-0.00174813
0.00166745
0
0.00151845
0
0
-0.00135327
0
-0.00130198
-0.00130685
0
0
0
0.00267447
0.00279364
-0.00284629
0
0
0
-0.00356709
0.00365656
0
0
0
-9.46946e-05
8.845e-05
0
0.00123747
0
0
0
0
0
0.00119328
0
0
0.000714369
0
-8.06614e-05
0
0
8.38427e-05
-1.97484e-06
0
2.72648e-05
0
0.000172983
0
0.000130413
6.34428e-05
0
0
1.75903e-05
0
0.000208269
0.000210724
0
2.31858e-05
0
-0.000158159
0.000124738
3.9225e-05
0
0
0
0.000282784
-0.000232864
-7.61726e-05
0
-1.66548e-05
0.000302415
1.80336e-05
0
-0.000466988
0
0
0.000452522
-0.000314547
0
0
0
0.000131851
0
0
0
0
0
0
0
0.00014521
0.000235563
0.000612854
0
0
0.000319337
0
-0.000170311
0.000619647
-0.000745883
0
0
0
-0.000563019
-0.000924691
0
-7.05656e-05
0.000690669
0
0.00100148
0.000737719
0
4.37373e-05
-0.000576468
-0.00178269
0
0
-0.00131189
8.30497e-05
-0.000926093
0
-0.00132957
-0.000419244
0.000105296
-0.000196334
0.000220702
0.000565399
0.000330297
0
0.000333792
-0.00109368
0
0
0
0
-0.000899807
0.000758655
-0.00070363
0
0.00181081
0
-0.000494901
-0.00016126
0.000126842
0
0
0
-0.00138839
-0.00160432
0
0
0.00126413
0
0
0
0
-0.000883582
-0.00115712
0
-0.00148298
-0.00155879
0.00207768
0.00211691
0
0
0
0
0
-7.03874e-06
-0.00245343
0
0.00248377
0
-0.00266203
-0.00257337
-0.00265599
0.00256601
0.00486941
0
0
9.657e-06
0.00219539
0
0.00209868
0
0
0
0
0
0.00379489
0
-0.00377518
0
0
-0.00373433
-0.00785771
-0.00412024
0
0
0
0.00927338
0
0.00503517
0
0
-0.00180108
6.88802e-05
0
-0.00124595
0
0
-0.000773909
0
-0.000588115
-1.53277e-05
0
0
-0.000522445
0
1.90853e-05
0
0
1.63909e-06
0
0
5.2425e-05
0
-0.000306806
0.000577199
0
0.000190882
-0.000138763
0
0
0
0
0.000302911
0
0
0
0
3.92574e-05
-0.000328565
0
0.000567615
0
0
0.000370702
0.000231294
-0.000147327
8.52278e-05
-0.000222491
2.33649e-05
0
-0.000423903
0
0
0.000263857
0.000140881
-1.52195e-05
-0.000218324
0.000586364
0
0
0
0
0
0
-0.000140912
0
-0.00123166
-0.000509509
-0.00109333
0
0
-0.00121922
0
0
0
0.000980906
0
0
0
-0.000576961
-7.70701e-05
0
-0.000508636
-7.52708e-05
0.000558486
0
0
0
-0.00145988
0.000701017
-0.00156307
0
0.00101271
0
0.000997834
0
0
0.00148239
0.00106085
0
0.000689941
0
-8.54439e-05
-0.000774289
0
-8.34515e-05
0
0.000464304
0
0
0.00210316
0
0
0.000968423
-0.00161253
-0.00175685
0
0.00012695
0.00226841
0.00116843
0
0
0
0.000979152
0
0
0
0
-0.001197
-0.00120706
0
0.000513363
0.000430082
0.000825477
0
0
-0.00154712
-0.00442666
0
0
0
0
-0.0029103
-0.00304261
-0.00596671
0.00278012
-0.00273508
0
0.00320417
0.00318059
0
0
0
-0.00304633
0
0
-0.00834853
-0.00810666
0
-0.00782822
-0.00511673
0
0
0.00503831
0
6.84044e-05
0
0.00490566
0
0
0.00516523
0.0103987
0.0050478
0
0.00552301
0.00558354
0.000194232
0
0.000196091
0
-0.00157916
0
0.00133514
0
0
0
0
0.000549816
0
0.000358957
2.71441e-06
0
-0.000140977
8.06961e-05
0
9.91224e-06
0
-0.000308854
0
0
0
4.25002e-05
0
0
-0.000792808
0
-0.000468165
0.0003986
0
0
0
0
0
0
0
0
0.000425166
-0.000483749
0.000529882
0
-0.000578683
0
0
0
0.000500888
-2.97545e-05
0.000245396
0
2.97999e-05
0
3.4618e-05
0
-0.000140369
-4.43863e-05
0
6.84234e-06
3.11958e-05
-0.000427888
0
0
0.000116892
0
0
-4.32554e-05
1.10906e-05
5.39346e-06
0.000503869
0
0.000106005
0
0
0
-0.00135138
0
-0.00145262
-0.000661238
0.000353267
5.67713e-05
0
0.000499346
-4.28903e-05
1.26818e-05
7.6204e-05
-8.44206e-05
-0.000486058
0.000408017
0
0.000372797
0.000548738
0
8.7889e-05
0.000645721
-0.000886212
0
-0.00127784
0.00123163
-0.00135329
0
-9.50204e-05
-0.00049522
0
0
-9.11462e-05
0.00070777
0
-0.00158019
0
-0.0006139
0
0
-0.00259036
0
0.0016524
-0.000150508
0.00352619
0
0
0.00145937
-0.000124434
-0.00256517
0
0
0.000460212
0.00010306
-0.000473812
0
0
-0.00102825
0.00218407
0.00267557
0
-0.000346617
-0.00100718
0
0
0.00195458
-1.48337e-05
0.00229542
0
0
0.00234367
0
4.12976e-06
0.00608696
0.00624014
-3.36384e-06
0.00344928
-0.00347834
-0.00345962
0
0
0.0036252
0
0
0
0
0.00679896
-2.50425e-05
0
0.00647302
0.00635888
-0.00638256
0
-0.00624455
0
-0.0122596
0
0
0
0
0.000121735
-0.00644287
0
0.00617808
-0.00623496
-0.00607732
0.000196078
-0.00745484
0.000196048
0
6.86967e-05
-0.00113859
0
0
0
0
0
0
0
-0.000299292
-0.000401452
0
4.33937e-05
0
0
0.00022087
0
0.000493466
0
-0.000456703
0
-0.000587664
0.000610875
0.000760473
0.000942368
0
0.000860398
0
0
0.000756882
0
0
0
0
0
0
-0.00109205
0
0
0
0
0
-0.00041877
-0.000559995
-0.000995483
0.000352654
-0.000212258
0.000312427
-0.000294961
0
-9.59499e-05
0
0.000141335
0
0
0
-4.37236e-05
0.000113143
-0.000113816
0
0.000156459
0
0
-9.84765e-05
0
0.000645265
0
0.000492956
0
0
0
0
0.00119712
0
0.0012378
-0.000431513
-0.000101269
-0.000105043
0
0
0
0.000100459
-6.0531e-05
-9.42606e-05
0
-0.00113912
0
-0.000605596
-0.000208691
0
0.00161126
-9.48812e-05
0.00087192
0
0.00294398
-0.00153114
0.00129324
0
-0.000824375
0.000767723
0
0
-0.00102998
-9.7998e-05
0
0.000697965
0
-0.00073041
0
0
0.000928519
0
-0.00140647
-0.00109257
-0.000160323
0
0
-0.000837424
-0.000920045
0.00105798
0
-0.000500482
-0.000563932
-0.000125023
0.000379286
0
0
0.000863377
-0.00207587
-0.00153489
0
0
0.00154872
0
0
-0.00470356
0.00441514
0
0
0
-0.00271109
0
0.00652921
-0.00676121
-0.00351951
-0.00744738
-0.00376527
0.00384427
-0.00379593
0
0
-0.00399258
-0.00802613
0
0
0
-0.0079665
0.00782401
-0.0078502
0
0
0.00767206
0
0.00743231
0
0.0141767
0.00738721
0
0
0
-0.00744748
0
0.00681493
-0.00661544
0
-0.00699531
-0.0159014
0.00781993
-0.0078042
0
0.00120704
6.03529e-05
0
0
0
-0.000657861
0
-0.000494393
0
0.000515837
0.000133142
0
0
0
0
-0.000789737
0
0
0
1.55182e-05
0
-0.000910702
-0.000911191
1.00252e-05
-0.000951594
-0.000926382
-0.001904
0
0
-0.00112098
0
0
0
0.000923667
0
0
0.000864873
0
-0.000607257
0
0
0
0.00117396
-5.18537e-05
0.000957607
0
0
-0.000183768
0
0
-0.000169705
0
0
0
0
0
0
0.000287911
-0.000686539
0.000652818
-0.000327364
0
-0.000351141
0.000740048
-0.000752568
-0.000627787
0
-0.000926696
0
0
0
-0.000115767
0
0.000674324
0
0.000593658
-0.000923562
-0.000381913
0
0.000202931
0
5.20102e-05
-0.000130007
-0.000651059
0
0.000105855
0
0.000585455
0.000616627
0
-0.00101148
-0.00105223
-0.00154147
0
-0.000100379
0
0
0
-0.000827883
0
0
0
0.000101106
-0.00148857
0
-0.000934237
-0.00102292
0.00112013
0
0
0
0.000901962
0
0
-0.000174255
0.000362266
7.13092e-05
0.000139765
0.000621093
0
0
0.000112241
0
0
-6.44409e-05
0
0
-0.00109298
0.000943409
0
0
0
-0.00162601
-0.001961
0
0.00238644
-0.002295
0.00278238
-0.00305192
0
-0.00299535
0
-0.00315235
0.00326061
-0.00338576
0.00350928
0.00365861
0
0.00395098
0
0
0
2.29323e-05
-0.00901913
0
0
0.00877829
0
0.00877359
0.00842421
-0.00825232
0
0.00877026
-0.0086561
-0.0086395
5.17471e-05
-0.00841972
0
0
-0.00881611
0
0
-0.00754481
0
-0.00820278
0.00802645
0.00933372
0.00844867
0
0
-0.000838937
6.29276e-05
0
0
0
-7.59999e-06
0
0.000267926
0
4.38242e-05
0
0
-7.2034e-05
-0.000159128
0
0.000235141
0
0
0
0.000770037
0
2.87649e-05
0
-0.000808464
0
0.000773669
-1.13937e-05
0
-0.00104996
-0.00103093
0
0
0
3.9322e-05
0
0
0
0.000836011
0.000715717
0
-0.000687025
0.00072743
-0.000674976
0.000564886
-0.000487999
0
0
0
0
0
0.000841708
0
0.000427833
0
0
-0.000463678
0
0
0.000240215
-0.000457523
0
-0.000529506
0.00032438
-0.000435403
0.000308906
0.000704817
0
0.000621515
0
0.000205649
0
6.46063e-05
0
-0.000167694
0
-0.000297461
0.000158085
0
0
-0.000104197
0.000428353
0
0.00030466
-0.000472227
-0.000558593
0.00128358
0
-0.000978757
0
0
0
0
0.000219346
0
-0.000925262
-0.000968245
0.000784875
0.000901103
0.00102874
0.00068554
-0.000262988
0
0.000722878
0.00084984
0.000801443
0.00200861
0.00144553
-0.00117627
-0.00159163
0
0
-0.000182581
-0.000672047
-0.000732586
-0.000174488
-0.000933941
-0.000939679
0.00111513
-0.000932975
0
0.000919271
0.00187364
0
-3.51293e-05
0
0
0.000514781
0.000513812
-0.000460004
-0.0010505
0
0
0.00146857
0.00188151
0
0
-0.00229396
-0.00282855
0.00318379
0
0.00306299
0
0
0.0034165
1.50615e-05
0
0
0
-0.00406999
0
-0.00474742
0
3.15933e-05
0.00996651
0
-0.0107546
0
-0.00839316
0
-0.00891028
-2.71974e-05
0
-0.00970232
0
-4.87111e-05
-0.00930991
0
0
0.00923766
0.0196603
-0.011215
0
-0.00987787
0
0.00920435
0.00918148
-0.0116756
-0.00971957
0
0
0.0012478
0.000595982
0
0
0
0.000760494
-0.000322831
0
0
-0.000130786
0.000107587
0
2.58156e-05
9.16173e-05
0
-0.000129039
0
0
0
0
-0.000287661
0.00129634
0
0.000752307
0
0
0.00168602
0.000852254
0.000828254
0.000832434
0.000865447
-0.000859631
0
-0.00161195
0
0
0
-0.000800578
-0.000792463
0
0.000683143
-0.000651834
0.000663032
0
0.000572508
0
0
-0.000565405
0
0
5.21386e-05
0
-0.000471227
0
0
0.000874412
0
0
0.000465343
0
0
0.00123906
-0.000411086
0.00055354
0.000310719
-0.000534106
-0.000600933
0
0.000514119
0.000110898
0
0
0
0
0.00032107
0.000301473
-6.51304e-05
-0.000116804
0
-0.000101033
-0.000102505
-4.65959e-06
6.38327e-05
6.62606e-05
0.000133757
-0.000261213
0
0.000220302
0
0.000165724
0
0
-0.00023662
0
0
0.000100375
-0.000838403
-0.000627175
0.000522911
-9.83521e-05
0.000515809
0.000376569
0
-0.000399194
-9.08181e-05
-0.000938242
0
0.00140552
0.00168551
0
0
-0.00143002
0.000170879
0.00108856
-0.00180879
-0.000923528
0
-0.00100542
0
0
-0.000537424
-0.000773958
0
0.00022643
-6.46689e-05
0
6.43123e-05
0
-4.88129e-05
-4.49201e-05
0
0
0
0
0
0
0.00185242
-0.00235368
-0.00283889
0
0
0
0.00277427
-1.61595e-05
2.2733e-05
0
-0.00359726
0
0.00837191
0
0.0049719
0
0.0158073
0
0
0.0110087
0
-3.76902e-05
0.0109656
0.00912168
-3.79175e-05
-0.00949879
0
-0.00969311
0.0100034
0
0.00956254
0
6.72345e-05
-0.0114047
0.0131674
0
0.0238449
0.0117507
0.010719
-0.00985276
0.0130506
0
0
0
-0.000519475
0
0
0.000409522
-0.000393437
-0.000716353
0.000302641
0.000269354
0
0
-0.000227071
0
6.57432e-05
-3.52388e-05
0
0
0
0
0
0.000185644
0.000259549
-0.0005791
0.000284566
-0.000639733
0
-0.00032327
-0.000704567
-0.000723156
0.000354265
0
-0.000729502
0.000716946
0
0.00140754
0.000705157
0
0.000693156
0.000698447
-1.73868e-05
-0.000689863
0
0.00066073
-0.00125734
0
-0.00122325
0
0
0.000554905
0
0
-0.000507828
-0.00053121
0.000524109
-0.00050941
0
-0.00043119
0
0.000454528
-0.000400669
0
0
-0.000374638
0.000353524
0
-0.000319003
0
0.00058331
0
-0.000779375
-0.000453405
0
0
0
0
-0.000530616
-0.000264446
0
0.000436808
0
0.000119711
8.24253e-05
2.74904e-05
0
-9.38478e-05
0
3.70476e-07
0
0
0
-0.000166209
0.000115741
0.000136957
0.000171864
0
0
0.000196276
0.000315527
0
-0.000510363
-0.000373494
0
-0.000416246
0
0.000313569
-0.000313981
0.000642417
0
0
0.000433805
0.000386052
0
0.000385419
0.000600229
0
0.000434941
0.000329534
0
0.00153466
0
0
0
0
-0.000100836
0
0.000159504
7.11645e-05
-0.000540651
0
-3.91167e-05
0.000410146
0
0
-0.000191205
0
0
0
-0.00171625
0.00235643
0.00240213
0.00254395
0
0
-0.00212329
-0.00230355
0.0068666
0
0.00369879
0
-0.00453841
0.00412729
0
0
-0.0058258
0.00518207
0
0
0
0.010935
-0.0175282
-0.014392
0.00448398
0.0102041
0
0.0112672
0
0.00976156
-0.0105127
0.0119737
-0.0131853
0
0
0
-0.0128172
-0.0116236
-0.0121043
0
0.0145137
0
0
0
0
-0.000187724
0
-0.000652752
-3.67723e-06
0.000536607
0.000241375
9.60606e-06
0
0
0.000218202
0
-4.39688e-05
1.33446e-05
0
0
0
0
0
-0.000359326
-0.000201643
0
-0.000259146
0
-0.000263142
0.000291242
0
0.000302873
-1.36885e-05
0
0
0
0.000303763
-0.000626699
-0.000634595
0
-0.000637476
-0.000636399
0.000632389
0.000631119
0
-0.000626497
0.000610046
0
0.000885334
0.000300205
0
0.000593133
0
0
-0.000533494
0.00101334
2.84811e-05
0.00047422
0.00048953
0
0
3.21178e-05
0.000489729
-0.00047001
0
0
0
0
-0.000400831
0
0
0.000344743
0.000286304
0
0
0
0
0
0.000471716
0
0.000172222
-0.00022011
-0.000141083
0
0.000167521
0.000160092
0
0.000252924
0.000154174
0.000121699
0
0
0
0
-8.27227e-05
-0.00015077
0
0
0
0
-9.92103e-05
0
7.53667e-05
0
0.000156342
-0.000158423
0
0.000183948
0
-6.98559e-05
-0.000413588
0
-0.00060029
-7.40596e-05
0
-0.000417487
9.96197e-06
-3.03584e-05
0
-0.000180883
0
-0.00121672
0
0
-0.000537647
-0.000414072
0.000104939
9.93031e-05
0
3.11512e-05
0
-5.75059e-05
0.000354625
0
0
0
0.000271917
0
0
0
0.00202338
0.00259421
-0.00210868
-0.00204043
0
0
0
0.00261685
-0.00620344
0
0
0
0
-0.00833928
-0.00434318
0
-0.00551604
-0.00532914
0
0.00562242
-0.00554089
0.00576594
0.0112651
0.00445295
-2.2518e-05
-0.00517019
-0.00645103
0.00630678
0
-0.0114452
0
-0.0215022
0
0
0
-0.00653768
0
0
0
0
-0.0157613
0.00765255
0
0
0
0.000517743
0.000244072
0.000441788
0.000192955
-0.000347581
-0.000307626
-0.000414705
0
9.48367e-05
-0.00013818
0
0
6.52836e-05
0
0
0
0
0
1.53386e-05
0.000302501
0
0
0
0.00035036
-0.00034239
0.000356532
-0.000374439
-0.000395037
0
0
0
-0.00045298
0
0
0
0
0
0
0.000424948
0
0.000422876
0
0.000412819
-0.000813076
-0.000408059
0.000431788
-0.000408526
0
0
0.000349171
-0.00103187
-0.000335802
-0.000348642
-0.000985042
0
0
-0.000773598
-0.000774385
0.000761159
0
0.000737526
0.000679895
0.000629232
0.00110159
0
0
3.58227e-05
0
0.000375882
0
0
0
0
-0.000333392
0
-9.91405e-05
0
0.00014565
0
7.83785e-05
-8.91213e-06
0
-0.000117185
-0.000149658
-0.000161316
0
0
-4.69462e-05
-5.79316e-05
5.53063e-05
0
0
0
0
0
0
-0.000138522
0.000829425
0
-0.00027853
0.000673469
0
-0.000424278
0
-0.0003227
0.000222285
-0.000394699
0
-0.00216165
0
0.000259104
-4.72711e-05
-0.000567519
0
-0.000164623
0
0.000475764
0
0
0.000653229
0.00057515
0.000110273
1.72487e-05
0
0
-0.000211978
-0.000222751
0
-0.000185111
0
0
0
0
-0.000252672
0
-0.0010977
-0.00141655
0.00254061
0
-0.00135672
0
0
-0.00384251
0.00366722
0
0
-0.00247644
0
0.00798323
0.0112243
-0.00559139
2.41335e-05
0.00641339
0
-0.0130826
0.00699262
-1.66211e-05
-0.00693954
-0.0056823
0.00657314
-8.10372e-06
-5.65452e-06
1.07495e-05
0
0
0
0.00841114
-0.00789549
-0.007754
0
0.00772189
0
0
0
-0.00813133
0
-0.0165049
0
0
-0.000338027
-0.000309185
-0.000282254
0
0.000233446
0
0
0.000182685
0
-0.000138181
0
0
-1.55209e-05
-9.4245e-07
3.43587e-05
0
0
0.000113641
-0.000125199
0.000311051
0
0
0.00017787
0
0
0.000421786
-0.000437683
0
0.000213678
0
-0.000476703
0.000503146
0
0
0
0
0
0
0
-2.77075e-06
0
-0.000458665
0
-0.00078784
0.000773864
0
-0.000489073
-0.000511096
0
0
-7.00416e-06
0.000836064
8.75102e-06
0.000379313
0.000389156
-0.000397465
0
0
0
-0.000473524
-0.000418432
-0.000719033
-0.000650779
-0.000592309
-0.000895523
0
0
-0.000409153
0
-0.00019844
0.000263701
0.00026424
0
0
0.000450542
0
-0.000140755
0
-0.000365688
0
-2.97217e-05
0.000210487
-7.1056e-05
-2.96502e-05
0
3.58073e-05
0
0
-2.90863e-05
1.64563e-05
0.000145403
0
0.000405448
-0.000355281
0.00051872
0
-7.94814e-06
0.000160253
-0.000261854
0
-0.000994194
-0.000819287
0
0
0
0.00103517
0
0.00169117
0
0.00124435
0
0.000240768
-0.000570601
0
-0.000147765
0.000441051
0
0
0
0
0
-0.000682308
0
0.00100314
0.000322288
0
-0.000149773
0
0
0.000197874
0
0
0
0
0.000492521
0.000613086
1.37917e-05
-1.26357e-05
0
0
2.56536e-05
0
0
0
0
0
-0.00269672
0.00293494
0
-1.52948e-05
-0.00963766
0.00610225
0.00949025
-0.00718619
0
0.00688462
0
-0.00783917
0
0.00727207
0
0.00811551
0.00858937
-0.00418947
0
0
-0.00884258
0
-3.46758e-05
0.00861052
0
-0.0086317
0
0
-0.00989969
0.0182503
0
-1.25716e-05
0
0.000232613
0.000798661
0
0
0
0
0.0002683
0
0
0.000130603
0
0
0
5.0845e-05
8.56373e-05
-7.73252e-07
3.95528e-05
0
-9.01792e-05
0.000116033
0
0
0
-0.00019106
0
0
0
-0.000263632
0
-0.000557522
0
0.000566315
-0.000568683
0.000262384
0
0
0
0.000284486
0.00027138
0.000244564
-0.000514611
0
0
0
0.000206412
-0.000363628
0
0
-0.000448567
0
-0.000535943
0.00053726
-0.000525384
-0.000542729
0
-0.000392251
0.000402936
0
0.000465578
0
0.000372873
0.000350453
-0.000305242
0
0
0.000408009
0.00036333
-0.000201149
0
0
-0.000338584
-0.000309054
-0.000562408
-0.00015637
0
-0.000256397
-0.000168885
1.10989e-05
0.000193291
0.000112161
0
-4.79056e-06
0.000100446
-0.000186722
-8.70453e-05
0
-0.00010441
0
6.34106e-05
-4.21454e-05
0
-6.52306e-05
0.000122389
-0.000318921
0.000639417
-0.000527607
0
-0.000335506
0.000357018
0.000464624
0
0.00074625
0.000510986
0
0
0
-0.000577851
0
-0.000440293
0.00031846
0
0
-0.000409269
1.55737e-05
0
0.000168618
-0.000326874
0
-0.000243193
0
-0.00048745
0.000266966
0.000826227
0
-0.00158302
-0.000816141
0
0
0
0
0
4.85561e-05
0
-0.000125842
0
0
-0.000913324
0.00150684
-0.00318142
0
0.00131501
2.14284e-05
0
-0.00239114
0
-0.00220933
0
0.00283471
-0.00331682
0
-0.00344607
0.0069533
0
-0.00357132
0.00391712
0.00393764
0
0.00427703
0
0.00424791
0
-0.00452869
0
0
-0.00476524
0
0
0.00977501
0
0.00481243
0
0
0.0147107
0
0
0.0055135
-0.010173
-0.00514204
0.0145667
0
5.88405e-06
-0.000283764
0
0
0
0
-0.000317936
0
-8.33748e-05
-0.000136882
7.47534e-05
0
0
0
-0.00011148
5.9394e-05
-6.16827e-05
0
0
0
-0.000194193
0.000216865
0
0
0
0
0
0.0003031
0
0.000286989
0
-0.000234774
0.000240073
-5.90382e-06
0
0
0
-0.000691887
-0.0002666
-0.000277571
0
0
0
0
3.39416e-07
0
0
-0.000271512
0.000439777
-0.000260886
0.000601261
0
0
0
0.000270062
0.000421138
0
0
-0.000700993
0
0
0.000418901
0.000251669
0
0
-0.000318755
-0.000422709
0.00030921
0
0
0
0.000400679
-8.72374e-06
-9.66548e-06
0
0
0.000269
0.000118614
-0.000191533
3.88883e-05
0
0.000331725
0
4.18821e-05
0
-0.000138805
0
0
-0.00012287
-3.89439e-05
0
6.44646e-05
-0.000114842
0
-0.000410732
0
-0.000116983
0.00024903
-0.000653863
0
0
0
0
0
0
0.000338717
0
0
0.000292739
-0.000458841
0
0.000376844
0
1.24324e-05
0.000212764
8.59598e-05
0
0
0.000510895
0.000130659
0.000465779
-0.000241682
0
0.000178313
8.56297e-06
0.000184342
0
0
0
0
0.000162632
-0.000337547
0
0.000366245
0
0
0
0.000775515
0.0018443
-0.000808324
-0.00160137
0.00170599
0
0.00288491
0
0.00132577
0
0
0.00387092
0
0
-0.00768046
0
0
-0.00869502
-0.00445123
0
-0.00463947
0
-0.00461632
0
0.0100182
0.00531765
0
0
0
-0.00541133
0
-0.00539206
0.00534198
0
0.0056105
-0.00567301
0
0
0.00593183
0
0.0056426
-0.00541078
0
-0.000316906
-0.000287971
0.000271995
0
0
0
0
0
0.000130803
0
1.70309e-06
0
0
0
0
1.91094e-06
0
4.09947e-05
0
0
0.000175202
-0.000229806
-0.000108678
0
0.000103313
0.000103038
-9.67546e-05
9.41898e-05
0
-0.000148411
0
0.000129762
-0.000242246
-0.000262939
0
0
0
2.30079e-06
0
-0.000251381
0
0.000281953
-0.000189552
0
0.000278134
0
0
0.000260818
0
0.000188488
0
0.000217959
0
0
2.89465e-06
0
0
0
0.000300839
0
0
-0.000486211
-0.000257182
0
0
0.000275011
0
-0.000167651
0
0
0
-0.000176229
0.000301611
0.000283245
0
0
0
6.9032e-05
0
-7.43109e-05
0
-0.000299582
0
0
-0.000146032
0.000202231
-0.000182315
0
7.43791e-05
0
0
0
8.78163e-05
0
0
0
0.00010547
-7.01135e-06
0
0
0
0.000357011
-0.000129244
0
0
-0.000715543
0
0
-0.000394814
0.000177105
0.000195979
-0.000497234
0
0.00032114
-0.000328359
-0.000164004
0
0
-0.000109865
-0.000195721
0
5.85985e-05
-0.000162156
-0.000170094
0.000333369
0
0
0
0
0
-0.000114902
0
0
0
0
-0.00115444
0
-0.000825749
0
0.00102614
0.00115756
0
0
0
0
7.49503e-06
0
0
-0.00219014
0
0
0.00429634
0
0.00268553
0.00482076
0
0
0
0
0
0
-0.00568008
-0.00555891
0
0
0.00291386
0.00595473
0
-1.26305e-05
0.0057969
0
-0.00620415
0
0
0
0
0
0
0
0
0.000184363
0.00016585
-0.000304531
0
0
0
0.000113444
0.000188401
0
-0.000131622
2.0234e-06
0
0
0
-5.68113e-05
-5.70911e-05
0
-5.72557e-06
5.97189e-07
1.6776e-05
-1.59801e-07
-4.93828e-05
3.89031e-06
0.000102295
-9.30159e-05
-3.73283e-06
0.000115334
-0.000106666
0.000105906
3.34244e-06
-0.000131642
0.000122688
0
0
0.000134459
0
0
0.000314705
-0.000167821
0.000338999
0
-0.000292245
0.000135332
0
0
0
0
0.000127186
-0.00011701
0
-0.000144501
-0.000272038
-0.000327326
0
-0.000278432
0.000302206
0.00040098
0
0.00035638
0
0
0
0.00030935
0
0
0
0.000196627
0.000182568
0
-0.000143556
0
-0.000202175
-0.000188038
-0.000188885
0
-0.000114044
0
-5.05488e-05
-0.000106183
4.01682e-05
5.40175e-06
9.25929e-05
0
0
0.000188163
0
8.52823e-05
2.6759e-06
0
0
4.88656e-05
0
0
5.6524e-05
0
0
7.61164e-05
-0.000391957
0
-0.000329018
0
-0.000214816
6.68502e-06
-0.000261105
-0.000492818
8.04531e-06
0
0
2.50704e-06
0
-0.000457409
0.000199268
2.76943e-06
0.000125671
0
0
8.84306e-05
0
-0.000287706
4.18212e-05
-1.33054e-05
-1.53742e-06
2.32819e-06
1.62215e-05
-4.0241e-05
0
0
8.17511e-05
0
0.000218919
-0.000130848
0
0
-0.000563937
0
0.000761508
0
0.000480741
-0.000640834
0
-0.00148417
0
0
0.00200635
0
0.00185044
-0.00197097
0
0.00242343
-0.00249198
0.0022861
0
0
-0.00306409
0
0
0
0
0
0
0
0
0
0
0.00311565
-0.00310306
0.00320217
0.00325234
0.00621434
-0.00601289
0
0
0
0
0
0
0
0
0
0
-0.000203121
-6.58803e-09
0
0
-0.000152268
0
-9.51303e-07
-0.000237211
0
0.000170374
-6.84811e-05
5.63222e-05
-5.19107e-05
0
8.06886e-05
0
1.20822e-05
0
7.48323e-06
-3.48343e-06
-7.84998e-06
6.47811e-05
8.4897e-05
-0.000122384
0
-6.6669e-05
0
0
-5.38361e-05
3.0432e-06
0.000163314
0
0
0
-9.41558e-07
0.000104574
0
-0.000163255
0.000227377
0
0
0
1.6172e-07
0
0
0
0
-0.000216349
0.000226741
0
4.35998e-08
0
0.000437246
0
0.000303377
-0.000407254
-0.000481969
0
-0.000457973
0
0
0
0
0
0
0
-0.000176899
-0.000167209
-0.000125216
0.000367114
-0.000114697
0
0.000261961
0.0001823
0
0.000153687
0
0
0.00010157
-6.88812e-05
-3.60679e-06
0
0
-4.8258e-05
0
-0.000147579
0.000258961
7.5971e-05
-6.09005e-05
0
-3.9821e-05
-4.51299e-05
0
-4.04454e-05
0
-0.000137169
-1.79786e-06
0.000318294
0
0.000180511
0
0
-9.31622e-05
0.000209713
0.000406496
8.19027e-05
0
0
7.58486e-05
0
0.000112261
0
-6.33932e-05
-0.000260686
-0.00014746
0
-0.000102839
-8.62261e-05
0.000284834
0
3.841e-05
-3.81527e-05
9.89302e-05
9.9352e-05
-8.7566e-05
0
0.000195011
-0.000104876
0
-0.000323079
0.000271909
-0.000447538
0
3.59745e-06
0
0.00083774
0
-0.000493072
0.00145374
0
0
0
0.00089154
-0.00202359
0
0
0.00229306
0
0
0.00119819
-0.00223555
-0.00121506
0.00116432
-0.00157768
0
-0.00139734
0
0
0
0.00135756
0
0.0016329
0
0
-0.0030544
0
-0.00628868
-0.00617285
0
0
0
0
0
0
0
-0.00326365
0.00286035
-0.00276848
0
0
0.000113326
-0.00020976
-0.000102478
0
9.19721e-05
0
-0.000149718
-6.75485e-05
0
0
-8.52846e-05
-6.57926e-05
0.000116155
0
-5.62537e-05
0
1.18825e-06
0
0
9.2799e-06
0
3.30006e-05
-5.94145e-05
0
7.712e-05
-1.65375e-06
-7.88942e-05
5.98137e-05
-7.34959e-05
0.000259131
0
0
-8.31246e-05
0
-0.000127368
-0.000141024
0
0.000246064
0
0
0
0
0.000275468
0
0
0.000106891
0
0
0.000136314
0
0.000294666
0
-0.000136534
0
0
-0.000190084
0
0
0
0.000279997
0
0
0
0
0
0
-0.000247797
0.00021106
0.000162137
-0.000174546
0.00036457
0
0.000153546
0.000143935
0
0
0
-1.73192e-05
0
2.70983e-05
0.000113996
0
0
0.000154921
1.44126e-05
0.000142413
-0.000213677
0
4.36694e-05
-3.8776e-05
0
3.72774e-05
0
9.28115e-07
0
0.000178946
-0.000133668
-0.000151399
0
0.000380838
0
0
2.26792e-05
0
0
0.000244291
0
-0.000140869
0.000125785
0
0.000341715
0.000146223
-3.54701e-05
0.000168608
0.00024644
-4.26148e-05
-8.24865e-05
0.000199038
0
0
-0.000115359
0.000164357
0
0
-0.00022864
0
-8.3935e-05
0
0
0.000144081
0
0.000492948
0
0.000468314
0
0
0
-0.000146593
-0.00027439
0.00033255
0
-0.000415851
-0.000610778
0
0
0
0
0.00107574
0
0.000868968
-0.000821127
0.000907887
-0.000802509
0.00127649
0
0.00105883
0
0
0
-3.14756e-07
0
-0.00115652
0
0
0
0
0.00324062
0.00307611
0
0.000809743
0
0
0
-0.000960805
0
0.00160843
-0.00108489
0.000563482
0
0.000363121
-0.000283242
0
0.0002251
-9.94323e-05
0.000109809
0
0
8.44635e-05
0
0
0
0
-3.97085e-05
0
3.0728e-05
0
-1.44254e-05
0
-3.68571e-06
-3.03072e-05
0
-3.72548e-05
7.99731e-05
0
-3.65583e-05
-2.90963e-05
9.34494e-05
-6.49382e-05
4.78017e-05
-0.000107217
0
0
0.000140895
-7.19553e-05
0
0
0
0
0
-8.59386e-05
0
0
0
0
0
-0.000145894
0
0
-0.00028085
0
0
0
0.000143519
0
0
0.000132697
-0.000139121
0
0
-0.000526012
0
0
0
-0.000125125
0.000121641
0
0
0
0
0
-0.000188449
0
-7.63277e-05
-0.000156526
-4.55163e-05
0
0
-5.63192e-07
0
-2.85054e-05
0
1.40881e-07
-3.55256e-05
0
4.10657e-05
0
-1.24295e-05
0
2.01192e-06
-5.08939e-05
0
0.000188478
3.562e-05
8.24363e-05
-0.00011671
0
0.000148147
0
-0.000270701
-0.000390925
0
0
-0.000142362
0
-0.000198097
-0.000185787
0
0.00016627
-0.000332699
0
-0.000492664
-0.000442482
0.000401807
-0.000235188
0
0.000324523
0.000449105
0
0
0
-0.000668194
0.000574544
0
0
0.000521424
0
0
-0.000176785
-0.000158489
8.70985e-05
0
0.00024943
0
0
0
0
0
5.07785e-07
0.000353889
0.000126047
0
-5.36072e-05
0
0
0
0
0
1.56394e-05
0
0
-0.000523644
0
-0.000288773
-4.07539e-05
0.000236134
0
0.00029625
0.000373183
0
0.000601805
0
0
-0.000481746
0
0.000575969
0
0.00103804
0.000436699
0
0.000398738
0
0
-8.44415e-05
7.87127e-05
-0.000142204
0.000348543
-0.000790634
0
-6.07605e-05
0.00288822
0.000255657
0
-0.000174929
0.000170573
0
0
0
-9.17651e-05
0
-6.98684e-05
-6.09955e-05
0
-0.000113582
7.36391e-05
0.000125694
0
-2.7335e-05
0
-4.24935e-05
5.10211e-06
-1.50112e-06
0
0
0
2.94893e-05
7.40947e-05
1.21976e-06
0
-9.38648e-06
0
0
-2.70341e-05
0
5.85115e-05
0
-2.26872e-05
-2.30504e-05
3.45895e-05
-2.48962e-05
7.7342e-05
0
0
2.56053e-05
0
3.31748e-05
-3.07737e-05
0
0
8.34179e-05
0
6.77554e-05
-1.03438e-07
0
0
3.50473e-05
0
5.31015e-05
0
-7.11968e-05
0.000107227
0
0
0
2.98021e-05
-5.62038e-06
0
0
0
-9.32772e-05
-3.57274e-05
0
0
-9.78282e-05
-0.000138838
-0.000120542
0
0
-0.000208208
0
-0.000231877
0
-0.000313617
0.00025107
9.84748e-05
0.000299068
0
-0.000258057
0
-0.000348654
0
0
-0.000548844
-0.000507876
0
0.000670607
0
-0.000704851
0
0.000881643
-0.000375879
0
0
0.00115493
0
0.000382201
-0.000750391
-0.000379172
0.000737369
-0.000382402
0
0
0
-0.0010221
0.00091517
-0.000503344
0
-0.00113786
0
0
0
0.000990005
0
0
0
0
0.000463822
0
0.0010694
0.000972693
0.00110414
0
-0.000722755
0
0
0.000347891
0.000358221
-0.000304257
-0.00124871
-0.00113902
0
0
-0.000431813
-0.000408234
0
0
0
0
-0.000156197
-0.000189006
0
-0.000171884
0
0.000223141
6.12213e-05
-0.000221729
-3.14151e-05
1.47133e-05
0.000258525
0
0.000129217
3.72926e-05
0
-0.000329291
0.000303887
0.00104363
0
0
-0.000954797
0
-0.00060735
0
0
-0.00130008
-0.000724382
0.00209322
-0.00166753
0.00258894
-0.000864594
0.00268413
-0.00654949
0
0
0
0
0
0
0
0.00011107
0
7.99115e-05
5.74699e-05
0
0
-6.76054e-05
-1.34042e-05
0
-3.78615e-06
0
0
4.75037e-05
-5.33346e-05
0
0
0
0
2.58467e-05
4.30302e-05
0
-6.31175e-05
0
0
7.57862e-05
0
0
0
7.99998e-05
6.59814e-05
-7.30424e-05
6.83468e-05
0
0
0
-5.31166e-05
0
-7.64024e-05
8.35223e-05
0
0
0
0
-0.000125451
-7.42495e-05
0
0
-0.000110715
0
0
0
0.000145118
0
0
0
0
0
0
0
0
0
5.61676e-06
-2.58404e-05
0
0
-2.83129e-05
0
0
0
0
0
0
0
0
5.943e-05
0
-5.59856e-05
0
0
0
0
0
0
0
0
0
0
0
0
0
0
0
0.000308203
0
0
-0.000330075
0
0.000349752
0
0.000349955
0
0.000366515
0
0
0
0.000357914
0
0.000397252
0
0.000367688
0
0
0
0
0
0
0
0
-0.000330752
0
0
0
-0.000265653
0
0
0
0
-0.000225219
-0.000210801
0.000199293
0
0
0
0
0.000275407
0.000244954
0
0
0
0
0.000147385
0.000126191
0
7.84475e-05
0
0
0
6.09583e-05
7.47011e-05
0
0
0
9.59659e-05
9.07676e-05
0
0
0.000235368
0.000285753
0
0
0
0
0.000476851
0
0
0
-0.000682485
0.000726986
0
-0.00091215
-0.000902598
0
-0.00110823
-0.0670738
0.068428
0
0
-0.138292
0.132578
0.126524
0.118524
0
0.104853
-0.091118
-0.166087
0
-0.136359
0
0
0
-0.00177766
0
0
0
0.082417
-0.0673224
-0.0994756
-0.0781944
0
0.00103426
0.0204248
0.0414149
-0.0422605
-0.000999355
0.0412413
-0.0011449
0
0
0.0281833
0.0546951
0
0.105746
-0.0270494
0.0208412
0
-0.0174356
0
0.0121154
-0.00901879
0.00167705
0.0165743
0.00487449
0.056695
0
0.00241627
-0.00151386
-0.0030518
0.00202526
-0.000832326
-0.0057119
-0.000822064
0
0.00318865
0
0
0
-0.000348251
-0.0144796
0.0141461
0
0.00165727
0
0.0226172
-0.0186278
0.00177429
0
-0.0199201
0
0
-0.000718895
0
0.00555566
0
0.00992264
0
0.0170202
0
0.0126783
0
0
0
0.0222111
0
0
0
0.000480246
0
-0.019067
0
-0.0398079
0
0
0
0
-0.00929245
0
2.79442e-05
0
0
0.012025
-0.0285999
0
-0.017128
0.0177425
-0.0158223
0
-0.000148225
0
0.0263599
0
-0.0353939
0
0
-0.0179594
0
0
0
0
0
0
0
-0.0168775
-0.00785695
0.015483
-0.0142196
0.0310253
0
0.0174795
-0.0174168
0.000166365
0
-0.0167978
0
-0.0266747
0
0
-0.0217958
0
0.033057
0.012035
0
-0.00848053
0.00426434
0
0
0
0.0082225
0.00782214
-0.00775904
0
7.56902e-05
0
0
0
0.0160768
0
-0.0167864
0
0
0
0
0.0417177
0
-0.0161836
-0.0107495
0.0119412
0.00478784
-0.00227306
0.00925945
0
0.00788373
-0.00793373
0
-0.00798682
-0.0149503
-0.0156118
0
-0.0163072
0.015855
0
0
0
0
0
0
0
-0.0204174
0
0
-0.00831814
-0.0105254
0
-0.00283231
-0.00950541
-0.00833824
-0.00791774
0.00792562
0.00785125
0
0.0142905
0.0152918
0.0152577
0.0156412
-0.0153293
0
0
-0.0151503
-0.0143039
0.0138042
0
0.0217173
0
0
-0.0121236
0.00839737
0
0
0.000954477
-0.00924527
0.00911369
0
0
-0.0155552
0
0.00752725
-0.0074953
-0.0152307
0.014351
0
0.0139453
0
0.0147633
0.000366667
-0.000411466
0
-0.000952892
-0.016932
0
0.011681
0.00722029
0
0
0.00104235
0.00924529
0
-0.00809379
0
0.00748893
0
-0.00798395
7.37988e-05
0.0145944
-0.0138697
0
-0.000155062
0
0
0.0128065
-0.012977
0
-0.0202846
0.0166277
0.013005
0
-0.00722768
0
0
0
0
0.00895247
0.00870086
0
0
0
0
8.74584e-05
-0.0134481
0
0
-0.000107697
0
0
0
0
0
0
0.0144844
-0.0126492
0
0
0
0
0
0
-5.00167e-05
-0.00912762
-0.00814699
0
0.00848247
0
-0.00759267
0
0
0
-6.07982e-05
0
0
0
0
-0.00982037
0.00819694
-0.0141741
0
0.00745557
0.0048416
0
-0.000937361
0
0
-0.00938287
0.00948138
0.0164536
0
-0.016578
0
0
0
0
0
-0.0130988
0
0.012113
0
-0.0102459
0.00938417
-0.0154849
0
0
-0.00704527
-0.000563057
0
-0.000535905
0.000727093
0
0.0046604
0
-0.00837198
0
-0.000130818
0.00847919
-0.00776763
0
-0.0072364
0
0
0
-0.0114894
0
0.00950665
0
0.0145797
-0.00587817
0.00397949
0.00265709
-0.000523337
0
0.00161978
-0.00132711
0
-0.00482155
0.00481258
0
0.00923757
0.0160119
0.000136125
0.00836689
0
0.00721331
0
0
0
0
0
0
0
-0.000244475
0.00569758
-0.00381284
-0.00474154
-0.00311511
-0.000211649
0
0.000588056
0
0
-0.00461759
0.00455077
-0.00900217
-0.00803726
-0.00877593
0.00875205
0
0.00742621
0
0
0
0
0
0.0084534
0
-0.000213162
0.00497613
0
0.00219888
0
3.93704e-05
0
0
0.00520929
0
0
-0.00460195
0.00459245
-0.00435293
-0.00460434
-0.00856156
0.00807418
-0.00729213
0
0.00649034
0
0
0
-0.00881861
0
-0.0125445
-0.00480946
-0.00290791
-0.00162811
0
0
0
0.00019701
-0.00534386
0
0
0
-0.00483568
-7.592e-05
0.00468253
0
-0.00819535
0
-0.00657455
6.82306e-05
0
0
0
0
0
0.00310108
0
0.00266821
0.000199537
0
0
0
-0.000164448
0
0
-0.00518638
0
0
0.00457265
0
0
0
0
-9.39883e-05
-0.0131064
0
0
0
0.00413265
-0.00361931
0.00280992
0
0
0.0026824
0.000502184
0
0
0.00013918
0
0.00240672
0.00500281
0.0050034
0
-0.00478564
0
0.00455808
0
0
0.0107505
0.00662544
0
0
0
-0.00385031
0.00344713
0.00248192
0
0
-0.00186769
-0.000684492
0
0.00166957
1.25618e-05
0
2.19912e-05
0
-0.00484753
0
0.00463726
0
7.13886e-05
0
0
-0.00360723
0
0
0
-0.00217592
0.00334282
0
-3.1195e-05
0.00291227
0
0.00117762
0
0
-0.00156929
-0.000124789
0
-0.0048811
0
0
0
0
0.00231346
-0.0044131
0
0
0
0.00370146
0
0.00284751
0.00195859
-0.00281658
0
-0.00194794
-0.00319069
0
-0.00257729
-0.000437497
0
0
0
-0.00124737
0.0024319
0
0
0
-0.00234823
-0.0022557
0.0022234
0
0
-0.00182985
-0.00373808
0
-0.00284874
-0.00184281
-0.00134809
0
0.00094185
0
0
0.00111732
0.000400203
0
0.000801567
0.000125463
0.00115929
0
0.0011885
0
0
0.00228492
0.00111615
-0.00210189
0
0
0.0017069
0
0
-0.00132302
0.000929042
0.00154003
0
-0.00106254
0.00106518
0
-0.000455166
0
0
-0.000750996
-0.000196072
0
0.000589763
-0.00113163
0
0
0
-0.0010089
0
-0.00099965
0
0
0.00080276
0
0.00160336
0.000907408
-0.000367075
0
0
-0.00071163
0
0.000201777
0
0
0
6.40975e-05
0
-0.000515459
0
0
0
0
0
0
0.000874589
0
0
-0.00073301
0
-0.000470202
0
0.00031969
0
0
0
0
0.000164096
0
0
0
0
0
0.000377268
0
0
0
0
0
0.000794172
0
0.000858761
-0.000681902
0
0
-0.000381443
0
0.000528223
0
0.000466883
0.000106608
0
0
4.56297e-06
0
0
5.60804e-05
0
0.000368492
0
0
0
0
0.00137654
0.000709392
0
0.000727673
0.000637006
0
0
0.00108112
0
-0.000453685
-0.000707547
0.000318199
-4.24441e-05
-0.000179675
0
2.03196e-05
0
0
-3.82654e-05
0
-0.000650175
0.00117065
0
-0.00143668
0.00151118
-9.43088e-06
-0.00122369
0
-0.00107984
0
0
0
-0.00211429
0
0
0.000651811
-0.000500085
0
7.49813e-05
-0.000264283
0
0
0
0
-0.0010949
0.00100144
-0.000973666
0
0.00116883
-0.00120653
-0.0010538
0
0
0.00172438
0.00175154
-0.00159242
0
0.00132189
0
-0.000407533
0
0.000850568
0
0
-0.000268689
0
0
0
0
0.00075638
-0.00141873
0
-0.00146723
0
0.00166003
0
-0.0014571
0
-0.00138907
-0.0026396
0.00123222
0
0
0
9.2313e-05
0
-0.000784749
0
0
0
0
0
-0.00210277
-0.000207164
0
0.000381816
0
0.000839837
-0.000833743
-7.01224e-05
0.000801906
0.000971595
0
-0.000888843
0.000845604
-0.00142277
0
0
0
0.0002998
0
-0.000418041
0
0
0
0
0
0.00248494
5.04114e-05
0
0
0
4.24644e-05
9.3614e-05
-8.88762e-05
-0.000366056
0.000321226
0.0005484
0.000342709
0
0.000823846
0
0
0
-0.000847229
0
0
0
0.0037504
0
0
0
-0.00245678
0.000332687
0
0
0
0.00167487
-0.000749142
0.000509336
0.000751788
0.000382775
0.000836204
0
0
0.000757217
0
-0.00113567
-0.0013751
0
0
-0.00424797
0
-4.13795e-05
0
0.00368514
0
0.00265855
-0.000143315
0
0.002402
0
-0.00190941
0
0
-0.00317053
0
0
-0.00278683
0
0.00250939
0
-0.00011643
0.00261841
0
0
0.00627828
0
-0.00540196
-0.00395274
-0.00471053
0
0
-0.00121913
0
0.000163625
0
0
0
-0.00532978
0.00533365
-0.00507175
0
-0.000233912
0
-0.00431132
0
0.00359007
0
0
0
0.00922603
-0.00663629
0.00652649
0.00775546
0.0111385
0
0
0.00234803
0.00498451
-0.00930866
0
0
0
-0.000322094
-0.0138245
0.00685168
0
0.00684687
0
0
0
0
0
0
-0.0102106
-0.0119625
0.0079886
-5.08748e-05
-0.0034317
-0.0122752
0.00669941
0
-0.00103573
-0.0124136
0.0178567
-0.0116749
0
0.0111835
-0.000340731
-0.000313155
0
0
0
0
0.0173369
0
0
-0.0141869
0
0.0125483
0
0
-0.00711502
0.00565236
0.012297
-0.00699835
0
0
0.00732695
-0.0142295
0.014724
0
-0.0136033
0.0113536
-0.000311005
0.0119539
0
-0.0267176
0.0215166
-0.0372185
0
0
-1.24583e-05
0
0
-0.0173533
0
0
-0.0187627
-0.000222065
0
0.00558698
0
0
0
-0.0183523
0
0.0154032
-0.0133105
-0.000281727
-0.0138712
-0.0258353
0.0297507
-0.0239993
0.04139
0
-0.0192666
0.0137033
0
0
0.0197463
-0.0198789
0
0.0161855
-0.0144124
-0.00675435
-0.0116522
0.00232491
0
-0.0192398
0.0197831
0
0.000324536
0.0134336
0.0153872
0.0313732
0.0583722
0
0
-0.021622
0
5.81491e-05
-0.0171962
0.0203604
0
0.0392956
0.0244589
0
-0.0192733
0
0.00909973
0.00690225
0.000895516
0
0.0217273
0
0
0.000259727
0
0.0355144
-0.0354325
-0.0335823
0
0.0300665
-0.0231977
0
0.000179415
0.0221616
-0.0214731
0
-0.0405623
0.0286229
0
0.000636942
0
0
-0.00834882
-0.00385952
0
0
0
0
0.000165724
0
-0.0395078
0.0388585
0
-0.0360776
-0.0339322
0.0250256
0
0.052942
-0.0250214
-0.0457983
0
0
-0.064637
0.0289298
0.0463255
0
0.010868
0.00924542
0.0011049
-0.0294114
0.028634
0
-0.0253823
-0.0467958
0
0.0425028
-0.0405582
0
0.03749
0
0.0276245
0
-0.0280007
0.0799748
0.0956795
0
-0.0411274
0.0347193
-0.0314595
-0.000465621
-0.0218541
-0.0234689
0.020311
0
-0.000157634
-0.0308021
-0.0287625
4.71201e-05
0.0246685
0
-0.045035
0
0
0
-0.0371935
-0.031236
0
-0.0561331
-0.0541934
-0.0485259
0
0.0418968
0
0
-0.000414051
0.000157827
0.0121857
0.000310789
0.000822317
0.0326096
0.0328036
0.030007
0.0275838
0
0
0
0
0
0.0375273
0.0389412
-0.0333077
0
0.113869
0
0
0
0
0
0
-0.000387823
0.0220968
0
-0.0217847
0.000279095
0
-0.0338481
0
0
0
0.0487094
0
-0.0455822
0
-0.000387095
0
0.000460628
0
-0.118066
0
0
0
0.0436651
-0.0346025
0
-0.0238096
0.0220419
0
0
0.000189187
0
0
0
0
0
-0.000482302
0
0.000405414
-0.0448221
-0.0432699
0.0402523
0.00051388
0
0.123466
0
0
0
-0.000799846
0.0347523
0.0321358
0.0227599
-0.023188
-0.0272308
-0.0229273
-0.000320458
0.0429352
-0.0355463
0
-0.0614369
0.0595794
-0.0538409
0
0.101481
0.0471752
0
-0.0413569
0.0346523
0
-0.125157
-0.0556273
0
-0.0396974
-0.000916347
-0.0327497
-0.0663704
-0.000552312
0
0.0263006
0.0244747
-0.00118602
-0.0454636
0.0372093
0
0.0651541
-0.125298
-0.054718
0
-0.0976343
0
0
0
-0.0294858
0
0.00112064
0.00125809
0
0.0385566
-0.0489184
0.0314594
0.0348279
-0.0207195
-0.0501741
0
0
-0.000250234
0
0
0
0.0621056
0.0591111
0.0507444
0
0.0853588
0
-0.036727
0
0.0407484
0
0.0467082
0.0454037
0
0
0
-0.0252028
0
0
0.0527304
0
-0.0302001
0.0122981
0
0.0233479
-0.0459963
-0.0439638
0
0
0.0271255
-0.0252626
0
0.0387673
0
0.00026459
0
0
-0.0268859
-0.0137602
0
0
0.0459278
0.0260786
0.0260275
0
0
0.000551402
-0.0130481
0
0.0233697
-0.0277622
0
-0.0292636
0
0.0271945
0
0
0.024296
0.0281907
-0.0931871
0
0
-0.0573702
-0.0346574
0.02032
0
0.00719973
-0.0107658
0.0145498
0
0
0.0642389
0
0
-0.020614
0.0686367
0
0.0889047
0.108058
0
-0.0958123
0
0
0.00112587
0.221108
0
0
0.147492
0
-0.108242
0
0
0
0
0.0296726
0
-0.00683198
0
0
0.0587675
0.0988605
0
0
0.05232
-0.0519031
-0.00173983
0
0
0.00131929
0.00831364
0
0
0
0.0431296
0
0.0319891
0
0
-0.0827487
0.00643015
0
0
-0.0457307
0
0.088656
0
0
-0.156242
0.142226
0.00036861
0.146738
0
0.148085
-0.151598
0.244885
0
0
0
0.17155
0
-0.000835621
0
0
0.207303
0.00200693
0
0.10277
0.0869789
)
;

boundaryField
{
    inlet
    {
        type            calculated;
        value           uniform 0;
    }
    outlet
    {
        type            calculated;
        value           nonuniform List<scalar> 
57
(
4.05916e-17
-2.1806e-17
0
0
0
5.47312e-18
-4.73229e-18
-4.22113e-18
1.9246e-18
1.7942e-18
0
0
0
1.51127e-18
-2.94381e-18
1.4409e-18
0
6.96147e-19
-6.89292e-19
6.79495e-19
-3.51773e-21
-6.71943e-19
0
3.29854e-19
-4.95561e-19
1.65248e-19
0
1.8026e-19
-1.90344e-19
0
0
-7.61513e-19
7.81953e-19
7.86253e-19
-8.14145e-19
-1.66293e-18
3.47261e-18
-1.82512e-18
0
0
2.27623e-18
2.54896e-20
-8.15749e-18
5.80518e-18
0
6.97815e-18
1.06408e-19
1.1232e-19
-9.48013e-18
-1.09429e-17
-1.2952e-19
2.95758e-17
-1.7543e-17
0
0
-3.86432e-17
6.99966e-17
)
;
    }
    upperWall
    {
        type            calculated;
        value           uniform 0;
    }
    lowerWall
    {
        type            calculated;
        value           uniform 0;
    }
    frontAndBack
    {
        type            empty;
    }
}


// ************************************************************************* //
