/*--------------------------------*- C++ -*----------------------------------*\
  =========                 |
  \\      /  F ield         | OpenFOAM: The Open Source CFD Toolbox
   \\    /   O peration     | Website:  https://openfoam.org
    \\  /    A nd           | Version:  8
     \\/     M anipulation  |
\*---------------------------------------------------------------------------*/
FoamFile
{
    version     2.0;
    format      ascii;
    class       volScalarField;
    location    "200";
    object      wpod_2;
}
// * * * * * * * * * * * * * * * * * * * * * * * * * * * * * * * * * * * * * //

dimensions      [0 1 -1 0 0 0 0];

internalField   nonuniform List<scalar> 
12225
(
7.58935e-16
8.33797e-17
-1.0696e-17
-1.14006e-18
1.30324e-17
3.57751e-18
-5.25776e-20
5.01238e-18
2.34807e-18
-2.91339e-20
-1.75419e-18
1.71267e-18
2.77676e-18
-9.11593e-19
1.8509e-18
1.99992e-18
-1.06786e-18
-1.21749e-18
-1.26446e-18
-3.84144e-19
5.58449e-19
5.95729e-19
7.08501e-19
-7.06405e-19
1.41626e-19
-1.1751e-19
6.72375e-19
-3.61428e-19
1.49467e-19
4.73747e-20
7.99018e-20
-3.19624e-19
-4.54232e-19
-7.75653e-19
-4.71217e-19
1.03267e-19
1.00706e-19
7.0613e-20
4.3215e-19
4.15967e-19
-2.52044e-19
-5.94324e-19
3.74707e-19
-5.62128e-19
-4.69766e-20
2.61849e-19
1.12581e-19
-4.05838e-19
-7.86956e-20
2.9562e-19
-5.41939e-19
3.23091e-19
3.55209e-19
9.9489e-20
-2.62115e-19
-5.31823e-20
-1.97587e-19
-6.90683e-21
-1.05619e-19
-1.58577e-19
-1.77214e-21
3.5631e-19
4.9431e-20
-7.73876e-20
-2.03132e-19
5.69777e-20
-2.51443e-19
-8.6067e-20
2.01936e-19
-1.22477e-19
7.1259e-20
-1.06096e-19
2.58882e-19
1.17648e-19
4.1014e-20
-3.26393e-20
-6.89776e-20
-6.7522e-20
-3.76038e-20
2.49918e-20
-3.6325e-20
-2.80672e-20
2.98359e-20
-1.89255e-20
-5.99439e-20
-1.61448e-20
4.4678e-20
1.24604e-20
-1.36938e-21
-1.00847e-21
-7.11806e-21
1.06567e-20
6.96146e-21
3.87226e-21
-7.00862e-22
-4.53264e-21
-2.88576e-22
-1.09514e-20
-4.6786e-21
1.42561e-21
1.34481e-21
1.10628e-21
6.11889e-22
0
0
0
0
0
0
0
0
0
0
0
0
0
0
0
0
0
0
0
0
0
0
0
0
0
0
0
0
0
0
0
0
0
0
0
0
0
0
0
0
0
0
0
0
0
0
0
0
0
0
0
0
0
0
0
0
0
0
0
0
0
0
0
0
0
0
0
0
0
0
0
0
0
0
0
0
0
0
0
0
0
0
0
0
0
0
0
0
0
0
0
0
0
0
0
0
0
0
0
0
0
0
0
0
0
0
0
0
0
0
0
0
0
0
0
0
0
0
0
0
0
0
0
0
0
0
0
0
0
0
0
0
0
0
0
0
0
0
0
0
0
0
0
0
0
0
0
0
0
0
0
0
0
0
0
0
0
0
0
0
0
0
0
0
0
0
0
0
0
0
0
0
0
0
0
0
0
0
0
0
0
0
0
0
0
0
0
0
0
0
0
0
0
0
0
0
0
0
0
0
0
0
0
0
0
0
0
0
0
0
0
0
0
0
0
0
0
0
0
0
0
0
0
0
0
0
0
0
0
0
0
0
0
0
0
0
0
0
0
0
0
0
0
0
0
0
0
0
0
0
0
0
0
0
0
0
0
0
0
0
0
0
0
0
0
0
0
0
0
0
0
0
0
0
0
0
0
0
0
0
0
0
0
0
0
0
0
0
0
0
0
0
0
0
0
0
0
0
0
0
0
0
0
0
0
0
0
0
0
0
0
0
0
0
0
0
0
0
0
0
0
0
0
0
0
0
0
0
0
0
0
0
0
0
0
0
0
0
0
0
0
0
0
0
0
0
0
0
0
0
0
0
0
0
0
0
0
0
0
0
0
0
0
0
0
0
0
0
0
0
0
0
0
0
0
0
0
0
0
0
0
0
0
0
0
0
0
0
0
0
0
0
0
0
0
0
0
0
0
0
0
0
0
0
0
0
0
0
0
0
0
0
0
0
0
0
0
0
0
0
0
0
0
0
0
0
0
0
0
0
0
0
0
0
0
0
0
-0.000431923
-0.00136461
0
0
0
0.00101095
0
0
0
0
-0.000368028
0
0
0
0
-0.000150594
0
0
0
0
0
0
0
-7.13132e-05
6.70015e-05
-6.09851e-05
-5.41709e-05
0
0
3.93321e-05
3.59072e-05
0
0
2.81039e-05
0
0
-2.27243e-05
0
-1.95082e-05
-3.64888e-05
0
0
0
0
0
-2.48031e-05
-2.35788e-05
-2.23909e-05
0
2.02523e-05
0
-1.80886e-05
-1.72052e-05
0
0
0
-1.41294e-05
0
0
0
0
0
0
0
0
1.1302e-05
0
0
-1.06271e-05
-1.00837e-05
0
9.33355e-06
-9.23035e-06
0
8.75912e-06
0
0
-9.41378e-06
0
8.92983e-06
0
-8.06142e-06
-7.90512e-06
-7.99212e-06
-1.6704e-05
1.52439e-05
0
0
0
1.53077e-05
1.27896e-05
-1.21148e-05
0
1.11036e-05
1.00842e-05
8.26283e-06
0
0
0
6.26033e-06
0
0
-4.73349e-06
0
0
4.82347e-07
0
0
-8.21816e-06
-1.14932e-05
0
1.64463e-05
0
-2.47177e-05
0
-3.07537e-05
-3.32632e-05
0
0
0
0
0
0
0
-5.41617e-05
5.70952e-05
0
0
0
0
0.000140012
0
-0.000153352
0.000147239
0
0
0
-0.000170713
-0.000176149
0
-0.000189464
-0.000196044
0.000206829
0
0
0.000212854
0
0
0
0
-0.000220193
-0.00021322
0
-0.000227953
0
0
-0.000218134
0
-0.000236451
0
0
-0.000218108
0
-0.000212008
0
0
0
0.000202084
0
-0.000188635
0
0
0
0
0
0
0
0.00030761
0
0
-0.000491033
0.00323878
0
-0.000224141
0
2.71608e-05
-9.95222e-05
-0.000121262
0
-0.000140569
-6.98507e-05
0
0
0
0
-3.43654e-05
0
3.15334e-05
0
0
-2.71981e-05
0
2.87318e-05
-5.36903e-06
-2.30515e-06
5.31239e-06
6.30094e-06
0
0
-6.68478e-06
5.79118e-06
0
0
-4.33689e-06
0
0
3.20054e-06
0
-2.97556e-06
5.6569e-06
0
0
1.02965e-05
1.01367e-05
1.03237e-05
-4.19338e-06
3.64764e-06
1.14624e-05
-6.23313e-06
-2.96706e-06
0
1.38249e-06
-1.9706e-06
0
0
0
1.52053e-06
0
-7.79889e-06
0
-1.07611e-05
0
1.36709e-05
0
-1.39733e-05
7.73071e-06
0
1.47618e-05
5.83246e-06
6.04686e-06
0
1.68122e-06
1.17403e-06
0
-3.49293e-06
1.04134e-05
0
4.37551e-06
0
-6.91762e-06
0
-9.54516e-07
-6.10092e-07
8.94562e-07
-8.95531e-07
-1.76845e-07
0
0
0
-2.25918e-06
2.64711e-06
-7.38478e-06
0
-2.92288e-06
7.22645e-06
9.6842e-06
0
0
0
7.1525e-06
0
-1.55284e-05
-6.22308e-06
1.83694e-05
0
6.29908e-06
0
1.85902e-05
-6.50647e-06
-1.45666e-05
0
-3.88907e-05
3.40294e-05
2.50552e-05
0
2.18803e-05
5.89304e-05
0
6.0008e-05
3.91274e-05
5.02011e-05
0
0
0
-3.22304e-05
-4.02554e-05
0
-5.08855e-05
-6.76695e-05
0
-9.07261e-05
-0.000142124
9.24806e-05
6.08336e-05
0
0
0
7.52688e-05
-6.84521e-05
-0.0001374
8.49551e-05
-0.000100425
-0.000117288
0
0
0.000112364
0
0
-0.000174644
0
-9.11108e-05
7.09581e-05
0
-9.30504e-05
0
0
6.71512e-05
-0.000192422
0.000103988
0
0
-5.72578e-05
0
-4.58753e-05
0
0
0
-5.6169e-05
0
6.28414e-05
0
0
-8.59565e-05
0.000161492
0
0
0
-8.82518e-05
0
0.000225605
3.1878e-06
-0.00238969
0
0.000356574
0
0
-1.1896e-06
-1.02571e-05
8.83755e-06
1.67779e-05
0
0
-3.31027e-05
-7.74165e-05
8.28009e-05
0
7.33861e-05
-3.09227e-05
0
7.08975e-05
3.58531e-05
-6.72366e-05
-3.34972e-05
0
4.85711e-05
3.71264e-05
0
2.65419e-05
0
2.30703e-05
1.10144e-05
0
0
0
0
0
0
1.73825e-05
-2.5656e-05
0
0
0
2.35487e-07
1.10881e-05
1.60495e-05
-2.31094e-05
-1.1264e-05
7.51479e-06
-2.19532e-07
8.95859e-06
0
1.11192e-05
-2.16907e-07
0
0
-1.51601e-05
0
0
5.66753e-06
1.26591e-05
-4.8753e-06
0
1.86241e-06
0
2.62708e-06
-7.3093e-07
5.39816e-07
1.24004e-06
0
-2.02371e-06
0
2.72062e-05
1.79518e-05
1.19484e-05
-3.41202e-06
5.22185e-06
0
0
-5.05235e-06
-2.04566e-07
0
2.43275e-06
0
-3.15856e-05
-5.11518e-07
5.16121e-07
1.73778e-05
0
-7.06292e-06
-5.0883e-07
0
0
0
9.39323e-06
0
0
0
0
0
1.96948e-05
0
1.8626e-05
7.11306e-06
-1.64979e-05
0
-1.71483e-05
0
-1.65264e-05
9.35535e-06
6.35908e-05
0
7.54636e-05
2.23139e-05
0
6.29891e-05
5.66505e-05
-8.954e-05
0
-3.97701e-05
-2.56581e-05
-0.000132492
0
0
0
-3.97769e-05
0
0
3.55891e-05
3.94524e-05
0
0
0.000104623
0
-8.22682e-05
-0.000109015
0
0
0.000105687
1.05378e-06
9.65213e-07
0
0.000251447
0
0
0
-0.000143008
0
0.000193179
9.13169e-05
0
0.000120589
0
0
0.000326288
-0.000144095
0
-0.00014296
0.000116989
0
0
0
0.000177629
0
3.03895e-05
0
0
0
0
0
0
0.000150466
0
3.48652e-05
-0.000266384
0
0
0.000131397
-3.92264e-05
-5.82152e-05
-0.000164211
0.00199236
0.00248785
0.000556367
0.000150543
0
-0.000172684
6.45803e-05
0
3.22215e-05
0
-2.39716e-05
0
-1.2294e-06
7.41826e-06
-1.93674e-05
0
-2.14143e-05
0
0
-2.29284e-05
0
-4.89419e-07
0
0
1.99289e-07
-2.39697e-05
-2.30409e-05
-2.44947e-05
0
-6.30897e-05
0
-3.08989e-05
0
0
3.23969e-05
0
-3.01243e-05
-2.19877e-07
5.55104e-05
-5.08861e-05
0
0
-2.28601e-05
0
-2.1866e-05
2.1574e-05
2.09471e-05
0
-2.04194e-05
-2.12548e-05
4.31427e-05
-2.13715e-05
-2.07887e-05
0
0
2.16251e-05
0
0
-4.02192e-05
-4.084e-05
0
0
0
0
-3.54267e-05
3.10714e-05
3.25897e-05
6.09126e-05
0
-5.67809e-07
0
-3.09031e-05
-5.91285e-07
-3.05686e-05
2.93096e-05
-6.05671e-07
0
2.52776e-05
2.57882e-05
4.69999e-05
0
-2.21265e-05
0
5.31972e-05
-2.64724e-05
2.37402e-05
-2.84315e-05
-5.21812e-05
2.21937e-05
-2.22575e-05
0
4.87226e-05
0
4.08823e-05
-4.4709e-05
-5.09398e-05
4.41051e-05
4.5788e-05
0
2.40764e-05
0
0
4.5802e-05
0
0
5.36694e-05
0
0
0
-0.000115165
0
-0.000131564
-6.32367e-05
-7.87209e-05
-8.88673e-07
-6.9427e-05
0.000146326
7.33463e-05
0
7.25514e-05
0.000173286
0
0
0
9.41487e-07
0
0
0
0
-0.000201394
0
0.000201085
0
0.000189141
0.000103216
-0.00019178
0.000201177
0.000105224
-0.000107352
0.000108089
0
0.000115138
0
0
0
0.000235436
0
-1.76827e-06
0
0
0.000218037
0
0
-0.000208292
1.9053e-06
0
0.000163847
0.000191344
0
0
-0.000194702
-1.84986e-06
0
-9.83717e-05
0
0
0
5.18039e-05
0
0
-0.000145182
0
0
0.000269393
0
0
-0.000100204
-3.9963e-05
6.19877e-05
0
-0.00124525
-0.0011666
-0.000435088
-0.000261384
0
0.000321268
-2.04392e-06
0
0
0
2.0834e-05
0
0
0
0
0
2.0271e-05
1.85131e-05
0
0
-2.55018e-05
5.31341e-05
0
2.68775e-05
-2.4736e-05
0
7.63625e-05
-6.00325e-05
6.93504e-05
3.71799e-05
0
0.00012863
0
0
-4.20723e-05
8.24119e-05
0.000120119
-0.000113543
-3.58049e-05
6.71446e-05
0
0
5.63709e-07
0
-6.16508e-05
-5.91263e-05
-5.86142e-05
0
5.77235e-05
0
-0.000112794
0
5.3876e-05
0
-5.19186e-05
0
0
0
0
0
0
0
-4.76992e-05
0
0
-4.58417e-05
0
-4.38839e-05
-4.24284e-05
-4.15151e-05
0
0
-4.01106e-05
7.95355e-05
0
-0.000113447
0
-3.71667e-05
0
-3.68249e-05
-6.52057e-05
3.29473e-05
0
-3.55579e-05
6.84955e-05
0
0
6.81568e-05
0
-5.98214e-05
0
-6.36963e-05
0
-0.000120843
5.92482e-05
0.000123745
-6.03312e-05
-5.65374e-05
0
-1.21895e-06
0
5.90525e-05
-5.99102e-05
0
0
-6.4722e-05
6.48687e-05
0
0
6.88281e-05
0
7.27319e-05
0
8.10526e-05
-7.91014e-05
0.000162282
-8.21126e-05
-8.23795e-05
0
-8.46134e-05
-8.73334e-05
0
0
-0.000204566
0.000110571
-0.000209835
0
0
0
0.000430451
0
-0.000221356
0
-0.000220763
0
0.000226502
-0.000225763
-0.000231239
0.00023884
0
0
-1.39749e-06
0
0
0
-0.000233033
0
-0.000218713
0
-0.000219759
-0.000227408
0.000235953
0
-0.000221526
0.000211316
0
0.000200928
-0.000399691
0
-0.000373279
0.000205028
-0.000184364
0
0.000153085
0
0
0
-0.000111143
0
0
0
0
0
-0.000126381
0
-0.00020022
0
0.000200653
0.00018474
0
0
0.00081865
0
0
0
-1.88071e-06
-1.80738e-06
6.65581e-05
0
0
0
0
0
-3.87091e-05
0
6.0074e-05
-3.07366e-05
-3.15191e-05
0
0
3.38629e-05
-3.38407e-05
0
-3.02765e-05
5.37045e-05
0
-5.2267e-05
6.59204e-05
-7.71408e-05
0
0
-9.64061e-05
0
0
9.09129e-05
-0.000181753
-8.97492e-05
0.000174857
-8.09405e-05
0
0
0
7.38074e-05
0
7.06242e-05
6.84452e-05
6.75526e-05
6.53988e-05
-6.4126e-05
0
6.09872e-05
0
-8.25901e-07
0
0.000111666
0
-5.51191e-05
0
0
-0.000106504
0
0
5.23493e-05
0
0
-9.97172e-05
0
9.27232e-05
4.68206e-05
0
-9.19664e-05
0
8.97979e-05
-0.000176586
0
8.68368e-05
0
0
7.8764e-05
0
7.57307e-05
-6.97188e-05
0
0
-7.54236e-05
7.27025e-05
7.33909e-05
7.39708e-05
0
6.74194e-05
5.85681e-05
0
0
7.13742e-05
0
-6.84404e-05
0
6.10522e-05
0
-1.35223e-06
0
-6.65449e-05
0
0
0
0
-7.06731e-05
0
0
-0.000146021
0
0
0
-0.000150666
0
-0.000155916
0
0.000165247
-0.000160118
0
0.00017215
0
0
0.000417086
-0.000218682
0.000205251
0
0
0
-0.000435298
0
0.000226578
0
0
0
0
0.00023177
0
-0.000249879
0.00023643
0.000237937
-0.000239604
0
0
0
0
0
0
0
0.000232763
0
-0.000238334
0
0.00067519
0
-0.000421599
-0.000221919
0.00021321
0
0.000396712
0
0.000378165
0
0
0
0
0
-0.000306743
-0.000302192
0
0
0
0
0.000260082
0
0.000494822
-0.000277018
-0.000265882
-0.000270365
-0.000278752
0
-0.000622085
0
-0.000357275
-0.000258766
9.73694e-05
6.90041e-05
4.13426e-05
4.53354e-05
0
0
2.36701e-05
0
0.000106023
0
-7.64048e-05
0
0
7.93174e-05
0
8.03062e-05
0
0
0
8.91247e-07
0
0
0
0
0
0
-0.00010199
0
9.53661e-05
-2.97149e-07
9.18585e-05
0
-8.8997e-05
8.17536e-05
0
0
0
0
0
0
-6.7494e-05
6.71562e-05
-6.79403e-05
0.000130824
0
-0.000122854
0.000119354
5.72795e-05
0
-5.77855e-05
0
5.7078e-05
0
0
0.000109098
0
-0.00010667
0
0
0
0.000204878
9.88736e-05
-9.82447e-05
-9.37215e-05
0
9.61115e-05
0
-9.30081e-05
2.04541e-06
0
0
-8.52458e-05
0
-8.01121e-05
0
7.77764e-05
7.52353e-05
0
0
0
-7.30315e-05
-6.89375e-05
-7.08442e-05
0
0
-6.5212e-05
-6.57535e-05
0
0
0
0.000127025
0
-5.98987e-05
0
5.94249e-05
0
-0.000126663
-0.000113224
0.000120328
0
0
-0.000138662
0
-0.000136533
2.42982e-06
0.000148737
0
0
0.000149088
0
0
0.000152352
-0.000164171
0.000318709
0
-0.000174725
0
0
-0.000411789
0.00021563
0
0
0
0
0.000206516
-0.000215802
-0.000217531
0
0
0
-0.000235245
-0.000467236
0
0.000726621
-0.000223911
-0.000228993
0
0.000464679
0
0
0
0
0.000442673
0
0
0
0
0
-4.90444e-06
-0.000409968
0.000426722
-0.00044921
0
0.00040433
0
-0.00035354
-0.000368431
0
0
-0.00034584
-0.000326496
-0.000321912
3.75389e-06
0.000311276
0
0
0
-0.00027535
-0.000271586
0
-0.000505629
4.05423e-06
3.86134e-06
0.00029355
0.000551842
-0.00172367
0
0
0.000698115
0.000237683
-3.65692e-06
-9.62117e-05
-3.64963e-06
-1.92255e-05
0
0
-4.19602e-05
0
-6.41883e-05
0
0
0
0
-0.000100442
0
-8.83316e-05
0
0
-7.91007e-05
-7.52329e-05
-7.59293e-05
-8.49732e-05
0
-0.00010295
-0.000105434
-0.000106342
0.000104504
0
-9.57316e-05
-3.40561e-07
8.88115e-05
8.71084e-05
0
-7.99475e-05
0
0
0.00014004
0.00013558
0
0
0.000205026
-0.00020526
0
-2.16535e-06
0
0.000125501
-0.00012259
-0.000119142
0
0
0
0.000113596
0
-0.000109296
0
0
0.000108743
0
0
0
-0.000200905
-9.94382e-05
0
2.44754e-06
0
-8.99802e-05
9.02415e-05
-8.89701e-05
9.04832e-05
0
-8.54699e-05
2.31672e-06
0
0
-8.3589e-05
-8.45866e-05
-8.25111e-05
-7.67988e-05
7.06112e-05
0
0
0
0
0.000148253
0
0
0.000214137
0
-0.000120292
0
-0.000125727
0
-0.000117896
0
-0.000121521
0
0.000128714
0.00025134
-0.000122467
0
0.000138986
0.000134562
0
0.000138711
0.000146623
-0.000151505
0.00014455
-0.000153657
-0.0001372
0
0
-2.39322e-06
0
-0.000151949
-0.000161899
0
0
-0.00016808
0.000185945
0
0
0
-0.000191475
-0.000202709
0
0.000221451
0
0
0
0
0.00022994
0.00023118
0.000434541
-0.000453287
-0.000436765
-0.00044328
0
-0.000918025
0
0
0
0
-0.000417558
0
0
0.000410555
0
0
-5.40663e-06
0.000801891
0.000405136
0.000438852
-0.000406982
-0.000772074
0.000373591
5.03785e-06
0
0
0
0.000343823
0.00032652
0.000319305
4.27383e-06
0
0
0
0
0.000266326
0
0
0.000264897
0.000264829
0.000290086
-0.000281745
-0.000265225
0.00162101
0.000975952
0
-0.00044124
0
-4.26821e-06
-7.61942e-05
-2.87605e-05
0
1.92724e-05
0
0
0
5.84387e-05
0
0
-9.96192e-05
0
0
9.54575e-05
0
8.62319e-05
0
0.000152561
-7.61315e-05
-9.34485e-07
-7.67892e-07
9.32815e-05
9.99458e-05
0.00021108
-1.52444e-07
0
0
0.000187212
-8.83083e-05
-8.53364e-05
-8.22483e-05
0
0.000217865
-0.000139516
-0.000137464
-0.000139555
-0.000139991
0
0.000138854
-0.000271753
0.000134979
0.000132725
-0.000262364
0
0
0
0
0.000114245
0
0
-0.000114783
0
0.000222073
0
-0.000107418
0
0
0
0
0.000101932
0
9.34799e-05
2.81493e-06
0
9.20491e-05
-9.05615e-05
8.91507e-05
0
0
0.000150802
7.71717e-05
0
0
0.000222816
0
0.000225702
7.25512e-05
-6.84271e-05
-0.000135408
0
0
0
-4.4605e-06
0.000131092
0
-4.21601e-06
0
0.000136403
0.000119384
-0.000120894
0
0.000124983
0
-0.000113163
0
-0.000127038
-0.000127511
0.000114473
0
-0.000270847
0
0
0
0
0
-0.000149778
0.00015475
0.000133686
0
0
-2.71451e-06
0
-0.000146942
0.000317926
0
-0.0003154
0.000493775
0
0.000370261
0
0
0.000188337
0.00019764
-0.000365195
-0.000398136
0
0
0
0
0
0
-0.000826337
0
4.71761e-06
0.000443292
-0.0004279
0.00044165
0
0
0
0
-0.000408534
0
-0.000395345
-0.00078515
0.000400378
0
-0.000412386
-0.000384913
-0.00038872
-0.000418806
0.000402835
0.000378937
-0.000381562
0.00074063
0
0
0.000335662
-0.00032809
0
-0.000608393
0.000327162
0
0
0
-0.000483067
-0.000498864
0
0
0
-0.000530331
-0.000551889
0.000505844
0
0
-0.000985966
0
-0.000515546
0
-0.000216599
0.0001039
-2.157e-05
0
-4.87231e-05
0
0
0
-6.4154e-05
8.35365e-05
0
0.000193472
-0.000102065
0
-8.85184e-05
0
-6.46949e-05
-6.49665e-05
-0.000132426
0.000148301
8.31889e-05
0.000269353
-9.49794e-05
0.000202982
-0.00031483
0.000104736
0
0.000193454
-0.000175107
-0.000164918
0
0
0.000146376
-0.000141044
0.000273861
0.000270703
0
0
0
-2.48589e-06
2.58316e-06
-0.000130625
-0.000132153
0.000255456
0
0
0
0.000114662
-3.07956e-06
0
0
0
0
-3.19342e-06
0
0.000208804
0
0
0
0
0
-9.47059e-05
-0.000186444
9.17732e-05
0
0.000175287
-0.000165827
0
0.000158039
-0.0001599
-0.000223374
0
0
0
-0.00014891
-0.000140123
-0.000276203
0
0.00012493
5.36287e-06
0.000125946
0.000121467
0
-0.000299861
-0.000278891
0
-0.000126716
0
0
-0.000124115
4.47237e-06
0.000120675
0
0
0.000227029
0
4.24327e-06
0
-0.000121435
0
0.000132253
0
0
0.00012795
0
0
0
-0.000153329
-0.000130482
0
-0.000290443
-0.000142091
0.000276716
0.000147105
0.000149066
-0.000322292
6.17177e-06
-0.000343015
-0.000353782
-0.000689997
0.00036396
0
0.000379281
0.000376238
0.000363272
5.33676e-06
0
0
0
0
0
0
0.000795054
0
0.000837177
0
0.00083574
0
-0.000425048
0
0.000421885
0
0.000834867
0
0.00039267
6.48642e-06
-0.000776747
0
0
0
0
0.000405185
0
0
0
-0.00110829
-0.00067059
0
-0.000314668
0.000316249
0.000603468
0.000592046
0.000606764
0.000515932
-0.000529002
0
1.09097e-05
0.000958335
0
0
0
9.76193e-06
9.20186e-06
-0.00050676
0
-0.00150247
0.00110285
0
0.000583335
0
0.000216676
0
9.63878e-06
0
7.95835e-05
0
0
0
-8.95586e-05
-8.83159e-05
0
-8.59158e-05
8.28905e-05
0
0
0
0
6.48799e-05
7.17459e-05
-7.80194e-05
0
-0.0001732
0.000195437
-0.000409709
0.000205691
0
0
-0.000180374
0
0.000160431
-0.000154836
0
-0.000279884
0
-0.000135373
-0.000136592
0.00013545
0
0
-0.000137068
2.90407e-06
0.000127586
-0.000122334
-3.1673e-06
0
0
-0.000112827
-0.000114085
-0.000112002
-0.000106562
0
0
0
-0.000105943
0
-3.60287e-06
-9.96024e-05
9.77852e-05
0
-0.000186445
0.000183027
0.00027691
0.000264051
0
0
-0.000173131
0.000168596
0
-0.000162747
0.000156855
0.000152519
0
0
0.000152469
0
0.000130225
0.000123143
0.000124759
-0.000133957
0.000128994
-0.000123626
-0.000228382
0
0.000137791
0.000128548
0
0
0
-0.000106213
0
0.00012725
-0.000118138
0
0
-0.00011146
0
0.000231035
0
0
0
0.000129588
0
0
-0.00036421
0
0
0
0.000417697
0.00013426
0
0.000304657
0.000286169
-0.000573863
0.000289455
-0.000300533
6.88877e-06
0.000360386
0
0.000367536
0.00035054
-0.000389509
0
-6.21474e-06
-0.000732897
0
0.000380679
0
0
0
0
0
0
-0.000381476
0
-0.000414493
0.000418227
-0.000404933
0
0.000417007
0
-6.67423e-06
0
-6.89026e-06
0
0
0.00037876
0.000382575
0
-0.000718689
0
0
0
0
-0.000678441
0
0.000672016
1.32278e-05
0.000664274
0
0
-0.000593575
-0.000561078
-0.000608362
-1.17995e-05
0.00054438
0
0.000484992
-0.000946192
0
0
-0.000524274
0.00107078
9.90122e-06
0
0
0.00151475
-0.00122202
0.000952107
0
0
-7.91693e-06
0
0
0
6.35353e-06
0
0
0
8.72983e-05
0.000178347
0
0
0
0.000191959
0.000194321
-0.000187145
-0.000176771
0
0
0
0
0
1.6485e-06
0.000198149
0
0
0
0
0
0
0.000142582
0
0.000146062
0
0
0
-0.000144797
0
0
0
3.20576e-06
0
0.000245264
-0.000121685
0
0
0.00011254
-0.000106349
0
0.000106733
0.000101671
0
0
0
0
-0.000100282
9.90526e-05
-9.70419e-05
0.000182765
0.000355666
-0.00017844
-0.000181867
-0.000176785
0
0
0
0
0.00015857
0
0
0
-0.000140148
0
-7.063e-06
0
-0.000130448
0
-0.000132002
0
0
0
0.000125982
0
0
0.000106906
0.000109111
0.00012127
0
5.60378e-06
0
-0.000112866
0
0
0.000103456
0
0
-9.5777e-05
-0.000101435
0
0
-0.00012488
0.000242511
0
0.000254527
0
0
0.0002485
-0.000260894
-0.000256771
0
0
-0.000262804
0.00027457
-0.000280944
0.000267098
0.000297335
0.000332896
0.000320481
0
-0.000349434
-0.000376155
0
-0.000371848
6.67301e-06
-0.00037053
0
0
0
0
0
0
0.000375586
0
0.000379212
0
-0.000418387
0
0
0.000389574
0
-0.000819798
0
-0.00038711
0
0
0
0
0
0.00137322
-0.000694532
-0.00071494
0
0.000649647
0.000682017
0
0
1.43297e-05
-0.00061666
0
-0.000536105
0
0.000553145
0
-0.00103525
0
-0.000484348
0
0.000466346
0
0
0.000505054
-0.000528181
1.07214e-05
0.000485604
0
0
0
-0.00109056
0
0
-0.000218638
0
1.79148e-05
0
8.07453e-05
0
0
0
0
-0.000169468
0.000180464
0
0
-0.000186372
-0.000190502
-5.62925e-06
0.000184176
0
0
0
0
0
-0.000359315
0
0
0
0
0.000142546
0.000138444
0
0
0.000130482
0
0
-0.0001295
0
0
0
0
0
3.45874e-06
-0.00011504
-0.000114982
0
-0.000105386
0
0
0.000104214
-0.000196171
0
-0.000100951
0
0
0
0
0
0
0.000174627
-0.000181978
-0.000174157
-0.000155227
0.000151326
0
0
0
0
-0.000148405
-0.000156823
0.000142838
-0.00014806
0
0.000290819
0
-0.000136103
-0.000125259
0.000266188
0
0
0.000101282
-0.000103521
0.000100931
-0.00011451
0
0
-6.48027e-06
-0.000102235
-6.27403e-06
0
6.0831e-06
9.57882e-05
5.9089e-06
0
0
-0.000105818
0
0
-0.000184431
-9.2533e-05
0
0
0
-0.00024044
0
0
0
0
-0.000492445
0.000241877
8.48418e-06
-0.000261519
0
0.000245695
0
-0.000262793
-0.000273719
0
-0.000324551
-0.000644215
0
0.000342141
0.000709405
0
0
0.000734973
7.15962e-06
0
0
0
0.000396141
0
0
-0.000758522
-0.000380314
-0.000398975
0
0
0.000383907
0
0.000353084
0
0.000375271
0
0.000724031
0.000761188
-0.000677654
0
0
0
-0.000683584
1.60584e-05
0.000711104
0
-0.000612651
0
0
0
0.00058253
0
0.000560775
0.000501184
0
-0.000489183
0.000547051
1.41231e-05
0.000459321
1.39745e-05
0
-0.000429841
0
0
0
0.000466599
1.16223e-05
-0.000935554
0
0.00184049
0.00144983
0
0
0
0
0
-4.47184e-05
0
1.60769e-05
-0.000260451
0
0
0
0
-0.000420677
0
0
0
0
0.000358906
0
0
0
0.00017318
0
0
0.000153644
0
0.000146881
0
0
-0.000127018
-0.00024551
0
0
-0.00011612
0
0.000114896
0.000115721
-0.00011232
0
0
0
0
0.000108643
0.000106247
0
0
9.9789e-05
0
0
0
0.000190979
0
0
0.000176502
0
0.000172966
0
0
0
-0.000172942
-0.000164979
0.000160373
9.2967e-06
-0.000155401
0
0
0
0
0.000135617
0.000125939
-0.000136192
0.000141402
0.000132606
-0.000140927
0
0
8.10138e-06
-8.01851e-06
0.00011576
-0.000118349
-7.64179e-06
0.000112331
-0.000209922
0.000112292
0
0.000100799
-9.86903e-05
0
-0.000103518
0
-9.51705e-05
9.40749e-05
0.000102148
-0.000186729
0
0
0.00020196
0
0.000207095
0.000196013
0
0.000216867
0
0
-0.000215955
0
0
0
9.50002e-06
-0.000257341
0.000259993
0.000266482
0
-0.000518202
0.000248488
0.000261813
-0.000271427
0
0.000311978
0.000325324
0.000306379
0
-0.000337744
0
0
-0.000722949
0.000347626
0
0
0
-0.000388388
0
0
0.000381947
0.000384936
0.000778925
-0.000777749
0.000734646
-0.000383011
0
-0.000713418
0
0
0
-0.000720237
-0.00148756
0.000711345
0.000710012
-0.000692629
-0.000681398
0.000646459
1.72364e-05
0
0
-0.000595308
0
0.000539578
0
0
-0.000545843
-0.00112531
0
0
0.000920412
-0.00052091
0.000410887
-0.000453803
0.00042439
0.000420891
0.000825363
0
0
0
-0.000411688
0.000426357
0.000448655
0
-0.00175748
-0.00130514
0
0
0
0
0
0
0
-0.000150424
0.00017844
0
0
-0.000239443
0
0.000419165
-0.00019405
0
0
0
-0.000145701
-0.00014568
0
0
-0.000123701
0.000116656
0
0
-0.000107558
-0.000105838
0
0
0
9.39506e-05
0
0
-9.25791e-05
-9.26058e-05
-9.79298e-05
0
9.30896e-05
0
0
0
-0.000169285
0
-0.000168251
0
0
-0.000165328
0
-0.000164979
0.000161166
0
0.000154988
0.000154024
-0.00016169
0
-0.0003096
0
0
0.00014785
0
9.84895e-06
-0.000152358
9.81544e-06
0
0
0
0
0.00012611
0
-0.000126764
0
0
-0.000121636
-0.000109953
0
0
0.000114604
-0.000218624
-8.34331e-06
0.000121335
-0.000111333
0.000102964
0.000109233
9.57192e-05
0
-0.000277666
-0.000191492
0
0
0
0.000402773
-0.000190991
0.000172254
0.000176608
0
0
-0.000180005
0
0
-0.000187056
0
-0.000212952
-0.000200535
0
0.000203944
0
0
0
0.000499355
0.000245689
0
0
0
9.63991e-06
-0.000520422
0.000256558
0.000282846
0.000275456
-0.00060325
-0.00029973
-0.000306766
0
0
0
0
0.000673614
0.000341475
0.000361618
0
0
0
0
0
0
0
-0.000743628
0.000735353
-0.000714672
0
0
0
-0.000685931
0
0
0
0.000709113
0
-0.00139805
0.000683046
0.00067148
-0.00062725
1.8293e-05
0
0
0.00122904
0
-0.00105479
-0.000525656
0
0.000504194
0.000542391
0
0
-0.000920374
0.000459122
0.000403556
0
0
-0.00040855
-0.000394497
0.000381227
0
0
0
0
0
0
0
0.00192177
0
0
0.000261612
-0.000111194
0
-1.62175e-05
0
0
0
0
0
0.000137966
0
-9.83149e-05
-9.69933e-06
0
-8.59519e-05
0
-7.15093e-05
6.25079e-05
0
0
0
-5.44942e-05
5.41684e-05
0
4.60076e-05
0
0
4.29286e-05
0
0
0
-4.40595e-05
4.582e-05
4.59582e-05
0
0
0
0
-8.80617e-05
-8.55214e-05
0.000175892
0
9.91545e-05
0
0
0.00010069
0
0.000100559
-0.000189233
0
-0.000184406
-0.00010361
0
0
9.62899e-05
0
0
-9.40282e-05
8.33642e-05
9.91278e-05
9.14907e-05
0.000194055
9.21072e-05
0
0
0
-9.11808e-05
7.18453e-05
0
0
0
0
9.11708e-06
0
0
0
0.000122134
-8.60822e-06
0
-0.000126406
-8.56108e-05
0
-0.000177803
0
0.000112028
0.00014463
-0.000162683
0
0
-0.000114101
0
-0.000120904
0
-7.43068e-05
7.4304e-05
0
0
0.000129661
1.32037e-05
0
0.000118813
0.000156683
-0.000141637
0
0.000168053
0
0.000163105
-0.000162006
-0.000206893
0
0
0
0.000175647
0.000454888
-0.000444848
0
-0.000201733
0.00050246
9.79346e-06
-0.000232756
0.000233118
-0.000234647
0
0
-0.000260733
-0.000284665
-0.000313431
0
0
0
0
0
0
-0.000598245
0.00060564
0.000611299
-0.000608048
0
0
0
0.000604065
0.00059723
0
-0.000577438
0
0
0.00121379
0
0
0.000534015
0.00110445
0
0
-1.88488e-05
0.000532509
1.8667e-05
1.85549e-05
0.000409534
0.000429936
-0.000445523
0
0
0.000433714
-0.00042691
-0.000782183
0.000372762
0
0
0.000662838
-0.0010501
0.000628704
0.000755912
0
-0.000744551
0
0
0
-0.00299067
-0.000955667
0
-0.0004812
2.24384e-05
-2.78239e-05
2.06306e-05
0.000168223
0
0
-0.000192109
0
-0.000174519
0
0
0.000203034
0
6.88984e-05
0
5.07009e-05
0
0
0
0
0
-6.33407e-05
0
0
3.76084e-05
0
-7.29567e-05
0
0
0
-3.37439e-05
0
0
-7.80482e-05
0
0
8.35812e-05
8.19996e-06
8.5155e-06
-8.05834e-05
-8.63837e-05
0
0
0
0
0
0
0.000196244
8.57597e-05
0.000203443
0
0
0
0
9.55674e-05
0
9.77504e-05
-0.00011236
0
-1.03653e-05
-0.000210668
-0.000243714
0
-0.000103579
0
0
-8.17329e-05
9.5964e-05
0
0
0
9.00435e-06
0
0
5.3564e-05
-7.90355e-05
-0.000308236
0
0.000376572
-0.000244347
0
0.000133169
0
0
0
1.49469e-05
0
0
0.000139644
0
0
0
6.83819e-05
-0.000180393
8.99995e-05
0.000183629
-0.000264534
0.000237254
0
-1.24162e-05
-0.000225766
0.000217691
-0.000286119
-0.00027681
-0.000271197
-1.05436e-05
0
0
-0.000212667
0
0.000219231
-0.000194065
-0.000340049
9.89057e-06
0
0
-0.000375208
9.53103e-06
0.000313163
-0.000320194
0.000278816
0
0
0
0
0
0
0
0
0
0
0.000635806
0.000659887
-0.00150291
-0.00139466
0.000703819
0.000653407
0
0
0
-0.00138551
0
0.000607952
0
0
-0.00065182
-0.000635079
0
-0.00118302
-0.00118421
0
0
-0.000561075
-0.000559421
0.000508009
1.89191e-05
-1.87262e-05
-1.84674e-05
1.83588e-05
0
0
0
0
0.000404584
-0.000382043
0
0
-0.000647822
0.000697719
-3.26273e-05
-0.000702679
0
0.000763034
0.000820566
0
0
0.00121151
0.000796701
0
0.000591589
0.000312928
-2.13947e-05
-0.000106692
-0.000298098
0.000151472
0.000197584
-1.45596e-05
0
0.000147924
-0.000122022
-0.000103677
-7.97582e-05
0
0
0
0
0
0
0
0
-3.10245e-05
2.81845e-05
0
-2.6551e-05
-2.62495e-05
0
5.50594e-05
0
0
0
6.23516e-05
0
0
8.98434e-05
-9.06472e-05
0
-9.17532e-05
0.000156668
8.66872e-05
-7.91141e-05
9.47688e-06
-6.96481e-05
7.32025e-05
-6.36252e-05
0
0
0
-0.000116735
-1.05115e-05
-0.000133781
0
0
-0.000117139
-7.24212e-05
-1.04526e-05
0
-0.000202996
-0.000104465
0
-0.000164397
0.000279148
0.000131734
0.00010672
0.00013227
0
-0.000140987
0
-0.000139922
0
0.000188822
0.000129237
8.81036e-06
0
0.000147141
-0.000131934
0
1.57079e-05
-0.000187039
-0.000209021
0.000325378
0
0.000200418
0
0
0.000242869
0.000415472
0
-0.00045894
-0.000498275
0
0
0
0.000226986
0.000202693
-0.000156014
-0.000416809
-0.000257153
-0.000232248
0.000321684
-0.000357128
0.000403846
0
0.000445372
0
0.000177877
-0.000103144
0
0
0.000201959
0
-0.000696593
9.85844e-06
0
0.000493931
0
0
-0.000425815
0.000408651
0.000365686
-0.000770007
-0.000682296
0
0
0
0.000799327
0
0
0
0
0
0
-0.00162886
0
0.00176885
0.000762643
0
-0.00084075
-0.000731384
0
-0.000706486
0.000769594
0
0
0
0
-0.000678782
0.00136052
0
0.00064379
0.000631608
0
0
0
0
-0.00051347
0.00100269
-0.000489173
-0.000942753
0.000437689
0.000416891
0
0
0
0
0
0
0
0
0
-0.00101128
0
0
0.000658919
-0.000792574
0
0
0.000847769
0
0
-0.000284554
-0.000156583
-5.1146e-05
8.77003e-05
0.00016071
-0.000145852
-0.000264081
9.52869e-05
0
0
0.000229771
9.52887e-05
0
0
0
0
0
0
0
0
2.07422e-05
1.91914e-05
-1.98214e-05
0
1.70081e-05
0
-1.47915e-05
-2.69286e-05
0
-2.9551e-05
0
0
0
0
0
7.11859e-05
-5.85286e-05
0
-6.09092e-05
0
0.000174331
8.33518e-05
7.51679e-05
-0.000141947
0.000106144
0
0
0.000116147
0
-0.000223576
-0.000138015
0
0
0.000315576
0.000110079
-0.000123759
0
0.000159316
0.00014768
0
0
-0.000199389
0.000117929
-8.03671e-05
0
0
9.04101e-06
0
-0.000186617
0.000197405
-0.000218182
-8.20628e-06
0.000330937
0
-0.000198889
0
0
0.000288387
0.000204256
0
0.000423181
-7.42689e-05
-0.000193267
0
0
-0.000541064
0
0
0.000488426
0.000154968
0
0.000315873
0.000509264
-0.000722275
0
0.000277412
0.000370235
1.07998e-05
1.04799e-05
-0.000349099
0
0
0
0.000403771
0.00023625
0
-9.34877e-05
0.000322554
0
0
0
0.000224684
0.00032871
0
0
0.000526877
0
0.000384517
0
-0.000396817
0.000848777
0.000828355
0
0.000618679
0
-1.56152e-05
0
0
0.00107085
-0.00100074
0.000952698
0
0.00185988
0
-0.000818931
-0.000693193
0.000896982
0.000875052
0.000803784
0
0.00075793
0.000723591
0.000638825
0
0
0
0.000715805
-0.000668918
-0.000614007
-0.000641712
0.000620166
0
0
0
0
0.000525202
-1.83536e-05
0.000461711
0.000458332
0
-1.76394e-05
0.000376578
-0.000386674
-0.000335334
0
0
0
0
0.00056847
0
0.000555318
0
0
-0.000584508
0
0
0
-0.000733019
0
0
7.83934e-05
0
-8.20832e-05
-0.000145661
-0.00023855
0
0.000204071
0.000186505
0
-0.000178457
-0.000149143
0
0
0
0
0
0
0
2.28969e-05
0
-1.84014e-05
0
1.6186e-05
-1.05793e-05
1.33965e-05
-6.45678e-06
9.06204e-06
0
0
1.91213e-05
1.49253e-05
1.80977e-05
0
0
0
-1.31378e-05
3.95136e-05
-6.28376e-05
0
0
-9.42864e-06
0
0
0.000112345
9.968e-05
0.000122101
0
-8.8913e-05
0
0.000122083
0.000133485
0
0
-0.000159272
0
0
0
0
-0.000102453
0.000147063
-0.000213951
0
-8.93888e-06
0
-0.000137322
0.000260104
0.000169288
0
0.000145768
-0.000238577
0
-7.66702e-06
-7.62067e-06
0
0
-0.000196673
0
0.000196619
0
0
-0.00052542
1.24273e-05
-0.000240634
0
0
0.000317019
0
0
0
0
0
-0.000726978
-0.000574716
0.000418125
0
-0.000270583
-0.000532222
0.000823652
0.000404879
0
-0.000320531
0
0
-0.00041387
-0.000416665
0
0.00048638
-0.000359987
0
0.000324426
0
0
0
0
-0.00051267
-7.54384e-06
-0.000444843
0
0
-0.000368186
0
-0.000446136
0
-0.000743986
0
-1.40829e-05
0
0
-0.00108214
1.4364e-05
-0.00115777
0
-0.00208103
0
0.000810943
0.000727735
-0.000819961
-1.74169e-05
0
0
-0.000812248
-0.000742924
-0.000735243
-0.000608348
0
0.000700971
0.000671581
-0.000563932
0.000632936
0.000650578
-0.000621075
0
0
0
-0.000527098
0.000492126
-0.000463808
-0.000446823
0
0
-0.000385852
-1.677e-05
0.000740409
0.000310802
0
0
-0.000274136
0
-0.000571652
-0.000258525
0
0.000428828
0
-0.000532108
-0.000626118
-0.000742479
0
0
-0.000608095
0
-0.00010632
-7.23408e-05
0
0
-1.92465e-05
0
0
-0.000210739
0
0.000199286
0.000179716
-0.000149518
0
0
-7.01416e-05
0
0
0
3.98164e-07
0
1.30698e-05
0
0
1.05465e-05
-7.01865e-06
-3.3736e-06
0
0
0
0
-2.4033e-06
-6.01152e-06
0
-4.28486e-06
0
1.95582e-05
-1.92051e-05
6.61002e-05
0
3.24914e-05
-0.000114493
0
-7.37829e-05
-9.78521e-06
-9.6942e-06
-0.000251678
0
6.10373e-05
0
0
0.000126351
0
0
0
0.000143266
0
-0.00011135
0
0.000120184
-0.000175745
8.33096e-06
0
-0.000164836
0
0.000201609
-0.000280535
-0.0002026
0
0
-0.000221203
0
-0.000197466
-0.00022883
0.000287352
0
0.000235556
0
-0.000539088
0
0
-0.000245947
0.000359856
0.000277474
0.000138759
0
0
-0.000375639
0
0
-0.000253128
-0.000426066
1.01023e-05
0
0
0.000556696
0.000367857
8.3507e-06
-7.96447e-06
0
0
7.1414e-06
0
0.000485524
0
-0.000512637
0
-6.79055e-06
-0.000390733
-0.000413111
-0.000390941
0
0
0.000311707
0
0.000489249
-6.53272e-06
0.000446729
0
0
0.000386413
-0.000445022
0.000492602
-0.000451278
0
0
-0.00133466
-0.000445629
0
0
0.000918215
0
0
1.38934e-05
0
-0.000856352
0.000804931
0
-0.000790208
0
-0.000736583
0.000843722
0
0
1.76973e-05
0
-0.00139612
-0.00134522
0.000567599
0
0.000617996
0
0
0
0
0.000502336
-1.6466e-05
0.000407906
0
0
0
0.000340682
-0.000341738
-0.000672137
0
0.000261932
0.000272263
1.60927e-05
0.000265285
-0.000263612
0.000244592
0
-0.000664752
-0.000215284
0.00057203
0.000865922
0.000714052
0
0
0.000425641
0
0
0.00022674
0
0
0.000259995
0
0
0
0
0
-0.000184809
0.000178019
0.000170254
0
-1.47388e-06
0
0
0
-2.92234e-05
2.0658e-05
-2.30714e-05
0
0
0
0
0
0
0
0
3.85587e-06
0
0
0
1.64275e-05
0
-1.68785e-05
4.65323e-06
2.65401e-05
0
-4.81884e-06
4.86447e-06
0
0.000100898
-0.000112686
-0.000187935
0.000142991
0
-0.000103969
-6.16459e-05
0
-8.98592e-06
0
0.000188712
0
-0.00017374
0
0.000154003
0
0
0
0.000460082
0
0
0
0
0.000162723
0.00019331
0
0
0.000188048
0
0.000201128
0
-0.000516023
0
-0.000253322
0
0.00024857
0.000247552
0
0.000201648
-0.000119568
0
-4.34356e-06
-0.000223247
-0.000242661
0.000232264
0
-0.000245727
0.000395576
0.000431397
0.000484186
0.000254101
0
-0.000465458
0
0.000438693
-6.46509e-06
0.000374193
0
0.000396149
0
-0.000367283
0
5.83843e-06
0
-5.54497e-06
5.44328e-06
0.000382292
0
0.000405517
0
-0.000379166
0
0.000532366
-0.00101926
0.000523333
0
-0.000548912
0
0.00102954
0
0.00047566
0
0
0.000298234
0.000388258
0
-0.000318719
0
0
0
0.000997481
0
0
-0.000806533
-0.000412888
0
0
0.000754317
0
0
0.000627185
0.000595384
0
0.000645718
0.000668751
-0.000597388
0
-0.000614197
0
0
0
0
0
-0.000413177
-1.47822e-05
0
0
0
-0.000331974
0
1.44595e-05
0
-0.000263236
-0.000258547
0.00048022
-1.48885e-05
0.000273962
0
-0.000216618
1.39037e-05
0.000228973
0
-0.000261287
0
0
0
0.000444748
0.00022459
0
-0.000118583
0
0
-0.000136869
0
0
0
0
0
0
0
-0.000304405
0
6.13374e-05
-0.000122564
-0.000126724
0
0
-5.46254e-05
7.76e-05
2.50202e-05
0
0
-1.1135e-05
0
0
7.29563e-06
0
1.10167e-05
0
1.60944e-05
0
0
3.19756e-05
3.19298e-05
3.90751e-05
-4.17113e-05
0
-4.44465e-05
8.0754e-05
0
0
0
7.32579e-05
0
0
0
4.49526e-06
-7.55231e-05
-0.000156452
0
-9.31342e-05
-7.54783e-05
0
-0.000100018
0
5.4348e-05
0
0
-0.000210654
-0.000197072
0.000176601
0
0
-0.000136831
0
0
-0.000198912
0.000126541
-0.00010264
-0.000196075
0
0.000213141
-0.000250761
0.000480118
0
0
-0.000268468
0
0.000184667
0
0.00016012
-0.000174346
0.000167254
0.000251977
3.33027e-06
0
0.000259075
0
0
-0.000255732
-2.90257e-06
0.000202986
0
0
0.000170054
-0.000741123
-0.000163274
0
0
0
0
0.000304362
0.000431476
0.000398326
-0.0003462
0.000469475
0.000405672
0
-0.000815805
-0.000357
0.00032099
0
-0.000467404
4.16844e-06
-0.000561734
0
0.000815263
0
-0.000474618
0.000455997
0
0
0
-0.000276822
-0.000400209
0
4.22903e-06
-0.000337391
-0.000288848
0
0
-0.000336051
0
0.000379975
0.000379715
0
0
0
-0.000350373
-0.000323719
-0.000625584
0
0
0.0002827
0
0.000603764
-0.000293356
0
0
0
0
-0.00042372
0.00039824
-0.000374874
-0.000384637
0.000340992
0
0.000304045
0
-0.000267964
0.000270228
0
0.000257373
0
-0.000219634
-0.000215013
0
-0.000165872
1.263e-05
0.000305928
0
-0.000242332
0
-0.000301102
0
-0.000658239
0
-0.000299881
0
-5.55925e-05
-5.34692e-05
-6.63465e-05
6.77827e-05
0
0
-0.000112726
0
0
-0.000133788
0
0.00013312
-0.000104328
8.50866e-05
0.000203908
0.000116097
0
0
0
-0.000128685
-8.02316e-05
0
0
-6.56127e-05
0
0
4.05574e-05
0
0
0
-5.41337e-05
0
0
-5.40542e-05
4.77598e-05
0
0
0
-6.61911e-05
-0.000127742
-7.40914e-05
0
8.55476e-05
-8.8288e-05
0
0
-8.03052e-05
8.88428e-05
0.000187594
-8.48921e-05
0
-9.33791e-05
9.17575e-05
8.84114e-05
0.000106079
0
-7.74529e-05
-8.25162e-05
0
-0.000107728
0.000288826
-0.000331216
0
0
0
0
0
0.000307244
-0.000123698
0.000113967
8.71145e-05
0
0
0.000321396
-0.000213756
-0.000209028
0
0.000260234
0
-0.000396308
-0.000239224
-0.000375285
0
0
0
2.42467e-06
0
0.000234901
0.000203357
0
0.000238169
-0.00012373
-1.99019e-06
0
-0.000185245
-0.00015417
0.000231378
-1.47056e-06
0
-0.00016276
0
-9.87096e-05
-0.000388241
0
-0.000185596
0
0
-0.000186666
0.000148074
0.000373563
0.000301218
-0.000307559
0
0
0.000417011
0
0
-0.000348441
0
0
-0.000391275
0
0
0
0.000333972
0.000403994
0
0.000663541
0.000611224
0.000321311
0
0
0.000646724
0
-0.000373027
0.000347133
0
0
-0.000353934
0.000335453
0.000317409
-0.000297635
0
0
-0.000556901
0.000279146
-0.000269789
0.000281555
-0.000261673
-0.000256021
0
0
0.000421632
-0.000599397
0.000397612
0
-0.000559491
-0.000159969
-0.00032879
0
0.000434193
0
0
-0.000295641
0
0
0
0.000199619
0.000181716
0.000222364
-0.00017374
0
0.000245766
0
0.000569849
0
0.000813916
0.000318912
0.000219657
0.000131982
-6.64299e-05
-3.84379e-07
9.11283e-05
0
0
-7.34411e-05
6.41379e-05
0
7.16555e-05
0.000156358
0
0
0.000157523
0
0
0.000171569
0
0
9.333e-05
2.67727e-06
0
0
0
6.78279e-05
0
0
0
0
0
0
-4.67907e-05
0
0
0
-9.14704e-05
0
0
0
0.000177396
0.000100904
5.93792e-05
0
-0.000124827
0.000126044
6.91097e-05
0
0.000184318
0
-0.000120565
0.00018267
0
0
0
-3.61104e-06
0
0
0
3.15376e-06
0
0.0001106
-9.78536e-05
2.7729e-06
0
0
0
0
0
-0.000105524
0
-8.9494e-05
-0.000170049
0.000111435
8.91556e-05
-0.000104361
-0.000104353
8.2685e-05
0
-0.000333855
0
0.000198251
0.000307277
0.000185092
0
0
0
0.000235502
-7.85879e-05
-0.000199992
-9.19594e-05
0
-9.80259e-05
0
-0.000143302
0
9.0629e-05
0
9.87011e-05
-0.000203218
0.000197646
0.000165392
0
0.000115291
3.97167e-07
-0.000170488
-0.000166327
0
0.000171079
-0.00015011
-0.000140156
0
0
-0.000171619
-0.000136284
0
-0.000194007
0.000187635
0.000201376
0
0
0
0
0
0.00018247
0.000172892
0
0
0
-0.000187574
-0.000351436
0
0
0.000180175
-0.000348183
0
0
-0.000347001
0
0
0.000524346
-0.000169371
0
0.000153359
0.000142241
0
0.000305748
-0.00028822
0.000554883
0.000273476
0.000281154
4.32209e-06
0
0
0
0.00020569
0
0
0.000205428
0.000379947
0
-0.000169381
-3.89693e-06
0
-0.000150249
0.000176434
0
0
0
-0.000237196
0
0
0
0
0
0
-0.000413261
0
-0.00023698
-0.000167305
-0.000277031
-8.18873e-05
1.84524e-05
1.9816e-05
-2.48845e-05
3.47142e-05
0
7.95806e-05
7.78068e-05
0
8.64189e-07
9.22093e-05
0
0
0
0
-0.00010186
-0.000114823
0
0
-8.33063e-05
8.08137e-05
0
0
0
0
0
0
0
0
0
0
0.000144044
0
0
-4.71195e-05
0
0
0
0
-4.59975e-05
-3.80169e-05
8.38002e-05
0
0
0
-9.59261e-05
0
-8.92352e-05
0
-3.97692e-05
-8.19599e-05
0
7.95768e-05
0
-0.000146462
7.11544e-05
0
0
0.000138093
0
-6.59976e-05
-6.6753e-05
0.000200554
6.75142e-05
0
6.18782e-05
0
0
6.16862e-05
-5.63004e-05
0.000121885
0.000109218
-0.00019353
-0.000113677
0
0.000123091
4.96613e-05
-5.52952e-05
5.79741e-05
0
0
-0.000159383
0
0
0
-5.65121e-05
-0.000104294
9.70864e-05
-4.82549e-05
-0.000149298
0
9.80308e-05
0
0
0
9.25351e-05
4.31512e-05
-9.5365e-05
7.51401e-05
-0.000183408
0
9.44135e-05
0
0.000148323
0.000253734
0
0
-8.9908e-05
-8.04392e-05
0
0
-8.90249e-05
0.000175311
0.000274792
0
0.000196239
-0.000169594
-0.000184142
9.59515e-05
0
0
0
0
-0.000303717
-0.000196212
0
0.000110412
0
-0.000313066
0
0.000100677
0
-0.000195019
-9.58409e-05
0
0
0
7.9099e-05
0
-8.87225e-05
0.000269285
-7.6053e-05
0.000139488
-0.00013767
0.000135461
0
0
-0.000347339
-0.000282088
-0.000178946
0.000202239
0
0
0
0
0.000151479
0
0
-0.000336562
0
0.00019271
-0.000174249
0
0.000170004
-0.000224213
-3.35139e-05
-7.02794e-05
0
8.38816e-05
0
6.72316e-05
0
0
0
2.16302e-05
0.000146161
0
0.000175398
-0.000102557
4.80584e-05
0
0
-2.96385e-05
-4.09373e-05
-4.07353e-05
0
0
0
0
-8.42205e-05
-0.000114569
0
0
0
0
0.000120746
0.00012752
0
0
-0.000107231
0.000107416
0
0
0
0
0
0
0
0
0
0
-7.72823e-05
0
0
7.52435e-05
0
0
0
0
-6.06576e-05
5.64177e-05
0
0
0
0
0
0
0
0
5.58236e-05
0
0
-0.000108907
0
0
-9.72611e-05
0
0
0
0
9.12329e-05
9.12835e-05
-8.50547e-05
-8.53926e-05
0
-8.18626e-05
0
0
-7.83947e-05
7.7853e-05
0
0
7.68258e-05
0
0
0
6.83147e-05
6.65181e-05
6.83421e-05
0
0
6.6029e-05
0
0
0
6.12615e-05
0
0
5.31777e-05
5.72283e-05
0
0
0
0
0
0
-4.8558e-05
0
0
0
0
-0.000105324
0
0
-9.09648e-05
0
0
-9.61467e-05
8.4225e-05
0
0
9.89728e-05
0
-0.000102201
0
0
0
0
-0.000100323
0
0
0
0
0.000103122
0
0
-0.000120764
0
0.000105588
0
-0.000110907
0
0
0.00011082
0
0
0
-5.48622e-05
0
-8.47509e-05
-8.78793e-05
5.36855e-05
0
0
-0.000116988
0
0
0
0
0.00022014
0
0
0
0
0
-0.000155729
0
0
9.55029e-05
0
0
0
0
0
0
1.09131e-05
8.77379e-05
0
-9.27681e-05
0
-5.45137e-05
0
0
0
1.24442e-05
0
-0.000203165
0
-0.000126624
-3.64056e-05
-3.03093e-05
0
-8.07609e-05
-0.000100945
9.98402e-05
9.71477e-05
0
0.000118187
0
0
0
-0.000146226
0.000130781
0
0
0
0
0
0
0
0
0
-0.000121269
0.000108705
0
0
-9.67338e-05
0
0
0
-9.92596e-05
0
0
0
0.000183011
0
0
0
0
0
0.000132548
0.000139856
0
0
0
0
0
0
0
0
0
0
0
0.000120375
0
-0.000105757
0
0
0
0
-9.46166e-05
0
0
0
0
0
0
0
0
-7.25064e-05
-6.91308e-05
0
0
6.7588e-05
0
0
0
0
0
-0.000107035
-0.000108224
-0.000105423
0
0
0
-8.13853e-05
0
8.29832e-05
0
0
-6.93562e-05
0
0
0
0
0
0
0
-3.74039e-05
0
0
0
-4.99945e-05
0
4.46862e-05
0
0
0
2.9453e-05
-3.30511e-05
0
0
0
0
0
0
0
0
0
0
-0.00010321
0.000150134
0
0
0
-0.000174212
0
0
-9.29164e-05
-9.66667e-05
0
0
0
0.000127992
-4.97052e-05
0
0.000148237
0
0
0
8.86791e-05
0
0
0
0
0
0
0
0
0
-4.38092e-05
0
5.14255e-05
-2.34639e-05
0
-3.30356e-05
0
-2.96718e-05
0
1.07099e-05
0
0
-3.32474e-05
-8.34328e-06
0
-2.3169e-05
0
1.78253e-06
0
0
0
0
0
0
0
-6.95033e-05
-0.000188991
-0.000230687
4.6043e-05
-4.09495e-06
0.000158075
0
-9.27219e-05
0.000298483
-0.000105539
0.000105149
0
-0.000100865
0
0.000164681
0
0.000126505
-0.000112794
0
0
0.000226369
0
0
0
-0.000205621
0
0
0.000116009
0.000101532
0
0
0.000101955
0
-0.000201047
0
0.0001016
-0.000202581
-0.000374038
0
-0.000187593
0.000374008
0
0
0
0
-0.000138599
-0.000439857
-0.000308894
0
0
0
0
0
0
0
0
0
0
-0.000125195
0
-0.000106226
0
0
0
0
9.28792e-05
0
0.000166957
0
0.00016182
0
0
0
0
0.000205101
0.000193539
0
0.000133958
-6.58642e-05
0
0
-0.000226318
0.000202261
0
9.68283e-05
0.000100865
9.26086e-05
0
0
0
0.00021828
0
-0.000225491
0
-0.000137848
0.000173682
0
0
0
0
0
0
0
-4.01741e-05
0
0
-9.48688e-05
4.3596e-05
0
-3.47143e-05
0
7.54907e-05
0.000113951
3.85413e-05
0.000113625
-6.94429e-05
-9.44302e-05
8.14727e-05
0
-8.39905e-05
-7.729e-05
9.15239e-05
0
0
0
0.000111611
-0.000133801
0.000192894
0
0
0.000429487
-0.000274342
0.000244625
0.000103019
-0.000112475
0
-0.000284504
0.000202721
0.000139446
-9.64549e-05
0
0.000151961
-0.000188026
0
0
0.000124311
0
0.000190102
-0.000166071
0
0
0
0
0
0.00025253
-1.47623e-05
0
-7.3165e-05
5.22894e-05
0
5.40624e-05
0
-7.00492e-05
2.49136e-05
-4.28822e-05
-0.000106631
-4.9093e-05
-5.30999e-07
2.45733e-05
-3.39638e-05
2.31981e-06
0
3.01034e-05
0
0
8.96111e-05
2.81006e-05
0
-6.92801e-06
0
2.23545e-06
0.000168747
2.23178e-05
0
0
-0.000202799
0
0.000419424
-0.000469086
0
-0.000207469
0
0
0
-0.000168609
-0.000369001
0
0
0
0
-0.000560075
0
0
0
0.000529844
0
0.000308428
-0.00041672
-0.000568823
0
0
0
0
0.000550313
0
0
-0.000189963
0.00036047
0
0
-0.000689792
0.000353166
-0.00033175
0
0
0
0.000311196
0.000293362
0
0
0
0
0
0
0
-0.000239041
0
0
0
-0.000405595
0.000209785
0
0
0
-0.000368433
0.000376551
0
-0.000171969
0
-0.000172986
0
0
0
0.000284756
-0.000379897
-0.000392659
0.000308611
0.000139034
0
0
0
0.000448572
3.44753e-06
-0.000216371
0
-0.000210205
0
0
0
0.000141108
4.19187e-06
0
0.000148087
0
0.000147496
4.41687e-06
-0.000139631
0
0
0
0
0
0.000197921
-9.57345e-05
-0.000191813
0
0.000292226
0
0
0
0
-0.000272512
0.000119008
0.000105715
-0.000102316
9.02586e-05
0.00010287
0.000104071
0
-0.000118392
0.000100156
-0.000105401
0
0
0.000252943
0.000262319
0
-0.000240979
0
-0.000262596
-0.000267681
0.000284144
-0.000298844
0
0.000269806
0
0.000287303
-0.000274058
4.72415e-06
-4.63534e-06
0.000259119
-0.000288168
-4.39791e-06
0
0
4.26483e-06
0
-0.000237281
-0.000262444
0
-0.000451117
0
-0.000457853
0
-0.000256159
0
0
0
-0.000349123
0
0
-0.00032339
-0.000191308
-0.000354716
0
-0.000158481
0.000114276
0
-0.000306209
8.30728e-05
9.98121e-05
0
0
0
0
-0.000167874
7.93008e-05
0
0.000107589
0
2.26718e-06
0.000301657
-0.000191042
0
0
-0.000496515
0.0004592
-0.000807029
0.000899375
-0.000534745
-0.000494179
0
0
0
-0.000411823
0.000356088
0.000361569
0
0
-0.000373792
0.000320567
0
0
0
-0.000324423
0
-0.00028215
0.000395747
0.000355003
0
0
0
0
-0.00032473
0
0
0.000346382
-0.000316317
0.000323396
0
-0.000308115
-0.000325394
0.000324635
0
0.000529521
0
-0.000612014
0
0
0.000581641
0
0
-0.000528704
-0.000520178
-0.000562898
0.000691235
0
-0.000477978
0.000491959
0.000382822
0
-0.000481912
0
-0.000469354
0.000371322
-0.000391889
0
0
0
0
0
0
0
3.56343e-06
-3.86057e-06
0.000281526
-0.00031613
-0.00026075
0.000254958
0
0
-0.000227994
-0.000219845
0.000237645
0.000448229
0.000219095
0
0
0
-0.000150294
-0.000136107
0.000305069
0.000311426
0
-0.000343974
0.000149896
-0.000139032
0
0
0
0
0
-0.000217333
0.000177661
-1.24133e-05
0
1.22335e-05
-0.000210847
0
0
0.000208403
0.000210507
-0.000214244
-0.000204983
0
0
0
-0.000216495
0
0.00023377
0
0
0
0
-0.000255429
-0.000272396
-0.000294689
0
-0.000569425
0.000274628
-0.000563339
0.000590627
0
0
-0.000602568
0
-0.000586248
0.000592815
-0.000285049
0.000847891
0.000295473
-0.000602195
-0.000293512
0
-0.000579166
0.000304591
0.000553337
0.000530877
0.000508165
0
0.000458711
0
0.000471485
0
0
0.000420327
0
0
-1.33004e-05
0
0
0.000339101
-1.33475e-05
0.000323889
0
-1.35064e-05
0
-0.000262603
0.000231299
0
-0.000435646
0
-0.000231482
0
0
-0.000388843
0
-0.000332376
0.000373069
0.000395995
-0.000687383
-0.00139807
0
0.000776963
0
1.01597e-06
3.42447e-06
0.000586004
-0.000584448
0.00109889
0.00113334
0.000528286
0
0
-1.3674e-05
-0.000410679
-0.00038114
0
0
0.000385839
0
-0.000329333
0
0
0
0
-0.000620855
0
0
0
-0.000690164
0
0
0.000639013
-0.000754279
0
0
0.00028722
-0.000307749
0.000567106
0.000557321
0
0
0
-0.000500741
-0.000538094
0.000588423
0.000570569
-0.000556679
-0.000552603
0
0
0.0010881
0.000517016
0.000552941
-0.000906109
0
0.000465952
3.26751e-06
0
0
0.00047429
0.000428396
0.000458016
0
0
0.0003649
0.000332989
0
-0.000361882
0
0
0
-0.00023942
0.000263981
0.000629931
0
0
-0.000690651
0
0
0
0
0
-0.000448162
0
0
0
0
0
-0.000280044
-0.000291056
-0.000277861
-0.000256949
0.00033445
-0.000604771
-1.47593e-05
0
0
0
0
-0.000187382
0
0
0.000204837
0
-0.00047349
-1.46696e-05
0
0
1.42886e-05
-0.000231572
-0.000212242
0.000218523
0
-0.000503472
0.00049382
0
0
0
0
-0.000554993
0
0
0
0
0.00028134
0
0.000578036
0
0.00119191
-0.00120348
0
0
0.000595915
0.000595024
0.000580436
-0.00120102
0
-0.00119029
-0.0005821
0.000592254
0.0011575
0
0.000576851
-0.000586627
-0.000564995
-0.000537785
0
0
0
0.000505111
-0.000508651
0.000500779
-0.00050245
1.78156e-05
0
0
0.000429441
0.000435694
-0.000818724
0
-0.000415188
-0.000747374
0
0.000334862
-0.000674632
0.000273233
-0.000543215
0
0.000238509
0.000478375
0.000225833
-0.000457335
0.000497081
0.000423182
0
0.000382336
-0.000421605
-0.000464282
-1.74439e-05
0.000771305
0.000786268
-0.00153283
0
0.000698231
2.38668e-07
0
0
-0.00118171
-0.000587925
-0.000505654
-0.000513236
0
0.000992485
-0.000485189
-0.000885917
0.000782346
0
0
-0.000768971
0.000336292
0
0
0
-0.000756903
0.000700968
0.000743563
0
0
0.000743945
0
0
-0.000644061
0.00071173
0
0
0
0.000619144
4.70033e-06
-0.000528932
0
0
0
-0.000531639
0.000548766
0
-0.00117238
0.00054728
0
-0.000563351
0
-0.000575505
0
0
0.000482381
0
0.000481742
-0.000442966
0
-0.000860607
0.000910584
0.000435211
0
0
0
-0.000386049
-0.000320285
0
0.000373371
0
0
0
0
0.000620186
-0.000678491
0
0.000436234
0.000428703
0
0
0
0
0
0
0
0
0
0
0
0.000301207
0
-0.000306641
0.00031317
0
0.000628503
0.000246415
-0.000270956
-0.000219872
-0.00021736
0
0.000328217
0
0
0
0
-0.000291084
0.000205777
0
0
-0.000233243
0.000216588
-0.000238629
-0.000201339
-0.000493692
0.000512966
-0.000490058
0
0
0
0
-3.13533e-05
-0.000577362
0
0.000567878
0
-0.000599822
0.000620189
-0.00062967
0
-0.000626453
0.00062146
0
-0.000648131
0
-0.000601803
0
0.00123084
0
0.000609484
-0.000614312
0
2.21989e-05
0
-0.000613099
0
0.00060804
0.000581773
0
0
0
-0.00052155
0.000518584
-0.00156327
-0.000523082
-0.00138814
0
0.000922146
-0.000946734
0.000496996
0.00171165
-0.000859185
0.000802068
0.000734219
0
0
0.000702999
0.00066283
-4.63053e-05
0
0
-0.000525224
0.000539866
0.000483233
4.23042e-05
0
0
0
0
0
0.000636889
0
-0.000705247
0.000632079
0
0
-0.000670293
-0.00129385
0
0.00181594
-0.00124682
-0.00104607
-0.00053519
0
0.000531871
0.000946412
-3.14837e-05
-0.00165067
0
0.000811383
0.000771479
0
0
0
0
0.000767648
0
-0.000695202
0.000665241
0.000739775
0
0.000666055
0
0
0.000724101
0.000679599
0
0
-0.000628051
-0.000561034
0.000509453
0.000635195
0
0
-7.31761e-06
0
0
-6.75483e-06
0
0
0.000538274
0
0
-0.00112933
-0.00116764
0.0011583
0
-0.000481701
-0.000890679
0
0.000858051
-0.000775819
-0.000866642
0
0
0
-0.000806064
-0.000749317
0
0
0
0.000621648
-0.000612474
0
-0.000572315
0.000659928
0
-0.000992878
0.000485614
0
0
0
0
0
0
0.000425302
0.000378557
0
0.00046517
0.000416741
-0.000411589
0
0.000568728
-0.000335374
0
-0.00031757
0
-0.000334445
0.000203759
0.000247151
0.00045709
-0.00023337
0.000481752
-0.00056047
-0.000573781
0
0.000521401
0
0
0
0
0
-3.86756e-05
0.000465054
0.000499539
0
0
0
0
0.000631943
0
0.000564576
0.000559602
0
3.56289e-05
0
0.00060179
-0.000628954
0.00064837
0
0
0
0
0.00133982
-0.000673347
0
0
-0.00063087
0.000665932
0
0.000615241
-0.00128223
0.000671287
0
0.000615732
-0.00129202
-0.00187979
0.000643016
0
0
-0.00116804
0.00117412
0.00116169
0.00106106
-5.30873e-05
0.000986372
0
-0.000965043
0.000967091
-0.000977799
-0.00091697
0.000899494
0
0
0
0
-0.000850867
-0.000733915
-5.47668e-05
0
0
0
-0.000603332
0.000634505
-0.0012303
0
0
0.000642038
-0.000599024
0
0
0
0
0.00112792
0.00138775
0
0
0.00123156
-0.0011786
-0.00120679
0.00253986
0.00107718
0.00102383
0
3.56539e-05
0.000996267
-3.51845e-05
0.00181133
0
-0.000847231
0
-0.000863984
0
0.000885605
0
-0.000796344
0
-0.000744251
-0.00077422
-0.000852766
-0.000916113
1.41364e-05
0
0.000720149
-0.000679548
1.18911e-05
0
0
0
0.00060893
0
-0.000703421
-0.000579303
0.00112863
0.000580811
0
0
0.000605715
0.00108582
0.00125133
0
0
0
0.00122151
0.00120058
-0.00124534
0
0
0.00083384
0.000990504
0
0
0
0
0
0
0.000839882
0.000808274
0
0
0
-0.000612491
0.00064214
0
0
-0.000510926
0.000632895
0.000587513
-0.000507329
0.000521954
0
-0.000519753
0
-0.000582386
-0.000563378
-0.00101115
-0.000870326
-0.000479148
-0.000476649
-0.000443262
0.00142086
0
-0.000259834
0.000307875
-0.000611423
0.000626867
0
0.000664481
0
0
-0.00118246
0
4.70672e-05
0.00102096
0.00058316
0
0
0.000570106
-0.000582699
0
0
-0.000625671
0.00055443
4.38931e-05
0
-0.000547945
0
-0.000559895
0
4.1702e-05
0
0
0
0
4.01831e-05
0.000678737
0
0
0
0
0
0
0
-0.000685389
-0.000762131
0
0
-0.00139228
-0.00209334
0.00141317
0
0.00133245
-0.00134934
0
0
0.00265077
0.00129361
-0.00127639
-0.00128864
0
0.00120451
-0.00121188
-0.00248067
-0.00122477
0.0011153
0
0
0
0
0
0
-0.00104632
0.00105031
0
0
0.000953499
0.000872676
0
0.000821586
-0.000863815
0
0
0.000775552
-0.00141049
0.00137987
0
-0.000657662
-0.00144619
0.000661662
-0.00143289
0
-0.00131155
0.00130815
-0.00122248
-0.00138775
0
0
0.00127373
0.00121879
-0.00134717
-0.00134982
0
0
0
-0.0011241
-0.0010864
0.00212894
3.66183e-05
0
0
0
0.000874881
0
2.93488e-05
0
-2.5153e-05
0.000933529
-2.26454e-05
0.000932972
0
-1.93188e-05
-0.000804918
0
-0.000723115
0
1.54781e-05
0
0
0
-0.000614511
0
-0.001464
0.000551826
-0.00116975
0
0
0
0
2.44637e-05
2.40269e-05
-0.00133233
0
0
0
0
-0.0012846
0
0
0
-0.00101031
0
0
0
0
0
0
0
0.000775222
0
0
0
0
0
-0.000744219
0
0
2.5174e-05
0
0
2.57141e-05
0.000601679
0.000590139
0
0.000645547
0.000622003
0.000525509
0.000489675
0.000558469
-0.00128058
0
-0.00199372
0
-0.0005463
0
0.0012155
-0.000653263
0
-0.000775155
0
0
0.000603702
0
-0.00074378
-0.00149935
0
0
0.000627285
-0.00123962
0.00128414
0.000722351
0.000714487
0.000637805
0
-0.000612673
0
0.000594098
0
0.00114955
0.000662996
-0.000564259
-0.000606094
0
0
-0.000775254
-0.00065245
-0.000702263
-0.000745382
0
-0.00158427
0
0
0
0.00148513
0
0.00153431
0
0
-6.97227e-05
0.00145352
-0.00295775
0.00147306
0
0
0
-0.00149522
-0.00292028
-0.00147464
0
-6.86464e-05
0
0
-0.0014033
0.001347
0.00130661
0
0
0
0
0.00124357
0.00122855
-0.00122571
0.00107395
-0.00219324
0
0
6.99199e-05
0
0.00101946
0.00100327
0.000925241
0
0
-0.000811817
0.000752807
0.000867753
0
0.000709334
0.000770504
0
-9.38789e-05
0
0.0011874
-0.00118156
-0.00130917
0.00130437
0
0
-0.00138812
0
0.00140413
0
0
0.00121617
0
0
0.00117795
-0.00109068
-0.0011351
0
0
0
-0.0010147
0
3.36552e-05
0
0.000927145
-0.00101923
-2.63549e-05
2.47533e-05
0
0.000934353
0.000856512
0
0.00140979
0
-0.000686529
-0.00142948
0
-0.00125892
0
0
0.00119433
0
0
-0.00151694
0
0.00153553
0
-0.00334348
-0.00146299
0.00281006
0
-0.001538
0
0
0.00290935
0
0
0
0
0.00122155
0
0
0
0
0
0
-0.000866076
0
0
0.00103052
0
0
0.000829133
0
-0.000794625
2.84408e-05
-0.00150506
0
-0.000739323
-0.000589548
0.00137971
0.0016207
0
-0.00139907
0
0
0.00136118
0.00270549
0
0.000899192
0
-5.76537e-05
0
-0.000798394
-0.000940376
0.000824569
-5.86236e-05
0
0
-0.000644203
-0.000819577
0
0.00214739
0
0
-0.000696785
0.000688974
-0.00142633
-0.000725676
-0.000665544
0
0
-0.000669603
0.000728136
-0.000750203
0
-0.000581129
-0.000695207
0
-4.98265e-05
-0.00070028
0
0.000818978
0
0
0.00233728
0
0.0016713
-0.00180475
0
0
-0.00160697
0
0
0
0
0.00309488
0.00172183
0.0016121
-0.00312001
0
0
0
0.00152132
0.00159607
0.00318246
0.00162797
0.0015329
-0.00159417
0
0.00150104
0.00156997
0.00151306
-0.00145474
-0.00144399
0
0
7.4795e-05
-0.00128959
0.00126286
0
0.0011874
0
0
-0.00111425
0
-0.00107166
-0.00103697
0
0
0
0.00198063
0.00190626
-0.00165954
0
0
0
-0.00185202
0.00182885
0
0
0
5.49145e-06
-2.82137e-06
0
-0.00151122
0
0
0
0
0
-0.00250566
0
0
-0.00234008
0
0.0012945
0
0
-0.0011139
0.00107665
0
3.78332e-05
0
0.00118973
0
0.00114559
-0.000936411
0
0
-0.000844939
0
-0.00160546
-0.00184255
0
0.00165833
0
0.00139043
0.00155548
0.00137214
0
0
0
0.00178015
-0.00189451
-0.00396844
0
-3.55336e-05
-0.00170474
3.44393e-05
0
0.00155705
0
0
-0.00163211
0.00151409
0
0
0
-0.00128625
0
0
0
0
0
0
0
-0.00126323
-0.00132115
-0.00106727
0
0
-0.00210679
0
0.00108443
-0.0011176
0.00163171
0
0
0
-0.00146685
-0.00361768
0
-6.39794e-05
-0.00138748
0
-0.0015175
-0.00136165
0
-0.00105534
0.00122701
0.000707854
0
0
0.00115749
6.30293e-05
0.000663475
0
0.000609459
0.000633978
0.000780165
0.0010516
-0.00119483
-0.000653073
-0.000998802
0
-0.0010711
0.000948867
0
0
0
0
0.000669529
-0.000895251
0.00090217
0
-0.00133316
0
0.00108077
0.00175089
0.000700037
0
0
0
-0.00192928
-0.00168662
0
0
0.00175882
0
0
0
0
-0.00190108
-0.00167223
0
-0.00167997
-0.0019704
0.00201199
0.00176821
0
0
0
0
0
8.29008e-05
-0.00173781
0
0.00177929
0
-0.0017882
-0.00167712
-0.00158687
0.0015284
0.0031961
0
0
8.1099e-05
0.00153186
0
0.00141696
0
0
0
0
0
0.00257269
0
-0.00246102
0
0
-0.00204792
-0.00421409
-0.00210182
0
0
0
0.0041609
0
0.00227121
0
0
0.00177715
-3.57005e-06
0
0.0017774
0
0
0.0015885
0
0.00147317
-2.9232e-05
0
0
0.00241462
0
3.96265e-05
0
0
0.00126617
0
0
0.00117707
0
-0.00106755
0.00245157
0
0.00244317
-0.00229904
0
0
0
0
0.00207369
0
0
0
0
4.70592e-05
-0.00397186
0
0.0020041
0
0
0.00198389
0.00208086
-0.00207857
0.00215623
0.00193162
3.83543e-05
0
0.00178627
0
0
-0.00190517
-0.00172666
0.00177035
0.00156623
-0.00141529
0
0
0
0
0
0
-0.00162805
0
0.00377748
0.00146019
0.0025381
0
0
0.00293068
0
0
0
-0.00193401
0
0
0
-0.00200559
-6.75374e-05
0
0.00172588
-6.99198e-05
-0.00226147
0
0
0
0.00323262
-0.0020701
0.00137359
0
-0.00230082
0
-0.00169129
0
0
-0.000823577
-0.00115195
0
-0.00144717
0
-6.50209e-05
0.00128711
0
-6.23045e-05
0
-0.0012697
0
0
-0.00285605
0
0
-0.00250638
0.00247914
0.00176732
0
0.000115713
-0.00400961
-0.00205563
0
0
0
0.00464713
0
0
0
0
-0.00243795
-0.00252018
0
0.00244799
0.00230369
0.00205551
0
0
-0.00260211
-0.00524873
0
0
0
0
-0.00233723
-0.00239272
-0.0044748
0.00228491
-0.00243721
0
0.00219438
0.00207155
0
0
0
-0.00191609
0
0
-0.00538723
-0.00534211
0
-0.00498651
-0.00331434
0
0
0.00310143
0
0.000178766
0
0.00265922
0
0
0.00263609
0.00491442
0.00226793
0
0.00241998
0.00230621
0.000138897
0
0.000105713
0
0.000951107
0
-0.00134464
0
0
0
0
-0.00121287
0
-0.00126993
-2.97035e-05
0
0.000924934
-0.00078308
0
4.14239e-05
0
-0.00213222
0
0
0
8.64676e-05
0
0
-0.0014895
0
-0.0020773
0.00179324
0
0
0
0
0
0
0
0
0.00169209
-0.00166191
0.0017574
0
-0.00136384
0
0
0
0.00132448
-4.83231e-05
0.00126283
0
4.5013e-05
0
4.21172e-05
0
0.00139086
0.00139082
0
-0.00122282
4.12241e-05
0.0014281
0
0
0.00115004
0
0
-0.00229209
0.000854795
-0.00193767
-0.00210496
0
-0.00146675
0
0
0
0.00237703
0
0.0019091
0.00136662
-0.00180358
-0.00160017
0
0.0016662
0.00161166
0.00163669
0.00158375
-7.79198e-05
0.00169108
-0.00187485
0
-0.00147618
-0.00168827
0
7.45284e-05
-0.00122578
0.00210851
0
0.00153378
-0.00144085
0.000760864
0
-7.37823e-05
0.00133242
0
0
-7.00658e-05
-0.0012732
0
0.00310056
0
0.00137387
0
0
0.00594984
0
-0.00220596
-0.000124892
-0.00439236
0
0
-0.00232584
-0.000122778
0.00431566
0
0
-0.00227418
0.000120119
-0.00211339
0
0
-0.00248047
0.00514838
0.0057038
0
-0.0024151
-0.00244837
0
0
0.00217076
-9.79195e-05
0.0026233
0
0
0.00224095
0
-9.57769e-05
0.00418496
0.00456951
9.44524e-05
0.00232888
-0.00234809
-0.00206617
0
0
0.00211502
0
0
0
0
0.00364003
-0.000180023
0
0.00345467
0.00335781
-0.0034698
0
-0.00313637
0
-0.00632902
0
0
0
0
0.000183846
-0.0025896
0
0.00261196
-0.00251588
-0.00224541
0.000143008
-0.00298791
0.000107253
0
-1.00129e-05
0.000987832
0
0
0
0
0
0
0
0.000939139
0.0018402
0
-0.000867373
0
0
0.000930749
0
0.00154134
0
-0.00132428
0
-0.00134378
0.00116736
0.00114085
0.00125844
0
0.001541
0
0
0.00137905
0
0
0
0
0
0
-0.00267739
0
0
0
0
0
-0.00109938
-0.00107319
-0.00245697
0.00108543
-0.0011091
0.00140173
-0.00126847
0
-0.0011026
0
-0.000932813
0
0
0
-0.00147157
-0.00171121
0.00130662
0
0.00118298
0
0
-9.83772e-05
0
0.00382367
0
0.00229617
0
0
0
0
-0.00216045
0
-0.0015593
0.00128362
-8.47767e-05
-8.78097e-05
0
0
0
8.67925e-05
-0.00314845
-8.67708e-05
0
0.00297075
0
0.00123929
0.00161178
0
-0.00189162
-8.20001e-05
-0.00156161
0
-0.00244996
0.00144504
-0.000695055
0
0.00102285
-0.00101205
0
0
0.00206321
-7.58025e-05
0
-0.00135064
0
0.00283734
0
0
-0.00333581
0
0.00229832
0.00214946
-0.0001361
0
0
0.00257937
0.00217474
-0.0020408
0
0.00218707
0.00233712
-0.00188166
0.0036763
0
0
0.00249388
-0.00492901
-0.00264025
0
0
0.00227347
0
0
-0.00447627
0.00435559
0
0
0
-0.00212313
0
0.0047115
-0.00401584
-0.00224155
-0.00465455
-0.00232847
0.00216778
-0.00215412
0
0
-0.00202882
-0.00395227
0
0
0
-0.00383081
0.00359651
-0.00375997
0
0
0.00340179
0
0.00346457
0
0.00679793
0.00326569
0
0
0
-0.00296304
0
0.00301318
-0.0023051
0
-0.0025685
-0.00608505
0.00321627
-0.00311041
0
-0.000708199
-1.14103e-05
0
0
0
0.000758564
0
0.000768716
0
-0.00163802
-0.000768711
0
0
0
0
-0.00142598
0
0
0
-0.000104221
0
-0.00137911
-0.00113897
0.000105339
-0.00110912
-0.00122865
-0.00230472
0
0
-0.00117121
0
0
0
0.00087274
0
0
0.00092288
0
-0.00096681
0
0
0
0.00174428
-7.23933e-05
0.00187581
0
0
-0.00100062
0
0
-0.00076244
0
0
0
0
0
0
0.000994518
-0.00198456
0.00189838
-0.00164362
0
-0.00157044
0.00320619
-0.00163468
-0.00161889
0
-0.00396983
0
0
0
0.00186593
0
-0.00167849
0
-0.00137122
0.00126493
0.00145014
0
-0.00179449
0
-0.00153463
0.00336961
0.00165487
0
9.37252e-05
0
-0.00122952
-0.00118757
0
0.000946349
0.0015919
0.00284987
0
-8.93227e-05
0
0
0
0.00100599
0
0
0
8.22695e-05
0.00187717
0
0.0029071
0.00286031
-0.00240858
0
0
0
-0.0027761
0
0
-0.000146822
-0.00242464
-0.00275958
0.000137071
-0.00221821
0
0
0.00013793
0
0
-0.0018025
0
0
-0.00269897
0.00230971
0
0
0
-0.00231311
-0.00260534
0
0.00233534
-0.00213529
0.00249681
-0.00253729
0
-0.0023003
0
-0.00210819
0.00198319
-0.00215555
0.00218845
0.00218091
0
0.00199767
0
0
0
-0.000199296
-0.00390969
0
0
0.00377472
0
0.00371498
0.00392884
-0.0038191
0
0.00372066
-0.00337996
-0.00367515
0.000184537
-0.00291115
0
0
-0.00343124
0
0
-0.0028928
0
-0.00241894
0.00255026
0.00322665
0.00362464
0
0
0.000537239
-1.64599e-05
0
0
0
2.33205e-06
0
-0.000652719
0
-2.02606e-05
0
0
-0.000591792
-0.000585084
0
0.00059249
0
0
0
0.00103809
0
-0.000100571
0
-0.000852039
0
0.000888915
-0.00010568
0
-0.00103333
-0.000965412
0
0
0
0.000100605
0
0
0
0.000868326
0.000771453
0
-0.000825098
0.000830889
-0.000783587
0.00081265
-0.000852756
0
0
0
0
0
0.00145001
0
0.000728634
0
0
-0.000784362
0
0
0.00069422
-0.00133467
0
-0.00136819
0.00124397
-0.00249564
0.00108352
0.00128354
0
0.00135871
0
0.00122284
0
-0.00120886
0
0.00116109
0
-0.0017028
-0.00148831
0
0
-0.000103662
-0.00118046
0
-0.0026558
0.00110012
0.000937511
-0.00202889
0
0.00202647
0
0
0
0
-0.00133193
0
0.00111583
0.00112032
-0.00123246
-0.00102885
-0.000999993
-0.00114804
0.00127479
0
-0.00109894
-0.00104832
-0.00124209
-0.0039322
-0.00281447
0.00276446
0.00239711
0
0
-0.00015671
0.00240942
0.00254811
-0.000153357
0.00236387
0.00194685
-0.00228723
0.00275523
0
-0.00225477
-0.00374373
0
0.00234151
0
0
0.00182089
0.00243212
-0.00246469
-0.00261533
0
0
0.00232245
0.00280501
0
0
-0.00268959
-0.00272474
0.00264437
0
0.00235441
0
0
0.00238321
-0.000101467
0
0
0
-0.00240488
0
-0.00229446
0
-0.000194335
0.00424622
0
-0.00477952
0
-0.00469344
0
-0.00458972
-0.000170576
0
-0.00436536
0
-0.000164735
-0.00418966
0
0
0.00452836
0.00774805
-0.0043249
0
-0.00367185
0
0.00203213
0.00289463
-0.00383583
-0.00430535
0
0
-0.00055176
-0.000420137
0
0
0
-0.00105202
0.000522432
0
0
0.000509923
-0.000526363
0
0.000500125
0.00102544
0
-0.000486451
0
0
0
0
-0.000471056
0.00180682
0
0.000898519
0
0
0.00165412
0.000885282
0.000777501
0.00075817
0.000879333
-0.000860161
0
-0.00133557
0
0
0
-0.000621824
-0.000729113
0
0.000653017
-0.00064492
0.000725105
0
0.000661387
0
0
-0.000659099
0
0
7.76501e-05
0
-0.000542174
0
0
0.00115126
0
0
0.000555691
0
0
0.00175497
-0.000616719
0.000923052
0.000514115
-0.0009678
-0.00113518
0
0.00112353
0.00012008
0
0
0
0
0.00114513
0.0022934
0.000839951
-0.000969635
0
-0.000108086
-0.000107827
-0.00125917
0.00102534
-0.000907384
-0.000903948
0.00199034
0
-0.000798149
0
-0.000810341
0
0
0.00109335
0
0
9.58916e-05
0.00173163
0.000857364
-0.0010452
-9.33075e-05
-0.000792838
-0.000966718
0
0.00103522
-8.74258e-05
0.00197609
0
-0.00191083
-0.00173015
0
0
0.00154317
0.000158718
-0.00196657
0.00452069
0.00197626
0
0.00215059
0
0
0.00219417
0.00169785
0
-0.00212636
0.00208847
0
0.000124555
0
-0.000120931
-0.000116617
0
0
0
0
0
0
0.00243878
-0.00274027
-0.00270809
0
0
0
0.00239262
9.93707e-05
-9.84474e-05
0
-0.00257799
0
0.00550248
0
0.00247195
0
0.00785834
0
0
0.00537461
0
-0.000155074
0.00604956
0.00543127
-0.000159116
-0.00490034
0
-0.00441069
0.00522191
0
0.00485781
0
0.000139557
-0.00436766
0.00503144
0
0.00875946
0.00508848
0.0031768
-0.00351567
0.00393386
0
0
0
0.000265159
0
0
-0.000387777
0.000387475
0.00080504
-0.000407168
-0.000419107
0
0
0.000848995
0
-0.000441913
2.23499e-05
0
0
0
0
0
0.00043367
0.000392525
-0.000769494
0.00040549
-0.000709828
0
-0.000391309
-0.000693369
-0.000686717
0.000380792
0
-0.000630868
0.000633733
0
0.00131066
0.000674562
0
0.000659523
0.000664817
-8.48412e-05
-0.000635669
0
0.000618264
-0.00115517
0
-0.00111882
0
0
0.000497685
0
0
-0.000473793
-0.000532452
0.000520529
-0.00051791
0
-0.000451098
0
0.000504715
-0.000429233
0
0
-0.000419437
0.000417562
0
-0.0004058
0
0.000836608
0
-0.00122557
-0.000808952
0
0
0
0
-0.00117552
-0.000783555
0
0.00154521
0
0.000664808
0.000685497
0.000730246
0
-0.000802652
0
-0.000719434
0
0
0
0.000643171
-0.000741481
-0.000778025
-0.000683005
0
0
-0.000551288
-0.0013188
0
0.0015385
0.000634697
0
0.000651158
0
-0.000762006
0.000771877
-0.0016023
0
0
-0.000844513
-0.000742833
0
-0.000823529
-0.00152988
0
-0.00172724
-0.000826467
0
-0.00249018
0
0
0
0
-0.00229362
0
-0.00206639
-0.00194626
-0.00195135
0
-0.000106598
0.00227295
0
0
-0.00181602
0
0
0
-0.00224533
0.00256388
0.00236159
0.00252028
0
0
-0.00199533
-0.00221822
0.00463775
0
0.00242338
0
-0.00290862
0.00257635
0
0
-0.00263836
0.00314928
0
0
0
0.00604425
-0.00950028
-0.00823833
0.00231532
0.00472145
0
0.00523874
0
0.00565065
-0.00672793
0.00390575
-0.00564553
0
0
0
-0.00425854
-0.00527134
-0.00476351
0
0.00344816
0
0
0
0
0.000145631
0
0.000648023
7.77568e-06
-0.000683278
-0.000356932
-1.05048e-05
0
0
-0.000734838
0
0.000343177
-0.00071637
0
0
0
0
0
-0.000709119
-0.000356702
0
-0.000314508
0
-0.000343913
0.00030666
0
0.000328573
3.48505e-05
0
0
0
0.000302992
-0.000526746
-0.000517985
0
-0.000500165
-0.000494308
0.000484258
0.000477167
0
-0.000461322
0.000458221
0
0.00069103
0.00024982
0
0.000488016
0
0
-0.000466494
0.000846064
6.2699e-05
0.000381296
0.000438034
0
0
5.90386e-05
0.00042609
-0.000423141
0
0
0
0
-0.00038536
0
0
0.000359583
0.000305369
0
0
0
0
0
0.000618451
0
0.000317017
-0.000517956
-0.000312237
0
0.000314502
0.000314939
0
0.000560723
0.000337658
0.000315529
0
0
0
0
0.000203499
0.000482222
0
0
0
0
0.000534443
0
7.70808e-05
0
-0.000499455
0.000531094
0
-0.000565113
0
-6.97063e-05
0.000588059
0
0.000559926
-6.68408e-05
0
0.0011219
-0.000746364
-0.000721283
0
-0.00199241
0
0.00140848
0
0
0.000511071
0.000620164
0.000835036
0.00099639
0
0.00201752
0
-0.00114117
0.00215137
0
0
0
0.000824319
0
0
0
0.00196225
0.00254637
-0.00208806
-0.00184437
0
0
0
0.00235045
-0.00400084
0
0
0
0
-0.00456726
-0.00243873
0
-0.00231716
-0.00301587
0
0.00267447
-0.00203582
0.00257992
0.00467897
0.00236777
-6.19475e-05
-0.00196805
-0.00182859
0.0026808
0
-0.00582435
0
-0.00571848
0
0
0
-0.00380062
0
0
0
0
-0.00398427
0.00238284
0
0
0
-0.000444401
-0.000233078
-0.0004408
-0.000201098
0.000399218
0.000425592
0.000710548
0
-0.000263504
0.000525298
0
0
0.000760766
0
0
0
0
0
-1.82788e-05
0.000513925
0
0
0
0.000479794
-0.000483175
0.000476278
-0.000453629
-0.000457136
0
0
0
-0.000405865
0
0
0
0
0
0
0.000410305
0
0.000389172
0
0.000377121
-0.000679331
-0.000325
0.00035527
-0.000309595
0
0
0.000301153
-0.00096411
-0.000282447
-0.000323946
-0.000936901
0
0
-0.000661487
-0.000669031
0.000684992
0
0.000683558
0.000682936
0.000655361
0.00121086
0
0
4.20712e-05
0
0.000570169
0
0
0
0
-0.000530323
0
-0.000433222
0
0.000545655
0
-0.000985107
-0.000535267
0
-0.000619788
-0.000640097
-0.000550627
0
0
-0.000567685
-0.00056716
0.000523357
0
0
0
0
0
0
0.000538296
-0.00102587
0
0.000498022
-0.00152713
0
0.000995999
0
0.0031635
-0.00133846
0.00119223
0
0.00197291
0
-0.00111947
-4.79853e-05
0.00115485
0
0.00344895
0
-0.00151891
0
0
-0.000760803
-0.000822024
0.00125147
2.89833e-05
0
0
-0.00156627
0.00131641
0
-0.00179691
0
0
0
0
-0.00231593
0
-0.00182077
-0.00177223
0.00310282
0
-0.00202351
0
0
-0.00382129
0.00267332
0
0
-0.00143764
0
0.00458475
0.00565365
-0.00294453
-4.30473e-05
0.00389623
0
-0.00800168
0.00180366
4.07767e-05
-0.00271637
-0.00371685
0.00344152
-4.65166e-05
-4.00147e-05
3.92048e-05
0
0
0
0.00217832
-0.00343509
-0.00380636
0
0.00325709
0
0
0
-0.00213508
0
-0.0046107
0
0
0.00025469
0.000258986
0.000292485
0
-0.000296573
0
0
-0.000312694
0
0.000331828
0
0
0.000342766
5.125e-06
0.000332659
0
0
0.000314616
-0.000306986
0.000586034
0
0
0.000295105
0
0
0.000562246
-0.000558447
0
0.000286375
0
-0.000562195
0.000556175
0
0
0
0
0
0
0
2.09997e-05
0
-0.000449871
0
-0.000872766
0.000864485
0
-0.000441408
-0.000460734
0
0
-1.99904e-05
0.00079495
1.96377e-05
0.000400951
0.000416709
-0.00042404
0
0
0
-0.000510945
-0.000477943
-0.000869548
-0.000845766
-0.000816325
-0.00123698
0
0
-0.000692988
0
-0.000339511
0.000362118
0.000372858
0
0
0.000751913
0
-0.000709598
0
-0.000907303
0
-2.69643e-05
0.000863685
-0.000671937
-2.68165e-05
0
-0.000836343
0
0
-2.48768e-05
0.000719704
0.000758266
0
-0.000914715
0.00109049
-0.00089991
0
-0.00113886
-0.000889386
0.000887743
0
0.00147194
0.00151006
0
0
0
-0.00267944
0
-0.00199053
0
-0.00158772
0
-0.000839629
0.00281182
0
0.000602587
-0.00243929
0
0
0
0
0
0.00185632
0
-0.00453912
-0.00225903
0
0.00245289
0
0
0.00275345
0
0
0
0
0.00193027
0.0024325
-2.2252e-05
1.80146e-05
0
0
-2.19478e-05
0
0
0
0
0
-0.00191738
0.00141021
0
1.79199e-05
-0.00398948
0.00351704
0.00558393
-0.00456247
0
0.00473339
0
-0.00243907
0
0.00434078
0
0.0032922
0.00281111
-0.00162015
0
0
-0.00374527
0
-2.75819e-05
0.00357753
0
-0.00290736
0
0
-0.00261172
0.00386485
0
7.21783e-06
0
-0.000149148
-0.000600776
0
0
0
0
-0.000376404
0
0
-0.000395252
0
0
0
-0.000401526
-0.000789442
3.32436e-06
0.000374611
0
-0.000379941
0.000382916
0
0
0
-0.000346032
0
0
0
-0.000355188
0
-0.000695527
0
0.000679462
-0.000665714
0.000337392
0
0
0
0.000300894
0.000289998
0.00030067
-0.000557272
0
0
0
0.000281342
-0.00055034
0
0
-0.000580544
0
-0.000549145
0.000531065
-0.000528769
-0.000541042
0
-0.000483683
0.000471132
0
0.000594525
0
0.000596488
0.000570473
-0.000550816
0
0
0.000534646
0.000567954
-0.000579422
0
0
-0.000505953
-0.00046871
-0.000951838
-0.000450584
0
-0.000899978
-0.000462733
0.000524253
0.000658209
0.000570198
0
0.00140658
-0.000922426
0.00113707
0.00110342
0
0.000916961
0
-0.000500169
0.000473838
0
-0.00189033
-0.000953273
0.000968547
-0.00175344
0.000831832
0
0.00121443
-0.000966525
-0.00113085
0
-0.000829067
-0.00133888
0
0
0
0.000705181
0
0.00064583
-0.00116471
0
0
0.00091956
1.27983e-05
0
-0.000567245
0.000730749
0
0.00121083
0
0.000871611
-0.0008063
-0.00286093
0
0.00427906
0.00363059
0
0
0
0
0
0.00134545
0
-0.00182777
0
0
-0.00224107
0.00302294
-0.00474988
0
0.00266511
-1.5445e-05
0
-0.00190252
0
-0.00308429
0
0.00153501
-0.00151382
0
-0.00194719
0.00319687
0
-0.00202305
0.00227427
0.00195099
0
0.00166941
0
0.00209855
0
-0.00176401
0
0
-0.00182822
0
0
0.00336442
0
0.00158105
0
0
0.00430371
0
0
0.00126861
-0.0018191
-0.000965271
0.00280295
0
-5.91823e-06
0.000204138
0
0
0
0
0.000429728
0
0.000216522
0.000448809
-0.00024232
0
0
0
0.000447348
-0.000683657
-0.000459051
0
0
0
-0.000458881
0.000442471
0
0
0
0
0
0.000421001
0
0.000429664
0
-0.000425904
0.000397981
5.7361e-06
0
0
0
-0.000825609
-0.000350031
-0.000353161
0
0
0
0
-6.14332e-06
0
0
-0.000389282
0.000744776
-0.000374135
0.000557288
0
0
0
0.000388394
0.000628531
0
0
-0.00116663
0
0
0.000845135
0.000705532
0
0
-0.000634924
-0.000673749
0.000833817
0
0
0
0.000593794
-8.42814e-06
-8.22302e-06
0
0
0.000703128
0.000781723
-0.000816742
0.000621309
0
-0.000942457
0
-0.000463765
0
-0.00057457
0
0
0.00113188
0.000514762
0
0.00108999
0.0016634
0
0.000433338
0
0.000284075
-0.00068598
0.000942968
0
0
0
0
0
0
-0.000646309
0
0
-0.000569873
0.00121041
0
-0.000973141
0
9.59313e-06
-0.00132635
-0.000863004
0
0
-0.00167629
-0.000728952
-0.000975753
0.000923105
0
-0.0014207
8.69404e-06
-0.000950238
0
0
0
0
0.00171747
-0.00157707
0
0.00152484
0
0
0
0.00119101
0.00228759
-0.00163028
-0.00251223
0.00253631
0
0.00232603
0
0.00143375
0
0
0.00150202
0
0
-0.00350667
0
0
-0.0040356
-0.00229369
0
-0.0015039
0
-0.00250791
0
0.0034051
0.00200004
0
0
0
-0.00175201
0
-0.00165297
0.00150443
0
0.00182723
-0.00140437
0
0
0.00101755
0
0.000389247
-0.00054384
0
0.000256676
0.000251393
-0.000265289
0
0
0
0
0
-0.000215917
0
-9.12381e-07
0
0
0
0
-3.83098e-07
0
0.000296647
0
0
0.000580939
-0.000512381
-0.000235601
0
0.000266783
0.000245431
-0.000229682
0.000251729
0
-0.000280169
0
0.000260721
-0.000513324
-0.000501658
0
0
0
-3.74836e-06
0
-0.000462385
0
0.000487022
-0.000489612
0
0.000546692
0
0
0.000400433
0
0.000362855
0
0.000337891
0
0
3.83172e-06
0
0
0
0.000460335
0
0
-0.000810079
-0.000326336
0
0
0.000642127
0
-0.000384655
0
0
0
-0.000306367
0.000579832
0.000897104
0
0
0
0.000440207
0
-0.000710796
0
0.0010407
0
0
-0.000555186
0.000631702
-0.000476883
0
-0.000433808
0
0
0
-0.000573962
0
0
0
-0.000340677
-3.89786e-06
0
0
0
-0.000530794
0.000685026
0
0
0.00150579
0
0
0.00130861
-0.000730259
-0.000292747
0.0020328
0
-0.000846647
0.00104604
0.000951437
0
0
0.000337039
0.000775981
0
-0.000583126
0.000859819
0.00130166
-0.00140958
0
0
0
0
0
-0.00105868
0
0
0
0
-0.000977759
0
-0.000950941
0
0.00121008
0.00116107
0
0
0
0
-3.79973e-06
0
0
-0.00087864
0
0
0.00153709
0
0.000963071
0.00194876
0
0
0
0
0
0
-0.00180737
-0.00209095
0
0
0.000571287
0.00184456
0
-6.63419e-06
0.00139415
0
-0.00162546
0
0
0
0
0
0
0
0
-0.000158393
-0.000163423
0.000307878
0
0
0
-0.00015106
-0.000307648
0
0.000259235
-7.19347e-07
0
0
0
0.000357027
0.000371146
0
-0.000297573
-0.000303816
-0.000299359
0.000327006
-0.000262728
-3.21546e-07
0.000236776
-0.000277022
4.61264e-07
0.000293059
-0.000281424
0.000298561
-1.12574e-06
-0.00028366
0.000286652
0
0
0.000299946
0
0
0.000536505
-0.000324031
0.00056015
0
-0.000611872
0.000334687
0
0
0
0
0.000159683
-0.000164713
0
-0.00016563
-0.000348082
-0.000547651
0
-0.000734478
0.000547915
0.000393852
0
0.000435131
0
0
0
0.000270738
0
0
0
0.000349798
0.000352064
0
-0.0003283
0
-0.000354067
-0.000280404
-0.000580772
0
-0.00023609
0
-0.000442312
-0.000359678
0.000589802
-0.000308282
-0.00060686
0
0
0.000502139
0
0.000237493
-0.000165436
0
0
0.000292163
0
0
0.000302518
0
0
-0.000296868
0.00148013
0
0.000348041
0
0.00052656
3.42627e-06
0.000600638
0.000866402
3.00972e-06
0
0
3.51079e-06
0
0.000500574
-0.00070573
0.000714657
-0.000341954
0
0
-0.000561118
0
0.000911967
-0.000323292
0.000617081
-1.53279e-06
1.96671e-06
-0.000635743
0.000719204
0
0
0.000587405
0
0.000483315
-0.000409843
0
0
-0.000550354
0
0.000545963
0
0.000537538
-0.000412483
0
-0.00120708
0
0
0.00130695
0
0.00121804
-0.0010813
0
0.00119358
-0.00144467
0.00126968
0
0
-0.00134808
0
0
0
0
0
0
0
0
0
0
0.000974114
-0.000603534
0.00105378
0.0010086
0.00173961
-0.00137763
0
0
0
0
0
0
0
0
0
0
0.000186581
-1.23295e-06
0
0
0.000192472
0
-5.77476e-07
0.000359493
0
-0.000358026
0.000173644
-0.000176762
0.000181082
0
-0.000391304
0
-0.000186938
0
0.000350085
0.000340833
-0.000357552
0.00032686
0.000333044
-0.000314294
0
-0.000160653
0
0
-0.000141216
-9.31912e-07
0.000276282
0
0
0
8.87385e-07
0.000287451
0
-0.00029318
0.000314195
0
0
0
-9.21728e-07
0
0
0
0
-0.00015386
0.000192659
0
-1.22919e-06
0
0.000549974
0
0.000388001
-0.000673795
-0.000455764
0
-0.000401397
0
0
0
0
0
0
0
-0.000185018
-0.000155734
-0.000191513
0.000535229
-0.000170846
0
0.000339603
0.000324935
0
0.000358054
0
0
0.000353868
-0.000335917
-2.00591e-06
0
0
-0.000365387
0
-0.000304209
0.000578583
0.000239971
-0.000176405
0
-0.000313688
0.000330575
0
-0.000244124
0
0.000335112
-1.48046e-06
-0.00120657
0
-0.000264367
0
0
-0.00118523
-0.000854515
-0.00113296
-0.000547255
0
0
-0.000704672
0
-0.000260398
0
-0.00111712
0.000866982
0.00028602
0
0.000828325
0.000368787
-0.000763426
0
-0.001678
0.00158765
-0.000870599
0.000851829
-0.00203902
0
0.000818365
-0.000804457
0
-0.00082535
0.000736354
-0.00088983
0
-8.13947e-07
0
0.000828064
0
-0.000825227
0.00139642
0
0
0
0.000800436
-0.00165805
0
0
0.00145033
0
0
0.000985542
-0.00177638
-0.000712613
0.000820974
-0.00115651
0
-0.000935457
0
0
0
0.00102725
0
0.000931969
0
0
-0.00133735
0
-0.00279349
-0.00246095
0
0
0
0
0
0
0
0.000110827
-0.000313509
0.000684396
0
0
-7.71309e-05
0.000223104
0.000132853
0
-0.000115309
0
0.000202188
0.000107484
0
0
0.000202618
0.00022587
-0.000446473
0
0.000176577
0
1.15091e-07
0
0
0.000203012
0
0.000182153
-0.000186567
0
0.000197543
-4.94402e-08
-0.000217121
0.000195981
-0.000192012
0.000570286
0
0
-0.000171032
0
-0.000399521
-0.000342367
0
0.000375874
0
0
0
0
0.000375466
0
0
0.000197539
0
0
0.000165435
0
0.000315293
0
-0.000169464
0
0
-0.000401631
0
0
0
0.000263527
0
0
0
0
0
0
-0.000334641
0.000270864
0.000346677
-0.000326285
0.000643124
0
0.000319402
0.00026055
0
0
0
-0.000294499
0
0.000281683
0.000744232
0
0
0.000692445
0.000212581
0.000579618
-0.000739713
0
0.000449021
-0.000220752
0
-0.000323451
0
0.00027815
0
-0.00071783
0.000587744
0.000779354
0
-0.00134881
0
0
0.00078562
0
0
-0.00174915
0
0.000734688
-0.000719115
0
-0.00136233
-0.000809179
0.000962295
-0.000767985
-0.000672777
0.000721225
0.00087056
-0.000717022
0
0
0.000806743
-0.000685598
0
0
0.00273272
0
-0.00150029
0
0
0.000851297
0
0.00249264
0
0.00176953
0
0
0
-0.000781569
-0.000794908
0.000916148
0
-0.000869186
-0.00153642
0
0
0
0
0.001779
0
0.00160243
-0.00156885
0.00148154
-0.00137145
0.00197618
0
0.00155811
0
0
0
1.39053e-06
0
-0.0015149
0
0
0
0
0.00312222
0.00275088
0
0.000666328
0
0
0
-0.000312025
0
-0.000570548
0.00116118
-0.00184514
0
0.00148264
0.000294602
0
-0.000346723
0.000167015
-0.000161754
0
0
-0.000168796
0
0
0
0
0.00019139
0
-0.000130986
0
0.000260742
0
-0.000158102
-0.000318433
0
-0.000321714
0.00034028
0
-0.000163372
-0.000143373
0.000383537
-0.00034012
0.000161405
-0.000334721
0
0
0.000318023
-0.000188177
0
0
0
0
0
-0.000138958
0
0
0
0
0
-0.000359627
0
0
-0.000684786
0
0
0
0.000315419
0
0
0.000607695
-0.000293479
0
0
-0.00102371
0
0
0
-0.00031137
0.000342267
0
0
0
0
0
-0.000683892
0
-0.000993567
-0.000936296
-0.00037821
0
0
0.000319569
0
0.000312352
0
-0.000360949
0.000290071
0
-0.000254089
0
0.000282085
0
-0.000590335
0.000546898
0
-0.00151054
-0.000766347
-0.000746582
0.000801149
0
-0.000714128
0
0.000615492
0.00154385
0
0
0.00081556
0
0.000858933
0.000861637
0
-0.00082886
0.00167651
0
0.00157474
0.0016938
-0.00289965
0.000891394
0
-0.0016598
-0.00282717
0
0
0
0.00251119
-0.00151476
0
0
-0.00173545
0
0
0.00080791
0.000824524
-0.000885008
0
-0.00251304
0
0
0
0
0
-3.80007e-07
-0.0032541
-0.00168608
0
0.0016244
0
0
0
0
0
-0.00302357
0
0
0.00258059
0
0.0011241
0.00145146
-0.00121503
0
-0.00113084
-0.000932849
0
-0.00222266
0
0
0.000709304
0
-0.000464632
0
-0.000884494
-0.000466268
0
-0.000420269
0
0
0.000458914
0.000868343
-0.000432602
0.000387343
-0.000718663
0
-0.000653047
0.00207631
-0.000331595
0
0.000363111
-0.000363972
0
0
0
0.000153748
0
0.000162706
0.000148406
0
0.000350797
-0.000155813
-0.000412189
0
0.000138386
0
0.000295356
-0.000147369
0.000148846
0
0
0
-0.000305073
-0.000389115
-0.000167854
0
-0.000146323
0
0
-0.000154596
0
0.000345727
0
-0.000152749
-0.000158409
0.000164533
-0.000156153
0.000305687
0
0
0.000165771
0
0.000179855
-0.000159032
0
0
0.00062905
0
0.000328064
0.000286848
0
0
0.000318227
0
0.000518015
0
-0.000273275
0.000652028
0
0
0
0.00057621
-0.000604213
0
0
0
0.000233168
0.000291807
0
0
0.000278912
0.000582583
0.000641677
0
0
0.000566059
0
0.000535946
0
0.000909268
-0.000488201
-0.000285439
-0.000420577
0
0.000470361
0
0.000949263
0
0
0.00122775
0.00120042
0
-0.00122026
0
0.0011889
0
-0.000976607
0.000584471
0
0
-0.00179656
0
-0.000651268
0.00129486
0.000601096
-0.00122138
0.000635026
0
0
0
0.00220597
-0.0013104
0.000573194
0
0.00210581
0
0
0
-0.00108557
0
0
0
0
-0.000631765
0
-0.000900074
-0.000972149
-0.0017809
0
0.00119843
0
0
-0.000617125
-0.000571176
0.00062033
0.0024927
0.00255169
0
0
0.00128573
0.0012877
0
0
0
0
0.00135979
0.00131902
0
0.00135593
0
-0.00258542
-0.00280834
0.00407189
0.00133375
0.00272253
0.00277882
0
0.00144042
0.00134978
0
-0.00262841
0.00133619
0.0039927
0
0
-0.00266176
0
-0.00133674
0
0
-0.0026704
-0.00134576
0.00398094
-0.00267376
0.00394512
-0.00132771
0.00513657
-0.00684715
0
0
0
0
0
0
0
-0.000108835
0
-0.000116742
-0.000113047
0
0
0.000108243
0.000111493
0
-0.000111864
0
0
0.000113359
-0.000115115
0
0
0
0
9.93188e-05
0.000116235
0
-0.000106445
0
0
0.000107686
0
0
0
0.000108132
0.000110782
-0.000113454
0.000105613
0
0
0
-0.000109944
0
-0.000110657
0.000103084
0
0
0
0
-0.000204256
-0.000182614
0
0
-0.00019708
0
0
0
0.000166831
0
0
0
0
0
0
0
0
0
-0.000157789
-0.0001738
0
0
0.000172493
0
0
0
0
0
0
0
0
-0.000189118
0
0.000178877
0
0
0
0
0
0
0
0
0
0
0
0
0
0
0
-0.00038583
0
0
0.000403866
0
-0.000417821
0
-0.000407992
0
-0.000411274
0
0
0
-0.000437134
0
-0.000417259
0
-0.000439794
0
0
0
0
0
0
0
0
0.000435466
0
0
0
0.000430153
0
0
0
0
0.000440379
0.000437553
-0.000439862
0
0
0
0
-0.000893441
-0.000893901
0
0
0
0
-0.000913027
-0.000916825
0
-0.000919288
0
0
0
-0.00092929
-0.000934105
0
0
0
-0.000932714
-0.000934906
0
0
-0.000951516
-0.000951203
0
0
0
0
-0.000970295
0
0
0
0.000992264
-0.000997751
0
0.00101386
0.00101314
0
0.00104397
-0.0211596
0.0195121
0
0
-0.023085
0.0186585
0.0169185
0.00765134
0
-0.000181862
0.00469326
0.00871532
0
0.00997646
0
0
0
0.00100543
0
0
0
-0.0603605
0.0457735
0.0824693
0.0124512
0
-0.000284202
0.00066407
0.00285969
-0.00121176
0.000470253
-0.00148048
0.000711865
0
0
-0.0322618
-0.0568198
0
-0.0965149
0.070797
-0.0692029
0
0.139665
0
-0.0679133
0.0574216
0.103946
-0.0948011
-0.00500175
-0.0313754
0
-0.00671921
1.2269e-05
0.00445115
-0.00283155
0.000624071
0.00505812
0.000840521
0
-0.0198535
0
0
0
0.0473643
-0.0587037
0.0645246
0
-0.00263273
0
0.124902
-0.0569117
-0.00475281
0
-0.0730602
0
0
0.00010258
0
0.00140061
0
0.0102172
0
0.0201666
0
0.015438
0
0
0
0.0362822
0
0
0
-0.0025841
0
-0.0534997
0
-0.0892343
0
0
0
0
0.00274378
0
-0.00015926
0
0
0.00262078
-0.0117978
0
-0.0101766
0.0166304
-0.0143733
0
-0.00216856
0
0.0254443
0
-0.0467219
0
0
-0.0301927
0
0
0
0
0
0
0
0.00134719
-0.000141582
0.00170505
-0.00235914
0.00703187
0
0.00752834
-0.0105668
0.000946096
0
-0.0133548
0
-0.0166467
0
0
-0.0185489
0
0.0420073
0.0226422
0
-0.0522751
0.0125722
0
0
0
-0.000956845
-0.000162799
-0.000668107
0
-0.000704731
0
0
0
0.00532398
0
-0.00824728
0
0
0
0
0.0294499
0
-0.0157394
-0.0148016
0.0208712
0.0414794
-0.0104485
-0.00333289
0
-0.0018358
0.00103197
0
-0.000346784
-0.000366319
-0.00179326
0
-0.00293147
0.00302576
0
0
0
0
0
0
0
-0.0116401
0
0
-0.00680398
-0.0137058
0
-0.00380279
0.00303295
0.00219923
0.00155845
-0.000719016
-0.000767671
0
0.000853969
0.000567972
0.00158456
0.00266066
-0.00283308
0
0
-0.0030505
-0.00282646
0.00284075
0
0.00701433
0
0
-0.00548026
0.00469743
0
0
0.00145762
0.00295573
-0.00177301
0
0
0.00143928
0
0.000374077
-0.000796347
-0.00229675
0.00117045
0
0.00135792
0
0.00281664
0.000733653
-0.000719304
0
-0.0014504
-0.00416673
0
0.00474349
0.0017835
0
0
-0.000466557
-0.00283354
0
0.00117628
0
-0.000642251
0
-0.000642588
-0.000254378
0.00103647
-0.00138996
0
-0.000664367
0
0
0.0018791
-0.00242619
0
-0.00383571
0.00385093
0.00223423
0
-0.00163887
0
0
0
0
-0.00124059
-0.00106496
0
0
0
0
-0.000229772
-0.00065929
0
0
-0.00061487
0
0
0
0
0
0
0.00143471
-0.001941
0
0
0
0
0
0
3.03658e-05
0.000998628
0.000590195
0
-0.000230102
0
-0.000329638
0
0
0
-0.000567724
0
0
0
0
-0.000276206
0.000146052
-0.00137553
0
-0.00041393
-0.00124179
0
-0.00169653
0
0
0.000751225
-0.000615174
-0.00103032
0
0.000428259
0
0
0
0
0
-0.000341498
0
-0.000533826
0
0.000181716
0.000196555
-1.49039e-05
0
0
0.000409718
-0.000840989
0
-0.000659051
-0.00268514
0
-0.000274093
0
0.000414197
0
9.39614e-05
-0.000289812
0.000392132
0
0.000105039
0
0
0
0.000579497
0
-0.000203092
0
-0.0007204
0.000846789
-0.00114482
-0.00112943
-0.000767715
0
0.00234485
0.00554805
0
0.000353097
-0.0001113
0
-0.000453511
-0.00141475
-0.00010908
-0.000249077
0
-3.34378e-05
0
0
0
0
0
0
0
-0.000453204
-0.000898732
0.0010617
0.00283242
0.00275956
0.0039803
0
-0.00286217
0
0
0.000317439
-0.000353885
0.00047059
0.000842365
0.000581934
-0.000455867
0
-0.000380726
0
0
0
0
0
-0.00183675
0
-0.000410497
-0.00164585
0
-0.00162905
0
-0.0039597
0
0
-0.000242622
0
0
0.00039333
-0.00044088
0.000569543
0.000422786
0.000603116
-0.000549305
0.000454766
0
-0.00068884
0
0
0
0.00174726
0
0.00353767
0.00156832
0.00225573
0.00220517
0
0
0
-0.00167455
0.000198298
0
0
0
0.00058821
1.59608e-05
-0.000403089
0
0.000710065
0
0.0010411
-0.000152981
0
0
0
0
0
-0.00088932
0
-0.00228166
0.000256526
0
0
0
0.00166752
0
0
0.000526766
0
0
-0.000482243
0
0
0
0
0.00011702
0.00149861
0
0
0
-0.00134604
0.00143603
-0.00132216
0
0
-0.0051605
-0.00286272
0
0
-0.00178624
0
-0.000252181
-0.000649439
-0.000517396
0
0.000406728
0
-0.000469915
0
0
-0.00208591
-0.000903197
0
0
0
0.00141206
-0.00161529
-0.0017279
0
0
0.00289883
0.00293465
0
0.00260509
-4.80039e-05
0
1.96615e-05
0
0.000601273
0
-0.000500203
0
-1.62174e-05
0
0
0.000819155
0
0
0
0.000706133
-0.00184396
0
-9.61785e-05
-0.001945
0
-0.00173484
0
0
-0.00264275
0.00181551
0
0.000576611
0
0
0
0
-0.00035458
0.000899813
0
0
0
-0.000868112
0
-0.00042671
-0.000843812
0.00226752
0
0.0026457
0.00208786
0
0.00386823
0.00178101
0
0
0
0.00018427
-0.00034764
0
0
0
0.000510764
0.000461521
-0.000665518
0
0
0.000659696
0.00117617
0
0.000408684
0.00108578
0.001393
0
-0.00158827
0
0
-0.00227857
-0.00216666
0
0.00148355
-0.000899481
-0.000356077
0
-0.000227994
0
0
-0.000645187
-0.000224656
0.000999846
0
0
-0.000688639
0
0
0.000293787
-0.000703022
-0.00130348
0
0.00144586
-0.00097978
0
0.00129666
0
0
-0.00140703
0.00123118
0
-0.000138023
0.000255016
0
0
0
9.24475e-05
0
0.000286369
0
0
-0.000302421
0
-0.000133353
-0.000859759
0.000210717
0
0
0.000601633
0
-0.000572881
0
0
0
-0.000337711
0
0.000116219
0
0
0
0
0
0
-0.000187414
0
0
0.000232965
0
-7.14168e-05
0
-0.00014089
0
0
0
0
-0.000445566
0
0
0
0
0
3.32229e-05
0
0
0
0
0
-6.5116e-05
0
-0.000272859
0.000126247
0
0
-4.26961e-05
0
-0.000230146
0
-1.95083e-06
-0.00013736
0
0
-5.9983e-05
0
0
-0.000268167
0
-1.31073e-05
0
0
0
0
-5.92431e-05
-0.000162519
0
-0.000383226
-0.000263028
0
0
-0.000414951
0
0.000475448
0.00108419
-5.60578e-05
0.000308369
0.000744907
0
0.000170235
0
0
0.000326053
0
0.000153622
-0.00048031
0
0.000316887
-0.000114073
1.1289e-05
0.000453548
0
0.000711104
0
0
0
0.00121714
0
0
-0.00146281
0.000653882
0
-0.00101062
0.00142717
0
0
0
0
0.000440204
-0.000378661
0.000405704
0
-0.000297728
0.000219158
0.000306669
0
0
-0.000981527
-0.00075484
0.000699287
0
-0.00076321
0
0.0018524
0
-0.00158296
0
0
-0.00153297
0
0
0
0
-0.000422899
0.000788478
0
0.000685785
0
-0.000505017
0
0.000629241
0
0.000738395
0.00126822
-0.000714692
0
0
0
-0.0015799
0
0.0029759
0
0
0
0
0
-0.00190597
0.00135676
0
-0.000425335
0
-0.000673721
0.000607417
1.21097e-05
-0.000517863
-0.00061429
0
0.000557242
-0.000539069
0.00118555
0
0
0
0.00122946
0
-0.00134278
0
0
0
0
0
0.00178179
-0.00138975
0
0
0
-0.000741631
1.45343e-06
1.01763e-05
0.000985222
-0.000630208
-0.00128874
-0.000550985
0
-0.00198397
0
0
0
-0.00123993
0
0
0
0.00169718
0
0
0
-0.00100369
-0.00105906
0
0
0
0.00160639
-0.000676909
0.000616158
0.000512694
0.000742185
0.00126813
0
0
0.000791268
0
-0.000754674
-0.000712573
0
0
-0.00149921
0
-0.000488677
0
0.000461254
0
0.00100542
0.00107711
0
0.00120752
0
-0.000982801
0
0
-0.00126531
0
0
-0.000941788
0
0.000558258
0
0.00021257
0.000899992
0
0
0.00177661
0
-0.00149404
-0.0001521
-0.000434498
0
0
0.00130053
0
6.57294e-05
0
0
0
-0.0013328
0.00133335
-0.0014165
0
0.000144554
0
-0.000838396
0
0.000939204
0
0
0
0.00130441
-0.00109644
0.000646827
-0.000291391
-0.00165091
0
0
-0.0023104
0.00158489
-0.00287619
0
0
0
2.72243e-05
-0.00300949
0.00146501
0
0.00121459
0
0
0
0
0
0
-0.00195264
-0.00221619
0.00192793
-0.000636649
0.000772216
0.00121436
-0.000313627
0
0.00104892
-0.00356551
0.00504495
-0.00295462
0
0.00229406
3.97806e-05
7.83928e-05
0
0
0
0
0.00106975
0
0
-0.00140336
0
0.00307948
0
0
-0.000858901
-0.00478158
-0.00206017
-0.000261191
0
0
0.00211522
-0.00393228
0.0039198
0
-0.00250885
0.00205177
0.000100146
0.00184987
0
-0.00326378
0.003814
-0.00375706
0
0
0.000646041
0
0
-0.00316972
0
0
0.00644396
-0.00141359
0
-0.000966276
0
0
0
-0.00556282
0
0.00286694
-0.00206836
0.000128773
-0.00252389
-0.00393315
0.00436368
-0.00441657
0.00660878
0
-0.00244867
0.000151666
0
0
0.00309252
-0.0062924
0
-0.00126304
0.000219209
0.000703025
0.00423405
0.000304583
0
-0.00431439
0.00688711
0
-7.12124e-05
0.00259254
0.00309657
0.00497234
0.00908457
0
0
-0.00448997
0
0.000687678
0.000542886
0.00290334
0
0.00277565
0.00453035
0
0.00290246
0
-0.000631582
-0.00273657
0.000307956
0
0.00382904
0
0
-0.000106826
0
0.00794574
-0.00657745
-0.00619361
0
0.00304392
-0.00617824
0
0.000692164
0.00138731
-0.00596656
0
-0.00364945
0.00261567
0
0.00111361
0
0
0.00384429
-0.000752839
0
0
0
0
-0.000131892
0
-0.00938712
0.00742212
0
-0.00252626
-0.0014722
0.0064405
0
0.0069288
-0.000720562
-0.0117314
0
0
-0.00762006
-0.00128734
-0.00158352
0
-0.00179413
-0.00296022
7.61252e-06
-0.00992762
0.00729623
0
-0.00583137
-0.0133192
0
0.0104574
-0.00891806
0
0.00314317
0
0.00413662
0
-0.00346648
0.00380683
0.0224282
0
0.000500122
0.0045731
-0.000466821
-0.000920701
0.00224621
0.00306278
-0.00684338
0
1.55864e-05
-0.00846529
-0.00802641
0.000139126
0.00785587
0
-0.0123634
0
0
0
-0.00479827
-0.00346926
0
-0.00529835
-0.00592921
-0.00812735
0
0.00125383
0
0
-0.000851989
0.000867945
-0.00166338
-0.000948188
-0.00104166
0.0060932
0.00800524
0.00975298
0.00970751
0
0
0
0
0
0.00435563
0.00587366
-0.00201492
0
0.00845268
0
0
0
0
0
0
-0.000812097
-0.00235003
0
0.00580367
-0.000348348
0
-0.00861271
0
0
0
0.0139165
0
-0.00880289
0
-0.00055317
0
0.000584742
0
-0.00223414
0
0
0
-0.00148455
0.000578798
0
0.0017801
-0.00450701
0
0
-0.000420254
0
0
0
0
0
-0.000413776
0
0.000473046
0.000543392
-0.000225548
0.00072776
0.000574743
0
-0.00678922
0
0
0
-0.00100922
-0.00327236
-0.00210213
-0.00656387
0.00501937
0.0101408
0.00835624
0.00267039
0.00410443
-0.00758129
0
-0.0145152
0.0127633
-0.0103632
0
0.00907823
-0.00555716
0
0.00382794
-0.00181498
0
0.021148
0.0108871
0
0.0161904
-0.000999277
0.0109321
0.00783585
-0.000890148
0
-0.0150022
-0.00858938
0.00408106
-0.00205395
0.00680457
0
0.0155805
-0.0275243
-0.00608702
0
-0.000385889
0
0
0
0.00855023
0
0.00128267
0.00123324
0
-0.0284411
0.0121659
-0.0212295
-0.00612725
0.020883
0.0140431
0
0
0.000365742
0
0
0
0.0172537
0.0153323
0.00368976
0
-0.00923614
0
0.0178601
0
-0.0340437
0
-0.0405937
-0.0384931
0
0
0
0.0394984
0
0
-0.0127747
0
0.00725069
-0.0140585
0
0.00673836
-0.0169903
-0.0193147
0
0
-0.0113979
0.00973572
0
-0.0549001
0
0.0293867
0
0
0.0531142
0.0442312
0
0
-0.0991503
-0.0145001
-0.0885855
0
0
0.000858508
0.00929789
0
-0.00461431
-0.000884117
0
-0.00865149
0
0.0310787
0
0
0.0437389
0.0509827
-0.102928
0
0
-0.179114
-0.0660755
0.0919162
0
0.082275
0.015731
0.142544
0
0
0.00253427
0
0
0.0428928
-0.0531546
0
-0.00844789
0.00641461
0
-0.0377192
0
0
0.000892105
0.155093
0
0
0.18136
0
-0.173528
0
0
0
0
0.0518274
0
0.024816
0
0
0.15419
0.262579
0
0
0.314633
-0.112744
-0.000971793
0
0
0.000986243
0.0604145
0
0
0
0.0123142
0
-0.012799
0
0
-0.486953
0.00294035
0
0
0.0549903
0
-0.107612
0
0
0.160596
-0.152391
0.000176373
-0.130933
0
-0.11433
0.105355
-0.196407
0
0
0
-0.123024
0
-0.00025044
0
0
-0.0738002
0.000326358
0
-0.0533832
-0.0397073
)
;

boundaryField
{
    inlet
    {
        type            calculated;
        value           uniform 0;
    }
    outlet
    {
        type            calculated;
        value           nonuniform List<scalar> 
57
(
4.05916e-17
-2.1806e-17
0
0
0
5.47312e-18
-4.73229e-18
-4.22113e-18
1.9246e-18
1.7942e-18
0
0
0
1.51127e-18
-2.94381e-18
1.4409e-18
0
6.96147e-19
-6.89292e-19
6.79495e-19
-3.51773e-21
-6.71943e-19
0
3.29854e-19
-4.95561e-19
1.65248e-19
0
1.8026e-19
-1.90344e-19
0
0
-7.61513e-19
7.81953e-19
7.86253e-19
-8.14145e-19
-1.66293e-18
3.47261e-18
-1.82512e-18
0
0
2.27623e-18
2.54896e-20
-8.15749e-18
5.80518e-18
0
6.97815e-18
1.06408e-19
1.1232e-19
-9.48013e-18
-1.09429e-17
-1.2952e-19
2.95758e-17
-1.7543e-17
0
0
-3.86432e-17
6.99966e-17
)
;
    }
    upperWall
    {
        type            calculated;
        value           uniform 0;
    }
    lowerWall
    {
        type            calculated;
        value           uniform 0;
    }
    frontAndBack
    {
        type            empty;
    }
}


// ************************************************************************* //
