/*--------------------------------*- C++ -*----------------------------------*\
  =========                 |
  \\      /  F ield         | OpenFOAM: The Open Source CFD Toolbox
   \\    /   O peration     | Website:  https://openfoam.org
    \\  /    A nd           | Version:  8
     \\/     M anipulation  |
\*---------------------------------------------------------------------------*/
FoamFile
{
    version     2.0;
    format      ascii;
    class       volScalarField;
    location    "200";
    object      wpod_0;
}
// * * * * * * * * * * * * * * * * * * * * * * * * * * * * * * * * * * * * * //

dimensions      [0 1 -1 0 0 0 0];

internalField   nonuniform List<scalar> 
12225
(
-9.81479e-20
5.32338e-19
-3.10641e-20
-4.05832e-20
2.12866e-19
1.44664e-20
3.56423e-21
9.35124e-20
4.58798e-20
-2.61998e-21
-3.40955e-20
3.04659e-20
4.56068e-20
-1.41926e-20
3.72781e-20
3.64888e-20
-1.48985e-20
-2.30128e-20
-2.15085e-20
-3.6082e-21
1.25921e-20
1.06652e-20
1.36007e-20
-8.61737e-21
4.15498e-21
2.79324e-22
9.28931e-21
-5.82689e-21
1.05425e-21
-1.24861e-21
1.51602e-21
-4.18945e-21
-8.89162e-21
-1.09145e-20
-7.92221e-21
3.47594e-21
-9.95583e-22
2.07567e-21
7.5448e-21
5.41277e-21
-1.73437e-21
-8.52609e-21
6.14938e-21
-9.12597e-21
-1.258e-21
4.53532e-21
2.61439e-21
-6.40865e-21
-1.17085e-21
4.41824e-21
-7.53873e-21
4.94706e-21
4.55573e-21
1.3849e-21
-2.34761e-21
1.94867e-22
-3.03752e-21
-3.06589e-22
-1.16173e-21
-1.53238e-21
-3.6526e-22
3.71684e-21
5.3655e-22
-5.49357e-22
-3.03681e-21
1.4323e-21
-3.17119e-21
-1.66405e-21
2.79543e-21
-1.42267e-21
9.72962e-22
-1.55753e-21
3.51423e-21
1.76365e-21
7.71655e-22
-3.75498e-22
-9.24409e-22
-7.97835e-22
-3.7842e-22
3.09307e-22
-5.27265e-22
-4.13738e-22
2.19543e-22
-1.82911e-22
-7.03043e-22
-2.36625e-22
4.47121e-22
1.7105e-22
-7.06514e-23
-6.05362e-23
-1.26435e-22
8.93799e-23
6.78894e-23
3.72345e-23
1.42787e-23
-5.64417e-23
-3.38799e-24
-9.36556e-23
-4.01703e-23
1.27877e-23
1.21925e-23
9.22463e-24
5.27577e-24
0
0
0
0
0
0
0
0
0
0
0
0
0
0
0
0
0
0
0
0
0
0
0
0
0
0
0
0
0
0
0
0
0
0
0
0
0
0
0
0
0
0
0
0
0
0
0
0
0
0
0
0
0
0
0
0
0
0
0
0
0
0
0
0
0
0
0
0
0
0
0
0
0
0
0
0
0
0
0
0
0
0
0
0
0
0
0
0
0
0
0
0
0
0
0
0
0
0
0
0
0
0
0
0
0
0
0
0
0
0
0
0
0
0
0
0
0
0
0
0
0
0
0
0
0
0
0
0
0
0
0
0
0
0
0
0
0
0
0
0
0
0
0
0
0
0
0
0
0
0
0
0
0
0
0
0
0
0
0
0
0
0
0
0
0
0
0
0
0
0
0
0
0
0
0
0
0
0
0
0
0
0
0
0
0
0
0
0
0
0
0
0
0
0
0
0
0
0
0
0
0
0
0
0
0
0
0
0
0
0
0
0
0
0
0
0
0
0
0
0
0
0
0
0
0
0
0
0
0
0
0
0
0
0
0
0
0
0
0
0
0
0
0
0
0
0
0
0
0
0
0
0
0
0
0
0
0
0
0
0
0
0
0
0
0
0
0
0
0
0
0
0
0
0
0
0
0
0
0
0
0
0
0
0
0
0
0
0
0
0
0
0
0
0
0
0
0
0
0
0
0
0
0
0
0
0
0
0
0
0
0
0
0
0
0
0
0
0
0
0
0
0
0
0
0
0
0
0
0
0
0
0
0
0
0
0
0
0
0
0
0
0
0
0
0
0
0
0
0
0
0
0
0
0
0
0
0
0
0
0
0
0
0
0
0
0
0
0
0
0
0
0
0
0
0
0
0
0
0
0
0
0
0
0
0
0
0
0
0
0
0
0
0
0
0
0
0
0
0
0
0
0
0
0
0
0
0
0
0
0
0
0
0
0
0
0
0
0
0
0
0
0
0
0
0
0
0
0
0
0
0
0
0
0
0
0
0
-0.000344551
0.00050972
0
0
0
-0.00031637
0
0
0
0
0.000209823
0
0
0
0
0.00015473
0
0
0
0
0
0
0
0.000108837
-0.000104938
0.000101359
9.79262e-05
0
0
-8.88441e-05
-8.61966e-05
0
0
-7.92477e-05
0
0
7.34711e-05
0
7.01738e-05
0.000137318
0
0
0
0
0
0.000121909
0.000119762
0.000117676
0
-0.000113756
0
0.000110186
0.000108493
0
0
0
0.000102326
0
0
0
0
0
0
0
0
-9.11477e-05
0
0
8.79902e-05
8.71367e-05
0
-8.52093e-05
8.41641e-05
0
-8.26783e-05
0
0
7.98516e-05
0
-7.82396e-05
0
7.68852e-05
7.61044e-05
7.54357e-05
0.000149102
-0.000148223
0
0
0
-0.000142381
-0.00014155
0.000140327
0
-0.000137926
-0.00013681
-0.000136054
0
0
0
-0.000131332
0
0
0.000127428
0
0
0.000124073
0
0
-0.000121365
-0.000120955
0
0.000118335
0
-0.000117376
0
-0.000115849
-0.000114262
0
0
0
0
0
0
0
-0.000106983
0.000106439
0
0
0
0
0.000203817
0
-0.000200542
0.000195405
0
0
0
-0.000185695
-0.000184268
0
-0.000182827
-0.000181771
0.00018214
0
0
0.000176843
0
0
0
0
-0.000163153
-0.000160816
0
-0.000161566
0
0
-0.000151115
0
-0.000153928
0
0
-0.000143535
0
-0.000139834
0
0
0
0.000134918
0
-0.000127244
0
0
0
0
0
0
0
0.00022556
0
0
0.000940753
-0.0010659
0
0.000478088
0
0.00019094
-0.000355272
-0.000335229
0
-0.000304743
-0.000145411
0
0
0
0
-0.000120253
0
0.000227323
0
0
-0.000207876
0
0.000196341
-9.48733e-05
9.16199e-05
-8.84629e-05
-8.55425e-05
0
0
7.68874e-05
-7.45207e-05
0
0
6.83742e-05
0
0
-6.39023e-05
0
6.14911e-05
-0.000120587
0
0
-0.000228711
-0.000225022
-0.000220926
0.000109103
-0.000107494
-0.000317263
0.000208934
0.00010283
0
-9.98781e-05
9.86559e-05
0
0
0
-9.47446e-05
0
0.00018433
0
0.000180422
0
-0.000176678
0
0.000173998
-8.61853e-05
0
-0.000169386
-8.43719e-05
-8.35908e-05
0
-8.22741e-05
-8.1299e-05
0
8.02096e-05
-0.000158822
0
-7.79587e-05
0
0.000228985
0
-0.000227744
-7.52185e-05
7.48766e-05
0.000147971
-0.000146986
0
0
0
0.000426216
0.000141707
-0.000142286
0
-0.000139002
0.000139105
0.000139243
0
0
0
0.000134346
0
-0.00026353
-0.00038788
0.000260645
0
0.00012544
0
0.00024782
-0.000122223
-0.000124255
0
-0.000358886
0.000242189
0.000123111
0
0.00012049
0.000354516
0
0.000237787
0.000227451
0.000224923
0
0
0
-0.000112753
-0.000114541
0
-0.000212324
-0.000216397
0
-0.000220598
-0.000421258
0.000212704
0.00020348
0
0
0
0.000187247
-0.000184381
-0.000366245
0.000190247
-0.000196698
-0.000198973
0
0
0.000193191
0
0
-0.000353457
0
-0.000170477
0.000163786
0
-0.00017572
0
0
0.000155447
-0.000320971
0.000166772
0
0
-0.000149252
0
-0.000144774
0
0
0
-0.000141788
0
0.000130641
0
0
-0.000258402
0.000270332
0
0
0
-0.000686735
0
0.000505355
9.67377e-07
0.00107033
0
-0.000614162
0
0
-3.19167e-07
0.000191363
0.000183259
0.00017488
0
0
-0.000161805
-0.00032053
0.000316203
0
0.000301468
-0.000146095
0
0.000286926
0.000141488
-0.000277218
-0.000136519
0
0.000260346
0.00025221
0
0.00023814
0
0.000225918
0.000109621
0
0
0
0
0
0
0.000197944
-0.000293427
0
0
0
-1.2511e-07
0.000183623
0.00036067
-0.000357996
-0.000177338
0.000173978
9.18041e-08
0.00016929
0
0.000164204
7.3685e-08
0
0
-0.000161915
0
0
0.000155677
0.000310463
-0.000153606
0
0.000151149
0
0.00014877
0.000146854
-0.000293532
-0.000145664
0
0.000287912
0
0.000431923
0.000285385
0.000280706
-0.000277109
0.000414302
0
0
-0.000270373
-0.000399652
0
0.000132539
0
-0.000398296
1.85447e-08
-1.61664e-08
0.00025952
0
-0.000254365
1.40421e-08
0
0
0
0.000247118
0
0
0
0
0
0.000241976
0
0.000233518
0.000229849
-0.000232176
0
-0.000225385
0
-0.000223006
0.000219406
0.000667714
0
0.000648375
0.000215428
0
0.000434888
0.000431045
-0.000641948
0
-0.000209006
-0.000203115
-0.000619934
0
0
0
-0.00019945
0
0
0.000194079
0.000193626
0
0
0.000381895
0
-0.000367588
-0.000374526
0
0
0.00035187
1.28228e-08
3.88728e-09
0
0.000711577
0
0
0
-0.000345033
0
0.00064371
0.00031509
0
0.000316602
0
0
0.000936766
-0.000599013
0
-0.000567455
0.000286053
0
0
0
0.000820038
0
0.000263947
0
0
0
0
0
0
0.000502689
0
0.000239756
-0.000728195
0
0
0.00046727
0.000413853
-0.000438378
-0.000448622
-0.00143191
-0.0013864
-0.000675158
-0.000260501
0
0.000354455
-0.000158305
0
-0.000139114
0
0.000258878
0
0.000124107
0.000244564
-0.000242759
0
-0.000234801
0
0
-0.00022308
0
-3.40983e-07
0
0
3.00646e-07
-0.000205856
-0.000201796
-0.00019761
0
-0.000383827
0
-0.000186341
0
0
0.000182267
0
-0.000176975
1.68794e-07
0.000349299
-0.000346934
0
0
-0.000168376
0
-0.000165043
0.000163508
0.000162185
0
-0.000159509
-0.000158009
0.00031282
-0.000154804
-0.000153692
0
0
0.000150793
0
0
-0.000294478
-0.000292613
0
0
0
0
-0.000282144
0.000279771
0.000278759
0.000553268
0
5.8174e-08
0
-0.000270222
4.39392e-08
-0.000266381
0.000264271
3.62965e-08
0
0.000259607
0.000257543
0.000511067
0
-0.000252651
0
0.000500421
-0.000249027
0.000246659
-0.000246318
-0.000490011
0.000242343
-0.000241595
0
0.00047756
0
0.000470092
-0.00046868
-0.000467882
0.000462781
0.000460927
0
0.000228762
0
0
0.000445108
0
0
0.000437089
0
0
0
-0.000853277
0
-0.000838604
-0.00041608
-0.000417822
-1.51143e-08
-0.000410901
0.000819755
0.00040514
0
0.000395592
0.00079282
0
0
0
1.35971e-08
0
0
0
0
-0.000744276
0
0.000732146
0
0.00071241
0.000355771
-0.000700503
0.000692931
0.000343802
-0.000339291
0.000335588
0
0.000335729
0
0
0
0.000643241
0
-1.05458e-07
0
0
0.000610761
0
0
-0.000588925
1.10352e-07
0
0.000559476
0.000553991
0
0
-0.000537711
-1.10781e-07
0
-0.000512979
0
0
0
0.000485393
0
0
-0.000483662
0
0
0.000917614
0
0
-0.000432901
-0.000815292
0.000413542
0
0.000854962
0.000823655
0.000609766
0.000472885
0
-0.000648624
-7.7455e-07
0
0
0
-0.000240159
0
0
0
0
0
0.000217964
0.000213909
0
0
-0.000205239
0.000405205
0
0.000197612
-0.000194263
0
0.000564451
-0.00037217
0.000368274
0.000181921
0
0.000537953
0
0
-0.000174641
0.000346596
0.000514127
-0.000509371
-0.000168359
0.000334139
0
0
-3.01695e-07
0
-0.00032078
-0.000318125
-0.000315885
0
0.000311119
0
-0.000613016
0
0.00030212
0
-0.000297646
0
0
0
0
0
0
0
-0.000281956
0
0
-0.00027612
0
-0.000272513
-0.000270803
-0.000269124
0
0
-0.000263948
0.000524772
0
-0.000775499
0
-0.000255869
0
-0.000252756
-0.000501204
0.00024925
0
-0.000246516
0.00048939
0
0
0.000482114
0
-0.000476258
0
-0.000469191
0
-0.000927857
0.000462284
0.000920198
-0.000457382
-0.000454129
0
-1.10945e-08
0
0.000443501
-0.000440937
0
0
-0.000432375
0.000429959
0
0
0.000421124
0
0.000415672
0
0.000410783
-0.000406768
0.000810308
-0.000403278
-0.000399114
0
-0.000392515
-0.000389836
0
0
-0.00076664
0.000381732
-0.000754648
0
0
0
0.00145675
0
-0.000718349
0
-0.000702795
0
0.000692288
-0.00068438
-0.000677328
0.000671334
0
0
-6.4627e-08
0
0
0
-0.000624261
0
-0.000610987
0
-0.000599307
-0.00059585
0.000588015
0
-0.000572344
0.000566712
0
0.000552747
-0.00109242
0
-0.00105997
0.000525222
-0.000518686
0
0.000502868
0
0
0
-0.000475523
0
0
0
0
0
-0.000440989
0
-0.000830977
0
0.000807917
0.000795089
0
0
-0.000744319
0
0
0
-9.94623e-07
-8.85662e-07
-0.000261236
0
0
0
0
0
-0.000440063
0
0.000428421
-0.000210887
-0.000208046
0
0
0.000199897
-0.000197346
0
-0.000191781
0.00037789
0
-0.00036519
0.000362129
-0.000358762
0
0
-0.000350812
0
0
0.00034358
-0.000682463
-0.000337707
0.000669512
-0.000331712
0
0
0
0.000321777
0
0.000316685
0.000314146
0.000311762
0.000309685
-0.000307357
0
0.000303209
0
2.06053e-07
0
0.000589851
0
-0.000291266
0
0
-0.000570769
0
0
0.000279746
0
0
-0.000548887
0
0.000541255
0.000269104
0
-0.00053264
0
0.000524261
-0.00104241
0
0.000515113
0
0
0.000506851
0
0.000500556
-0.00049676
0
0
-0.000487944
0.000485121
0.000482639
0.000481684
0
0.000475508
0.000470421
0
0
0.000464504
0
-0.000457887
0
0.000452947
0
-1.34911e-08
0
-0.000441557
0
0
0
0
-0.000429553
0
0
-0.000843194
0
0
0
-0.000816415
0
-0.000804205
0
0.000797792
-0.000790225
0
0.000776813
0
0
0.00152473
-0.000760426
0.000748812
0
0
0
-0.00144263
0
0.000710839
0
0
0
0
0.000683074
0
-0.000670699
0.000660304
0.000653471
-0.000647133
0
0
0
0
0
0
0
0.000595885
0
-0.00058428
0
0.00170132
0
-0.00110779
-0.000549297
0.000543366
0
0.00105571
0
0.00102531
0
0
0
0
0
-0.000944549
-0.000927005
0
0
0
0
0.000863151
0
0.00165437
-0.000814981
-0.000803054
-0.000784852
-0.000765272
0
0.000664211
0
0.000837664
0.000695664
-0.000302296
-0.000272902
-0.000254554
-0.000481764
0
0
0.000442916
0
0.000853898
0
-0.000417134
0
0
0.000400996
0
0.000391757
0
0
0
9.09403e-07
0
0
0
0
0
0
-0.000345691
0
0.000339785
5.85925e-07
0.000334511
0
-0.000329257
0.000325603
0
0
0
0
0
0
-0.000311002
0.00030908
-0.000306599
0.000609686
0
-0.000601434
0.000597451
0.00029694
0
-0.00029253
0
0.000289111
0
0
0.000566464
0
-0.000560504
0
0
0
0.00109211
0.000542571
-0.00053984
-0.000536966
0
0.000530692
0
-0.000522044
-1.11045e-07
0
0
-0.000510857
0
-0.00050494
0
0.000500131
0.000495613
0
0
0
-0.00048334
-0.000480797
-0.000480597
0
0
-0.000470925
-0.000468086
0
0
0
0.000911709
0
-0.000451144
0
0.000445774
0
-0.000881698
-0.000874443
0.000868233
0
0
-0.000857997
0
-0.000848707
3.13895e-08
0.00083745
0
0
0.000817391
0
0
0.00080175
-0.000797085
0.00157965
0
-0.000776754
0
0
-0.00152265
0.000759834
0
0
0
0
0.00071716
-0.00071397
-0.000706357
0
0
0
-0.000691824
-0.00136872
0
0.00200625
-0.000656929
-0.000651104
0
0.00127649
0
0
0
0
0.00120906
0
0
0
0
0
-3.17596e-07
-0.00111222
0.00110203
-0.00109582
0
0.00106728
0
-0.00103101
-0.0010196
0
0
-0.000979163
-0.000964939
-0.000956253
2.57222e-07
0.000918084
0
0
0
-0.000867123
-0.000854557
0
-0.00164167
-7.68344e-08
-1.96394e-07
0.000782275
0.00151684
0.00125959
0
0
-0.00154335
-0.000646969
-2.43275e-06
0.000515984
-2.04993e-06
0.000462702
0
0
-0.000426884
0
-0.000412397
0
0
0
0
-0.000391758
0
-0.00038074
0
0
-0.000366887
-0.000360172
-0.000355567
-0.000352825
0
-0.000348046
-0.000343893
-0.000341282
0.000338159
0
-0.000332518
6.57268e-07
0.000329554
0.00032755
0
-0.000321236
0
0
0.000631862
0.000628206
0
0
0.000923109
-0.000918033
0
6.48851e-07
0
0.0005955
-0.000591935
-0.000587823
0
0
0
0.00057455
0
-0.000566801
0
0
0.000556588
0
0
0
-0.00108545
-0.000539222
0
-1.84382e-07
0
-0.000527305
0.000523623
-0.00052041
0.000517639
0
-0.000510637
-9.31158e-08
0
0
-0.000502476
-0.000499629
-0.000496999
-0.000492821
0.000489141
0
0
0
0
0.000953382
0
0
0.00140276
0
-0.000919531
0
-0.000910612
0
-0.000903028
0
-0.000888647
0
0.000879744
0.00175032
-0.000869165
0
0.0008619
0.000858839
0
0.000850205
0.000841362
-0.000836486
0.000828403
-0.000825865
-0.000816245
0
0
-8.06882e-08
0
-0.000789083
-0.00078572
0
0
-0.000761005
0.000759576
0
0
0
-0.000735193
-0.000729717
0
0.000717664
0
0
0
0
0.000691218
0.000685251
0.00134938
-0.0013365
-0.00131793
-0.0013032
0
-0.00254975
0
0
0
0
-0.00120174
0
0
0.00116437
0
0
-3.63234e-07
0.00222407
0.00110183
0.00109433
-0.00108372
-0.00213117
0.00105093
3.63949e-07
0
0
0
0.000976741
0.000961102
0.000949876
3.15136e-07
0
0
0
0
0.00086163
0
0
0.000821956
0.000804955
0.000799503
-0.000778367
-0.000756626
-0.00112959
-0.00103616
0
0.00068973
0
-2.62432e-06
0.000492614
0.000462362
0
0.000431719
0
0
0
0.000395871
0
0
-0.000385895
0
0
0.000373707
0
0.000366043
0
0.000708177
-0.00034995
-1.07699e-06
-1.03125e-06
0.000340618
0.000338292
0.000672774
-8.69777e-07
0
0
0.000655202
-0.000325102
-0.000323702
-0.000322364
0
0.000951089
-0.000632646
-0.000628996
-0.000624134
-0.000620214
0
0.000612156
-0.00121596
0.000604626
0.000601544
-0.00119524
0
0
0
0
0.000579739
0
0
-0.000569478
0
0.00112584
0
-0.000556557
0
0
0
0
0.000540034
0
0.000533342
-1.9923e-07
0
0.000525
-0.00052197
0.000518731
0
0
0.00101691
0.000505746
0
0
0.00149862
0
0.00148535
0.000491329
-0.000488187
-0.000973613
0
0
0
2.83268e-08
0.000945148
0
5.55669e-09
0
0.000920602
0.000913836
-0.000908174
0
0.00089995
0
-0.000887915
0
-0.000879243
-0.000874474
0.000869989
0
-0.00172493
0
0
0
0
0
-0.000831603
0.000826407
0.000815833
0
0
-9.18549e-08
0
-0.000788787
0.00156829
0
-0.00153888
0.00227647
0
0.00151048
0
0
0.000734909
0.00073033
-0.00143606
-0.00143113
0
0
0
0
0
0
-0.00268522
0
3.38643e-07
0.00130511
-0.0012851
0.00127138
0
0
0
0
-0.00119803
0
-0.00117147
-0.00232088
0.00114492
0
-0.00112501
-0.0011097
-0.00110519
-0.00109438
0.00108079
0.00106198
-0.00105044
0.00207024
0
0
0.000988961
-0.000971942
0
-0.00188691
0.000932938
0
0
0
-0.00174141
-0.00171724
0
0
0
-0.00160503
-0.00158755
0.00154313
0
0
0.000913016
0
0.000639988
0
0.000494808
-0.000461695
0.00044362
0
-0.000415716
0
0
0
-0.000383443
0.000382091
0
0.00074792
-0.000371374
0
-0.000361487
0
-0.000349498
-0.000345631
-0.000681587
0.000677207
0.000335884
0.00100182
-0.000331342
0.000662725
-0.000987117
0.00032652
0
0.000650354
-0.000642866
-0.000641312
0
0
0.000630833
-0.00062517
0.0012483
0.00124129
0
0
0
9.57788e-07
-9.0796e-07
-0.000598599
-0.000594173
0.00118252
0
0
0
0.000578444
5.80719e-07
0
0
0
0
4.28375e-07
0
0.00110438
0
0
0
0
0
-0.000534485
-0.00106154
0.000528363
0
0.00104746
-0.00104031
0
0.00102793
-0.00102464
-0.00152192
0
0
0
-0.000994462
-0.000987915
-0.00196461
0
0.000970415
-7.34435e-08
0.000962646
0.00095598
0
-0.00190012
-0.0018886
0
-0.000928615
0
0
-0.000914167
3.06041e-08
0.000908047
0
0
0.0017783
0
5.50408e-08
0
-0.000868716
0
0.000861025
0
0
0.000845761
0
0
0
-0.000824347
-0.000813622
0
-0.00160885
-0.000798917
0.00158135
0.000788153
0.00078288
-0.00155323
2.37439e-07
-0.00152052
-0.00151509
-0.00300019
0.00148748
0
0.00146855
0.0014512
0.0014312
2.74071e-07
0
0
0
0
0
0
0.00266675
0
0.00262908
0
0.00255674
0
-0.00125365
0
0.00122777
0
0.00239671
0
0.00117107
4.55597e-07
-0.00228296
0
0
0
0
0.00108862
0
0
0
-0.00309829
-0.00202759
0
-0.000985483
0.000966122
0.00190496
0.00187822
0.00185597
0.00181498
-0.00180317
0
7.26689e-07
0.00342246
0
0
0
8.4731e-08
-1.3634e-07
-0.0015371
0
0.000932272
-0.000822354
0
-0.000602623
0
-0.000475554
0
-0.000425341
0
0.000404324
0
0
0
-0.000375193
-0.000368538
0
-0.000358652
0.000353869
0
0
0
0
0.000334707
0.000331438
-0.000328354
0
-0.000646331
0.000650881
-0.0013006
0.000646459
0
0
-0.000637809
0
0.00063071
-0.000629425
0
-0.00124183
0
-0.000615061
-0.000611814
0.000610123
0
0
-0.000597251
-9.69746e-07
0.000590408
-0.000588266
8.23076e-07
0
0
-0.000576036
-0.000572477
-0.000569445
-0.00056683
0
0
0
-0.000554561
0
4.00046e-07
-0.000546893
0.000543684
0
-0.0010751
0.00106872
0.00159584
0.00158695
0
0
-0.00104251
0.00103608
0
-0.00102432
0.00101887
0.00101142
0
0
0.000999172
0
0.000983908
0.000977407
0.000973796
-0.000968055
0.000961451
-0.000954862
-0.00189787
0
0.00094481
0.000942034
0
0
0
-0.000917426
0
0.000909456
-0.000907618
0
0
-0.000888584
0
0.00175493
0
0
0
0.000860392
0
0
-0.00253364
0
0
0
0.00246711
0.000814744
0
0.00161506
0.00160166
-0.00317063
0.00157477
-0.00156305
2.79934e-07
0.00154739
0
0.00151768
0.00149983
-0.00148956
0
-2.86733e-07
-0.00289785
0
0.00142714
0
0
0
0
0
0
-0.00132353
0
-0.00131157
0.00129701
-0.00127856
0
0.0012528
0
-4.85271e-07
0
-4.8313e-07
0
0
0.0011598
0.00114337
0
-0.00224082
0
0
0
0
-0.0021097
0
0.00205032
9.92057e-07
0.00200354
0
0
-0.00190031
-0.00186665
-0.00184731
-8.75779e-07
0.00178992
0
0.00173499
-0.00341335
0
0
-0.00163273
0.00317625
-2.40503e-08
0
0
-0.00085098
0.000741801
-0.00063012
0
0
-3.19362e-06
0
0
0
2.69492e-06
0
0
0
0.000360402
0.00071557
0
0
0
0.000695877
0.000691604
-0.000683307
-0.000672981
0
0
0
0
0
2.50331e-06
0.000637668
0
0
0
0
0
0
0.000619257
0
0.000614584
0
0
0
-0.000602183
0
0
0
-1.02659e-06
0
0.00116532
-0.000578764
0
0
0.000570352
-0.000568256
0
0.000561813
0.000559432
0
0
0
0
-0.000546325
0.000543377
-0.000540181
0.00107541
0.00213629
-0.0010612
-0.00105755
-0.00105201
0
0
0
0
0.00102681
0
0
0
-0.00100544
0
1.79251e-07
0
-0.000985456
0
-0.000973115
0
0
0
0.000953013
0
0
0.000939138
0.000932733
0.000927928
0
3.04947e-08
0
-0.000908461
0
0
0.000892925
0
0
-0.000874946
-0.000871416
0
0
-0.00086004
0.00171068
0
0.00168839
0
0
0.00164956
-0.00164491
-0.00163337
0
0
-0.0016026
0.0015885
-0.00157413
0.00156098
0.00155416
0.00154562
0.00152109
0
-0.00150019
-0.00148843
0
-0.00146508
3.31258e-07
-0.00143723
0
0
0
0
0
0
0.00134426
0
0.00131037
0
-0.00129466
0
0
0.00125229
0
-0.0024566
0
-0.00119627
0
0
0
0
0
0.00446131
-0.00219059
-0.00217788
0
0.00213656
0.00211062
0
0
1.07142e-06
-0.0019939
0
-0.00191274
0
0.00185111
0
-0.00358959
0
-0.00175217
0
0.00170074
0
0
0.00162629
-0.00158393
8.72568e-08
0.00153073
0
0
0
0.000537344
0
0
0.000414611
0
0.000388485
0
0.000371163
0
0
0
0
-0.000692219
0.000688565
0
0
-0.000670386
-0.000668676
-3.69523e-06
0.000657418
0
0
0
0
0
-0.00125943
0
0
0
0
0.000619117
0.000617079
0
0
0.000608797
0
0
-0.000598894
0
0
0
0
0
-1.07612e-06
-0.00057936
-0.000575073
0
-0.000570139
0
0
0.000562231
-0.00112034
0
-0.00055458
0
0
0
0
0
0
0.00107381
-0.00106819
-0.00106211
-0.00105484
0.00104918
0
0
0
0
-0.00102521
-0.00102034
0.00101356
-0.00101156
0
0.002004
0
-0.000990449
-0.000987603
0.0019663
0
0
0.000962217
-0.000961329
0.00095793
-0.000955536
0
0
-1.06369e-08
-0.000932791
-3.12574e-08
0
3.80446e-08
0.000908621
5.84197e-08
0
0
-0.000893076
0
0
-0.00175016
-0.000871582
0
0
0
-0.00171206
0
0
0
0
-0.00330146
0.00164254
2.7693e-07
-0.0016241
0
0.00159453
0
-0.00157209
-0.00155914
0
-0.00154318
-0.00303657
0
0.00149798
0.00297225
0
0
0.00289543
3.69087e-07
0
0
0
0.0013837
0
0
-0.00268277
-0.00132453
-0.00131201
0
0
0.00128185
0
0.00124738
0
0.00122479
0
0.00238139
0.0023525
-0.00231664
0
0
0
-0.00222062
1.13349e-06
0.00217394
0
-0.00212696
0
0
0
0.00200472
0
0.00195575
0.00190649
0
-0.00184277
0.00183123
1.03323e-06
0.00176537
1.00783e-06
0
-0.00169422
0
0
0
0.00158879
2.08543e-07
-0.00305946
0
-0.000702136
-0.00058258
0
0
0
0
0
-0.000375331
0
6.35396e-06
-0.00073176
0
0
0
0
-0.00136224
0
0
0
0
0.00129372
0
0
0
0.00062999
0
0
0.000616751
0
0.000618838
0
0
-0.000606973
-0.00121112
0
0
-0.000596481
0
0.000593995
0.000589622
-0.000588842
0
0
0
0
0.000575076
0.000571795
0
0
0.000563318
0
0
0
0.0011095
0
0
0.00109588
0
0.00108626
0
0
0
-0.00106612
-0.00106298
0.00105828
-6.30491e-07
-0.00104482
0
0
0
0
0.00101861
0.00101442
-0.00100829
0.00100561
0.00100179
-0.000998084
0
0
-1.51635e-07
1.27545e-07
0.000973141
-0.000968739
7.89544e-08
0.000959621
-0.0019114
0.000951338
0
0.000939728
-0.000933854
0
-0.000923977
0
-0.000911688
0.000907413
0.00090319
-0.00179852
0
0
0.00177257
0
0.00175258
0.00174212
0
0.0017301
0
0
-0.00170032
0
0
0
2.98497e-07
-0.00164459
0.00163183
0.00161849
0
-0.00318318
0.00158024
0.00157397
-0.00156084
0
0.00153615
0.00151465
0.00150345
0
-0.00148538
0
0
-0.0028863
0.0014253
0
0
0
-0.00137905
0
0
0.00133801
0.00132356
0.00262166
-0.00260776
0.00257388
-0.00127909
0
-0.00248557
0
0
0
-0.00236423
-0.00466935
0.00230777
0.00228591
-0.00226613
-0.00223998
0.00221052
1.21048e-06
0
0
-0.00211319
0
0.00204536
0
0
-0.00197658
-0.00390075
0
0
0.00369344
-0.00183537
0.00178293
-0.00176314
0.00174628
0.00172083
0.00338008
0
0
0
-0.00158639
0.00156538
0.00152736
0
0.00061709
0.000478542
0
0
0
0
0
0
0
-0.000674626
0.000669986
0
0
-0.000663888
0
0.00130793
-0.000649494
0
0
0
-0.000625284
-0.000625783
0
0
-0.000616341
0.000615357
0
0
-0.00060643
-0.000602866
0
0
0
0.000594511
0
0
-0.000590953
-0.000589162
-0.000586562
0
0.000581027
0
0
0
-0.0011418
0
-0.00113165
0
0
-0.0011169
0
-0.00110984
0.00110478
0
0.00109451
0.00108983
-0.00108457
0
-0.00215105
0
0
0.00106176
0
-7.5023e-07
-0.00104784
-6.46321e-07
0
0
0
0
0.00101972
0
-0.00100901
0
0
-0.00099492
-0.00099041
0
0
0.000975791
-0.0019452
1.07918e-07
0.000964728
-0.000958225
0.000955518
0.000951114
0.000944389
0
-0.00280182
-0.00185936
0
0
0
0.00364111
-0.00180952
0.00179949
0.00178919
0
0
-0.00176217
0
0
-0.00173689
0
-0.00172181
-0.00171355
0
0.00169013
0
0
0
0.00329581
0.00163526
0
0
0
3.96537e-07
-0.00315144
0.00156556
0.00155396
0.00153968
-0.00305775
-0.00151116
-0.00150013
0
0
0
0
0.00287874
0.00142446
0.0014118
0
0
0
0
0
0
0
-0.00261193
0.00258919
-0.00255611
0
0
0
-0.00244358
0
0
0
0.00233055
0
-0.00455809
0.00226201
0.00223539
-0.00220262
1.29324e-06
0
0
0.00419638
0
-0.00406531
-0.00200957
0
0.00195136
0.00193804
0
0
-0.00368843
0.00182482
0.00178519
0
0
-0.00171277
-0.00168373
0.00165755
0
0
0
0
0
0
0
-0.00086577
0
0
-0.00075468
0.00068447
0
0.000609172
0
0
0
0
0
0.000611633
0
-0.000606606
-5.22879e-06
0
-0.000598514
0
-0.000590248
0.000583823
0
0
0
-0.000578533
0.000579738
0
0.000571315
0
0
0.000567161
0
0
0
-0.000558617
0.000554222
0.000551848
0
0
0
0
-0.00108554
-0.00108053
0.00214875
0
0.00106366
0
0
0.00105086
0
0.00104213
-0.00207705
0
-0.0020574
-0.00102531
0
0
0.0010112
0
0
-0.000997557
0.000994151
0.000989425
0.000985272
0.00196086
0.000978628
0
0
0
-0.000959651
0.000955667
0
0
0
0
-2.21867e-07
0
0
0
0.00183139
1.03861e-07
0
-0.00181295
-0.000904323
0
-0.00266619
0
0.00176497
0.0017573
-0.00175684
0
0
-0.00172237
0
-0.00170934
0
-0.00168492
0.00167471
0
0
0.00166544
2.87306e-07
0
0.00162225
0.00161664
-0.00161051
0
0.00159827
0
0.00157092
-0.00156183
-0.00156063
0
0
0
0.00149285
0.00299591
-0.0029683
0
-0.00146686
0.00293529
4.49401e-07
-0.00143849
0.00142767
-0.00141408
0
0
-0.00137742
-0.00136853
-0.00135833
0
0
0
0
0
0
-0.00252556
0.00251022
0.0024882
-0.00246029
0
0
0
0.00236755
0.00234474
0
-0.00228902
0
0
0.00444468
0
0
0.00214836
0.0042392
0
0
-1.4323e-06
0.00202165
1.41973e-06
1.41194e-06
0.001935
0.00191131
-0.0018956
0
0
0.00181859
-0.00179773
-0.00353607
0.00174057
0
0
0.00333053
-0.00492921
0.00322405
0.00319073
0
-0.00308799
0
0
0
0.00176727
0.000802353
0
0.00151123
9.3971e-06
-0.000688767
8.34596e-06
0.000683272
0
0
-0.00066138
0
-0.000658493
0
0
0.00128502
0
0.00063727
0
0.000632802
0
0
0
0
0
-0.00124585
0
0
0.00062074
0
-0.00122766
0
0
0
-0.000607425
0
0
-0.00119586
0
0
0.00118312
-2.82014e-06
-2.66773e-06
-0.00116543
-0.00116321
0
0
0
0
0
0
0.00225946
0.00112365
0.0022355
0
0
0
0
0.00109107
0
0.0010803
-0.00107673
0
6.82319e-07
-0.00211862
-0.00212472
0
-0.00105028
0
0
-0.0010361
0.00103967
0
0
0
-1.93371e-07
0
0
0.000987501
-0.000987268
-0.00296719
0
0.00395798
-0.0019723
0
0.00190185
0
0
0
1.70164e-07
0
0
0.00184579
0
0
0
0.00178766
-0.00357146
0.0017762
0.0017796
-0.00179591
0.00175425
0
-3.48448e-07
-0.0017267
0.00171543
-0.00172905
-0.00171192
-0.00170294
-3.91719e-07
0
0
-0.00162858
0
0.00159397
-0.00155034
-0.00157272
4.74888e-07
0
0
-0.00156653
5.04812e-07
0.00152613
-0.00151388
0.00148791
0
0
0
0
0
0
0
0
0
0
0.00263194
0.00262208
-0.0052582
-0.00517674
0.00255654
0.00252138
0
0
0
-0.00490172
0
0.00235826
0
0
-0.00228835
-0.002271
0
-0.00442748
-0.00436547
0
0
-0.00209332
-0.0020689
0.00203146
1.48199e-06
-1.46938e-06
-1.45369e-06
1.45459e-06
0
0
0
0
0.00178748
-0.00175559
0
0
-0.00334624
0.00330745
-2.11002e-06
-0.00318586
0
0.00310544
0.00304802
0
0
-0.000858607
-0.000759676
0
-0.00148703
-0.0014074
-8.90418e-06
-0.000671173
-0.00136001
0.000684516
0.000684123
-7.07009e-06
0
0.000678396
-0.000682251
-0.000683022
-0.000678163
0
0
0
0
0
0
0
0
-0.000674012
0.000668455
0
-0.000667378
-0.000662595
0
0.00131926
0
0
0
0.00129929
0
0
0.00128634
-0.0012866
0
-0.00127614
0.00254321
0.00126421
-0.00126271
-2.38031e-06
-0.00125349
0.00125031
-0.00124258
0
0
0
-0.00122291
1.46824e-06
-0.00121078
0
0
-0.00119614
-0.00117929
9.7924e-07
0
-0.00232282
-0.00116106
0
-0.00116282
0.00230903
0.00115135
0.00114208
0.00113955
0
-0.00114104
0
-0.00112036
0
0.00110932
0.00108716
-1.81828e-07
0
0.00108824
-0.00108005
0
-2.01792e-07
-0.00210661
-0.00213681
0.00214138
0
0.00206955
0
0
0.00204213
0.00206771
0
-0.00206944
-0.0039295
0
0
0
0.00192379
0.0019252
-0.00373198
-0.00375809
-0.00189508
-0.00185817
0.00188261
-0.00186326
0.00188395
0
0.00186685
0
0.00176242
-0.00169028
0
0
0.00168462
0
-0.00342191
4.37149e-07
0
0.00164289
0
0
-0.00162666
0.00162276
0.00161887
-0.0032095
-0.0031466
0
0
0
0.0030555
0
0
0
0
0
0
-0.00555736
0
0.00554987
0.0026975
0
-0.00266501
-0.00260198
0
-0.00258613
0.00256756
0
0
0
0
-0.00235674
0.00465904
0
0.00228593
0.00224645
0
0
0
0
-0.00207278
0.0040897
-0.00201489
-0.0039762
0.00195242
0.00192211
0
0
0
0
0
0
0
0
0
-0.00647328
0
0
0.00311875
-0.00304762
0
0
-0.000866566
0
0
0.000693851
0.000661475
0.00133269
0.000667017
0.000680932
-0.000695339
-0.00139058
0.000692204
0
0
0.00143787
0.000717899
0
0
0
0
0
0
0
0
0.000719208
0.000714324
-0.000716215
0
0.000709295
0
-0.000708802
-0.000704625
0
-0.00070268
0
0
0
0
0
0.00137862
-0.00137644
0
-0.00136266
0
0.00271192
0.00134865
0.00134471
-0.00268609
0.00133519
0
0
0.00131176
0
-0.00260946
-0.00130463
0
0
0.00257905
0.00126697
-0.00125668
0
0.0012548
0.00124592
0
0
-0.00125514
0.00124188
-0.00122285
0
0
-4.5349e-07
0
-0.0011995
0.00118104
-0.00117641
2.33122e-07
0.00233582
0
-0.00116973
0
0
0.00235645
0.00229563
0
0.00229789
-0.00218869
-0.00219845
0
0
-0.00437139
0
0
0.00220012
0.00208965
0
0.00209521
0.00209927
-0.00408146
0
0.00198836
0.00200318
2.72072e-07
3.16744e-07
-0.00201491
0
0
0
0.00197909
0.00193252
0
-0.00179167
0.00187773
0
0
0
0.00178166
0.00175723
0
0
0.00172003
0
0.00167625
0
-0.00171475
0.00339286
0.00332701
0
0.00316915
0
-1.05299e-06
0
0
0.00299334
-0.00298705
0.00295176
0
0.00582275
0
-0.00286984
-0.00278333
0.00281413
0.00278129
0.00273605
0
0.00266215
0.00263184
0.00257781
0
0
0
0.00244668
-0.00240238
-0.0023706
-0.00234649
0.00229605
0
0
0
0
0.00211749
-1.52847e-06
0.00204957
0.00202187
0
-1.50877e-06
0.00191406
-0.00189033
-0.00184449
0
0
0
0
0.00337051
0
0.00327185
0
0
-0.00311642
0
0
0
0.000747681
0
0
-0.000695543
0
-0.00069139
-0.000692215
-0.000722367
0
0.000734695
0.000747952
0
-0.000757095
-0.000754748
0
0
0
0
0
0
0
0.000765235
0
-0.00152264
0
0.000756472
-0.000757453
0.000756542
-0.000756313
0.000750811
0
0
0.000745252
0.000745474
0.000742669
0
0
0
-0.000736359
0.00146216
-0.00146474
0
0
2.54438e-06
0
0
0.00285008
0.00142354
0.00141012
0
-0.00139035
0
0.00139369
0.00139217
0
0
-0.00136966
0
0
0
0
-0.00132187
0.00133635
-0.00134554
0
5.82063e-07
0
-0.00132846
0.00135173
0.0013256
0
0.00127435
-0.0012695
0
2.52021e-07
2.0861e-07
0
0
-0.00126868
0
0.00124567
0
0
-0.00246955
-5.04717e-08
-0.0023434
0
0
0.00233272
0
0
0
0
0
-0.00445382
-0.00223994
0.00217317
0
-0.00211146
-0.00214637
0.00424803
0.00210216
0
-0.00206583
0
0
-0.00209002
-0.00206935
0
0.00391886
-0.00199923
0
0.00190868
0
0
0
0
-0.00183213
-3.78255e-07
-0.00181011
0
0
-0.00173998
0
-0.00173073
0
-0.00334715
0
-1.02647e-06
0
0
-0.00311278
1.13202e-06
-0.0031113
0
-0.00606203
0
0.00296648
0.00289378
-0.00292041
-1.44361e-06
0
0
-0.0027533
-0.00271134
-0.00266854
-0.00260506
0
0.00253971
0.00251642
-0.00246799
0.0024445
0.00239358
-0.00234529
0
0
0
-0.00218924
0.00215888
-0.00212307
-0.00208759
0
0
-0.00198323
-1.4862e-06
0.00383259
0.00186407
0
0
-0.00176027
0
-0.00340516
-0.00167582
0
0.00321873
0
-0.00311596
-0.00304947
-0.00301128
0
0
0.00055046
0
0.000612326
-0.000646352
0
0
-8.47409e-06
0
0
-0.000769609
0
0.000786159
0.000795163
-0.000798518
0
0
-0.00080351
0
0
0
4.03633e-06
0
0.00160525
0
0
0.00079679
-0.000797234
0.000796611
0
0
0
0
-0.000785869
-0.000783458
0
-0.000782675
0
0.000776703
-0.000773862
0.0015447
0
0.000769953
-0.0022951
0
-0.00151976
2.16199e-06
2.03933e-06
-0.00298751
0
0.00147487
0
0
0.0014788
0
0
0
0.00144827
0
-0.00142617
0
0.00140443
-0.00142656
-7.29328e-07
0
-0.00141535
0
0.0014238
-0.00142403
-0.00140545
0
0
-0.00134845
0
-0.00131877
-0.00131683
0.00133082
0
0.00132826
0
-0.0026047
0
0
-0.00129176
0.00372927
0.00246797
0.00123928
0
0
-0.00243562
0
0
-0.00238183
-0.00240298
1.18796e-07
0
0
0.00235409
0.00229342
1.28994e-07
-1.57106e-07
0
0
2.14205e-07
0
0.00222397
0
-0.00217377
0
-3.13166e-07
-0.00207154
-0.00207492
-0.00202754
0
0
0.00194588
0
0.00191596
-3.25295e-07
0.00187971
0
0
0.00180288
-0.00180423
0.00179026
-0.00177186
0
0
-0.0051813
-0.00171215
0
0
0.00325527
0
0
1.1818e-06
0
-0.00302881
0.00295864
0
-0.00291667
0
-0.00284547
0.00282311
0
0
1.43914e-06
0
-0.00522669
-0.00512528
0.0025179
0
0.00243746
0
0
0
0
0.00223559
-1.4732e-06
0.00215814
0
0
0
0.00200776
-0.00196826
-0.00387446
0
0.00184444
0.001819
1.42204e-06
0.00175228
-0.00172145
0.00168588
0
-0.00487735
-0.00157998
0.00314729
0.00458741
0.00302037
0
0
-0.000218772
0
0
0.000980022
0
0
0.000758685
0
0
0
0
0
-0.000821007
0.000826239
0.000836424
0
-4.83386e-06
0
0
0
-0.000841944
0.000844683
-0.00167895
0
0
0
0
0
0
0
0
-0.000829401
0
0
0
0.000820743
0
-0.000816654
-1.61404e-06
0.000813046
0
1.37984e-06
-1.29865e-06
0
0.00159653
-0.00158952
-0.00237869
0.00157727
0
-0.00155788
-0.000780535
0
1.46724e-06
0
0.00155502
0
-0.00153018
0
0.00150778
0
0
0
0.0029894
0
0
0
0
0.00145111
0.00146535
0
0
0.00140739
0
0.00139331
0
-0.0027887
0
-0.00138608
0
0.00133881
0.00135075
0
0.00130546
-0.00128283
0
6.86729e-08
-0.00130121
-0.00130533
0.00128826
0
-0.00127231
0.00250969
0.00250438
0.00248621
0.00122273
0
-0.00247132
0
0.00238948
-9.41305e-08
0.00230767
0
0.00229071
0
-0.00225166
0
3.07676e-07
0
-2.65416e-07
2.29058e-07
0.00216218
0
0.00211057
0
-0.00207956
0
0.00202387
-0.00390014
0.00195502
0
-0.00194056
0
0.00376365
0
0.00183663
0
0
0.00174251
0.00175173
0
-0.00172971
0
0
0
0.00323183
0
0
-0.00303582
-0.00151861
0
0
0.00292664
0
0
0.00281554
0.00275928
0
0.00267663
0.00261917
-0.00256542
0
-0.00248569
0
0
0
0
0
-0.00223547
-1.36977e-06
0
0
0
-0.00203339
0
1.38739e-06
0
-0.00186773
-0.00184174
0.00360105
-1.35598e-06
0.00174418
0
-0.00166316
1.0688e-06
0.00160335
0
-0.00154229
0
0
0
-0.000192352
-0.000245792
0
-0.000650391
0
0
-0.000392843
0
0
0
0
0
0
0
-0.00128795
0
0.000427546
-0.000874616
-0.000878007
0
0
-0.000874061
0.00174582
0.000873547
0
0
0.000874302
0
0
-0.000866823
0
0.000863569
0
0.000862247
0
0
0.000854767
0.000849851
0.000848724
-0.000846525
0
-0.000840628
0.00167131
0
0
0
0.000825222
0
0
0
-8.50938e-07
-0.000811476
-0.00161306
0
-0.000802484
-0.000797152
0
-0.00079799
0
0.000776043
0
0
-0.00155852
-0.00155583
0.00154315
0
0
-0.0014995
0
0
-0.00148801
0.00144281
-0.00142771
-0.00144646
0
0.00143851
-0.00143884
0.00288273
0
0
-0.001405
0
0.0013481
0
0.00133806
-0.0013269
0.00133821
0.00136135
-4.56455e-08
0
0.00132318
0
0
-0.00129107
-7.53092e-10
0.0012893
0
0
0.00124688
-0.00367926
-0.00119253
0
0
0
0
0.00119373
0.00234043
0.00232362
-0.00231303
0.00229761
0.0022579
0
-0.0043801
-0.00216664
0.00215276
0
-0.00211144
2.07047e-07
-0.00203345
0
0.00390812
0
-0.00194855
0.00191826
0
0
0
-0.00178394
-0.00178542
0
4.64544e-07
-0.00175893
-0.00172393
0
0
-0.00162108
0
0.00156752
0.00154805
0
0
0
-0.00147028
-0.0014504
-0.00286199
0
0
0.00135895
0
0.00261952
-0.00129111
0
0
0
0
-0.00235312
0.00231265
-0.00226816
-0.00222866
0.00217778
0
0.00209158
0
-0.00200536
0.00196563
0
0.00189102
0
-0.00181175
-0.00178266
0
-0.00170009
1.02559e-06
0.00324898
0
-0.00159119
0
-0.00153554
0
0.00014412
0
0.000215629
0
0.000308606
-0.000358122
-0.000375161
0.000381209
0
0
-0.000407409
0
0
-0.000427341
0
0.000436845
-0.000439276
0.00043877
0.000895297
0.000450777
0
0
0
-0.00134792
-0.000898583
0
0
-0.00135785
0
0
0.000893566
0
0
0
-0.000887029
0
0
-0.000881089
0.000880617
0
0
0
-0.000871184
-0.00172936
-0.000865158
0
0.000858468
-0.000854114
0
0
-0.000843624
0.000842619
0.00168484
-0.000836621
0
-0.000830251
0.000827001
0.000825577
0.000825665
0
-0.000808922
-0.000807197
0
-0.000809858
0.00240605
-0.00241262
0
0
0
0
0
0.0023041
-0.00148984
0.00148278
0.000748395
0
0
0.00223176
-0.00148497
-0.00147853
0
0.00147037
0
-0.00283918
-0.00142694
-0.00281013
0
0
0
-8.76034e-08
0
0.00137203
0.00134783
0
0.00134413
-0.00129056
5.28486e-08
0
-0.00129717
-0.00127413
0.00126728
2.74061e-08
0
-0.00122164
0
-0.00117899
-0.00239537
0
-0.00119239
0
0
-0.00116133
0.00112255
0.00225718
0.00222052
-0.00220857
0
0
0.00213037
0
0
-0.00200947
0
0
-0.00198509
0
0
0
0.00185772
0.00183429
0
0.00362927
0.00357093
0.00176504
0
0
0.00336453
0
-0.00162502
0.00158678
0
0
-0.00152585
0.00149774
0.00147688
-0.00144851
0
0
-0.00275908
0.00135602
-0.00133121
0.0013116
-0.00128747
-0.00126621
0
0
0.00238125
-0.00351343
0.00230187
0
-0.00331514
-0.00107967
-0.00211376
0
0.00303513
0
0
-0.00191202
0
0
0
0.00176181
0.00170898
0.00168362
-0.00162667
0
0.00158217
0
0.00305804
0
-0.000100972
-5.95449e-05
-9.03737e-05
-0.000120948
0.000145203
0.000340955
0.000550113
0
0
-0.000198912
0.000196153
0
0.000206566
0.000420406
0
0
0.000448182
0
0
0.000465389
0
0
0.000461894
-1.76893e-06
0
0
0
0.000463953
0
0
0
0
0
0
-0.000453152
0
0
0
-0.000901692
0
0
0
0.00134075
0.000885065
0.000441667
0
-0.000878288
0.000874952
0.000439896
0
0.00130538
0
-0.000865706
0.00129506
0
0
0
6.48532e-07
0
0
0
-5.16821e-07
0
0.000826791
-0.000819012
-4.04696e-07
0
0
0
0
0
-0.000790669
0
-0.000777221
-0.00154046
0.000776793
0.000764402
-0.000765816
-0.000762488
0.0007493
0
-0.00225666
0
0.00147086
0.00218917
0.00144771
0
0
0
0.00210533
-0.000698913
-0.00140248
-0.000691014
0
-0.000687735
0
-0.00133316
0
0.000665335
0
0.000649868
-0.0019034
0.00128447
0.00126354
0
0.00121851
-3.80663e-08
-0.00121277
-0.00120809
0
0.00119333
-0.00117539
-0.00115062
0
0
-0.00112844
-0.00110225
0
-0.0010989
0.00107566
0.00105442
0
0
0
0
0
0.000994113
0.000976045
0
0
0
-0.000924566
-0.00182203
0
0
0.000876817
-0.00172174
0
0
-0.00162261
0
0
0.00231455
-0.000762283
0
0.000733046
0.000717508
0
0.00139887
-0.00136785
0.00269404
0.00132451
0.00130888
4.17526e-07
0
0
0
0.0011774
0
0
0.00111548
0.00217989
0
-0.00103628
-4.7228e-07
0
-0.000970457
0.000960876
0
0
0
-0.00177074
0
0
0
0
0
0
-0.00223993
0
1.7958e-05
2.47588e-05
0.000123308
0.000115677
-0.000141817
8.3026e-05
-8.6722e-05
9.01659e-05
0
0.000187724
0.000190369
0
1.31262e-06
0.000207171
0
0
0
0
-0.000230591
-0.000235922
0
0
-0.000231725
0.000232732
0
0
0
0
0
0
0
0
0
0
0.000689659
0
0
-0.000230779
0
0
0
0
-0.000227291
-0.000225656
0.000450182
0
0
0
-0.000446753
0
-0.000443854
0
-0.000220718
-0.000439168
0
0.000437378
0
-0.000864507
0.000431287
0
0
0.000850965
0
-0.000421744
-0.000420483
0.00125806
0.000418952
0
0.000412155
0
0
0.000405538
-0.000400756
0.000800658
0.000791636
-0.00119295
-0.000785373
0
0.000781143
0.000383426
-0.000384209
0.000382812
0
0
-0.00112034
0
0
0
-0.000366297
-0.000723786
0.000717308
-0.00035604
-0.00106266
0
0.000699698
0
0
0
0.000676903
0.000334226
-0.000663339
0.000649853
-0.00130315
0
0.000644374
0
0.00124036
0.00185155
0
0
-0.000604457
-0.000595031
0
0
-0.000575914
0.00114002
0.00170007
0
0.00111341
-0.00108549
-0.00106852
0.000530742
0
0
0
0
-0.00150864
-0.000992914
0
0.000487642
0
-0.00140444
0
0.000457474
0
-0.000885406
-0.000435536
0
0
0
0.000395587
0
-0.000387269
0.00115248
-0.000372761
0.000727145
-0.000711361
0.000700831
0
0
-0.00137219
-0.00133041
-0.000671986
0.00126055
0
0
0
0
0.000595543
0
0
-0.00162759
0
0.00102524
-0.00100636
0
0.000949599
-0.000952942
-0.000434716
-0.00044865
0
0.000447053
0
0.000416047
0
0
0
0.00034514
0.00071997
0
-1.37668e-05
2.4752e-05
-4.06316e-05
0
0
-7.78343e-05
-8.37817e-05
-8.48234e-05
0
0
0
0
-0.000189682
-0.000203861
0
0
0
0
0.00022438
0.000228741
0
0
-0.000230881
0.000233196
0
0
0
0
0
0
0
0
0
0
-0.000232695
0
0
0.000232597
0
0
0
0
-0.00022995
0.000227504
0
0
0
0
0
0
0
0
0.000224137
0
0
-0.000444875
0
0
-0.000439155
0
0
0
0
0.000431616
0.000430412
-0.00042843
-0.000427645
0
-0.000421599
0
0
-0.000415712
0.000412557
0
0
0.000406845
0
0
0
0.000395908
0.000394042
0.00039233
0
0
0.000384737
0
0
0
0.000373406
0
0
0.000363602
0.00036337
0
0
0
0
0
0
-0.00034138
0
0
0
0
-0.000660753
0
0
-0.000632878
0
0
-0.000616163
0.000605498
0
0
0.000588852
0
-0.000582486
0
0
0
0
-0.000540717
0
0
0
0
0.000508462
0
0
-0.000501308
0
0.000470861
0
-0.00046875
0
0
0.000445451
0
0
0
-0.000388741
0
-0.000390058
-0.000386696
0.000365881
0
0
-0.000695512
0
0
0
0
0.000697861
0
0
0
0
0
-0.000596519
0
0
0.00053394
0
0
0
0
0
0
0.000416355
0.000445536
0
-0.000445559
0
-0.000412969
0
0
0
-0.000318066
0
2.78662e-05
0
5.55334e-05
8.87405e-05
-0.000122763
0
-0.000153547
-0.000164931
0.000168281
0.000171137
0
0.000186504
0
0
0
-0.000214686
0.000213383
0
0
0
0
0
0
0
0
0
-0.000234385
0.000232018
0
0
-0.000230317
0
0
0
-0.000233178
0
0
0
0.000462845
0
0
0
0
0
0.000451151
0.000453175
0
0
0
0
0
0
0
0
0
0
0
0.000441575
0
-0.000436521
0
0
0
0
-0.000428141
0
0
0
0
0
0
0
0
-0.000406694
-0.000404333
0
0
0.000397188
0
0
0
0
0
-0.000764138
-0.000758643
-0.000751697
0
0
0
-0.000723025
0
0.000715381
0
0
-0.000697041
0
0
0
0
0
0
0
-0.000636495
0
0
0
-0.000619102
0
0.000603645
0
0
0
0.000571384
-0.000563709
0
0
0
0
0
0
0
0
0
0
-0.000977313
0.00098439
0
0
0
-0.000943637
0
0
-0.000853974
-0.00084607
0
0
0
0.000810844
-0.000767776
0
0.000771791
0
0
0
0.000694568
0
0
0
0
0
0
0
0
0
0.000536945
0
0.000545606
-0.000523276
0
-0.000504278
0
-0.000478381
0
0.000442747
0
0
0.000392785
0.000391553
0
0.000741504
0
-0.000733802
0
0
0
0
0
0
0
0.000531706
4.78988e-05
0.000118917
-7.92632e-05
-0.00010239
0.000391851
0
-0.000151037
0.000471959
-0.00016421
0.000168465
0
-0.000174734
0
0.000354149
0
0.000200922
-0.000199973
0
0
0.000416862
0
0
0
-0.000430438
0
0
0.000224089
0.000222138
0
0
0.000223508
0
-0.000445909
0
0.000225073
-0.000455712
-0.000895965
0
-0.000447035
0.000898316
0
0
0
0
-0.000438852
-0.00132638
-0.000884952
0
0
0
0
0
0
0
0
0
0
-0.000434013
0
-0.000430444
0
0
0
0
0.000421576
0
0.000840616
0
0.000830786
0
0
0
0
0.00120367
0.00119767
0
0.000792681
-0.000393255
0
0
-0.00154939
0.00153559
0
0.000756853
0.000751306
0.000742422
0
0
0
0.00215396
0
-0.0021285
0
-0.00139812
0.00207127
0
0
0
0
0
0
0
-0.000636145
0
0
-0.00124459
0.000613462
0
-0.000597629
0
0.00116958
0.00117082
0.000571841
0.0016932
-0.00110879
-0.00110557
0.00109113
0
-0.00106401
-0.0010426
0.001035
0
0
0
0.000980555
-0.000975291
0.00188285
0
0
0.00276496
-0.00181054
0.00175606
0.000857767
-0.000847158
0
-0.00167179
0.00161052
0.000806735
-0.000778089
0
0.000765795
-0.00144933
0
0
0.000701354
0
0.00134255
-0.00128685
0
0
0
0
0
0.00122361
-0.000557924
0
-0.00055183
0.000534302
0
0.00051117
0
-0.000489681
0.000921644
-0.000455691
-0.000906354
-0.000874912
-0.000413398
0.000411411
-0.000798508
2.88684e-08
0
0.000751109
0
0
0.00145769
-0.00137546
0
-0.00126787
0
0.000579272
-0.00015749
1.26555e-06
0
0
-0.000298093
0
0.000615973
-0.000647179
0
-0.000331318
0
0
0
-0.00034991
-0.000731746
0
0
0
0
-0.00119061
0
0
0
0.00123464
0
0.000823443
-0.000867639
-0.00128234
0
0
0
0
0.00129145
0
0
-0.000443491
0.000867922
0
0
-0.00174645
0.000876127
-0.000873701
0
0
0
0.000871599
0.000860852
0
0
0
0
0
0
0
-0.00084016
0
0
0
-0.00168325
0.00084382
0
0
0
-0.0016581
0.0016628
0
-0.00083064
0
-0.000822575
0
0
0
0.0015977
-0.0023605
-0.00235719
0.0015773
0.000779975
0
0
0
0.00305658
6.92852e-07
-0.0015028
0
-0.0014826
0
0
0
0.00142334
5.73046e-07
0
0.00139905
0
0.00138121
5.07254e-07
-0.00135857
0
0
0
0
0
0.00255631
-0.00126298
-0.00249961
0
0.00366872
0
0
0
0
-0.00347581
0.00115169
0.00113208
-0.00112062
0.00110089
0.00109307
0.00107957
0
-0.00105495
0.00103276
-0.00102185
0
0
0.00196631
0.0019443
0
-0.00187806
0
-0.00183078
-0.00180272
0.00177682
-0.00175352
0
0.00168781
0
0.00164483
-0.0016113
3.24192e-07
-3.03004e-07
0.00152336
-0.00150317
-2.87369e-07
0
0
2.67105e-07
0
-0.00134231
-0.0013168
0
-0.00255336
0
-0.00245747
0
-0.00119416
0
0
0
-0.00215651
0
0
-0.00200955
-0.000988209
-0.00284259
0
-0.000919607
0.000891583
0
-0.00254751
0.000823347
0.000808413
0
0
0
0
-0.0014611
0.00140205
0
0.00131752
0
-4.11757e-08
0.000525721
-0.000269696
0
0
-0.00062193
0.000621904
-0.000985581
0.00103825
-0.000684573
-0.000686617
0
0
0
-0.000721057
0.000720853
0.000742644
0
0
-0.000772047
0.000760682
0
0
0
-0.000790195
0
-0.000791535
0.000840777
0.000828294
0
0
0
0
-0.000831985
0
0
0.000858684
-0.000844954
0.000848535
0
-0.000853817
-0.000852609
0.00085582
0
0.00168464
0
-0.00171292
0
0
0.00171199
0
0
-0.00169135
-0.0016787
-0.00168852
0.0024648
0
-0.00167474
0.00166917
0.00164422
0
-0.0016708
0
-0.0016506
0.00162271
-0.00163257
0
0
0
0
0
0
0
1.00559e-06
-9.70835e-07
0.00154212
-0.00154253
-0.00152073
0.00152133
0
0
-0.00150406
-0.00149339
0.00148073
0.00294105
0.00145959
0
0
0
-0.00140714
-0.0014005
0.00277956
0.00275102
0
-0.00272092
0.00133692
-0.00133151
0
0
0
0
0
-0.00253024
0.00249279
-1.06769e-06
0
9.79661e-07
-0.00238324
0
0
0.00231376
0.00228563
-0.00226012
-0.00222474
0
0
0
-0.00212482
0
0.00207713
0
0
0
0
-0.00193437
-0.00191349
-0.00188713
0
-0.0036559
0.00180397
-0.00354791
0.00349689
0
0
-0.00334226
0
-0.0032411
0.0031853
-0.00156542
0.00461087
0.00151118
-0.00297213
-0.00145373
0
-0.00280842
0.00138312
0.00270752
0.00265814
0.00261061
0
0.00250992
0
0.00242211
0
0
0.00226643
0
0
-7.4288e-07
0
0
0.00199497
-6.71983e-07
0.0019077
0
-7.16166e-07
0
-0.00174086
0.0017002
0
-0.00323485
0
-0.00154523
0
0
-0.00288077
0
-0.00271885
0.00266412
0.00260196
-0.00381619
-0.00142985
0
0.000697443
0
-4.68181e-06
5.30115e-06
0.000673955
-0.000687639
0.00138476
0.00143543
0.000722104
0
0
-5.03626e-06
-0.000732453
-0.00073466
0
0
0.000757314
0
-0.00075765
0
0
0
0
-0.00156496
0
0
0
-0.00164305
0
0
0.00164281
-0.00168683
0
0
0.000824442
-0.000832107
0.00166609
0.00165041
0
0
0
-0.00164836
-0.00166799
0.00167416
0.00166236
-0.00166283
-0.00167252
0
0
0.0033271
0.00164105
0.00165026
-0.00322782
0
0.00164025
1.88195e-06
0
0
0.00163649
0.0016071
0.00161068
0
0
0.00160247
0.00160142
0
-0.00159044
0
0
0
-0.00152324
0.00151916
0.00302737
0
0
-0.00446493
0
0
0
0
0
-0.00288554
0
0
0
0
0
-0.00276133
-0.00272198
-0.00269209
-0.00266223
0.00266014
-0.00525626
-1.35657e-06
0
0
0
0
-0.00249806
0
0
0.00241039
0
-0.00470582
-1.13145e-06
0
0
1.11225e-06
-0.00224858
-0.00221944
0.0021848
0
-0.00428449
0.00422715
0
0
0
0
-0.00396701
0
0
0
0
0.00185259
0
0.00359914
0
0.00698179
-0.00688418
0
0
0.00328902
0.00323428
0.00318563
-0.00626922
0
-0.00605373
-0.00297534
0.00292576
0.00573012
0
0.002765
-0.00272013
-0.0026687
-0.0026174
0
0
0
0.00242696
-0.00238378
0.00233465
-0.00229112
1.05802e-06
0
0
0.00210367
0.00205829
-0.00404159
0
-0.00193974
-0.0037867
0
0.00181412
-0.00354154
0.00172971
-0.00338371
0
0.00160582
0.00312737
0.00153331
-0.00299099
0.00292999
0.00284653
0
0.00269846
-0.00265094
-0.00258721
-4.32524e-07
0.000800836
0.000769978
-0.00148427
0
0.00071487
4.81482e-06
0
0
-0.00144366
-0.000731229
-0.000715617
-0.000729843
0
0.00148046
-0.000750323
-0.00149143
0.00147005
0
0
-0.00150411
0.000741685
0
0
0
-0.00157592
0.00155866
0.00160936
0
0
0.00162212
0
0
-0.00161688
0.00165576
0
0
0
0.00164033
3.92898e-06
-0.00161181
0
0
0
-0.00163282
0.00164084
0
-0.0032728
0.0016288
0
-0.0016369
0
-0.00163535
0
0
0.00159676
0
0.00161546
-0.00160303
0
-0.00319809
0.00321208
0.00157903
0
0
0
-0.00156898
-0.00155381
0
0.00155701
0
0
0
0
0.00298144
-0.00297832
0
0.00288632
0.00291408
0
0
0
0
0
0
0
0
0
0
0
0.00271414
0
-0.00264081
0.00261869
0
0.00515353
0.00254672
-0.00252466
-0.00248756
-0.0024819
0
0.00488877
0
0
0
0
-0.00230287
0.00229376
0
0
-0.0022251
0.00220346
-0.00217997
-0.00214071
-0.00423997
0.00420705
-0.00414193
0
0
0
0
-2.30358e-06
-0.00383907
0
0.00374606
0
-0.00364146
0.00358557
-0.00353821
0
-0.00342784
0.00338162
0
-0.00328182
0
-0.00317413
0
0.00615315
0
0.00297473
-0.00292117
0
1.60544e-06
0
-0.00271781
0
0.00262483
0.00257996
0
0
0
-0.00239298
0.00234623
-0.00690218
-0.00225232
-0.00659355
0
0.00421796
-0.00414518
0.00203194
0.00797773
-0.00390009
0.00381941
0.00373326
0
0
0.00349887
0.0034155
-2.66037e-06
0
0
-0.00310648
0.00304203
0.00297118
2.05543e-06
0
0
0
0
0
0.00253605
0
-0.00080247
0.000760221
0
0
-0.000737659
-0.00148141
0
0.00223935
-0.00150582
-0.00145198
-0.000736863
0
0.000749422
0.00148477
-9.07963e-06
-0.00293728
0
0.0014776
0.00148482
0
0
0
0
0.00154472
0
-0.00155135
0.00154697
0.00157868
0
0.0015761
0
0
0.00163366
0.00161965
0
0
-0.0016156
-0.00160728
0.00158939
0.00163238
0
0
-3.31917e-06
0
0
-2.96318e-06
0
0
0.00159005
0
0
-0.00316575
-0.00319504
0.00318458
0
-0.00158079
-0.00313646
0
0.00312436
-0.00310273
-0.00307304
0
0
0
-0.00307539
-0.003062
0
0
0
0.00297386
-0.00295814
0
-0.00290656
0.00292071
0
-0.00566927
0.00285458
0
0
0
0
0
0
0.00273402
0.00270418
0
0.0026971
0.00268058
-0.00267227
0
0.00516077
-0.00256819
0
-0.00252582
0
-0.00249411
0.00245352
0.00244289
0.00483934
-0.00240087
0.00473599
-0.0046858
-0.00460159
0
0.00451248
0
0
0
0
0
-2.84957e-06
0.00419832
0.00415227
0
0
0
0
0.00391792
0
0.0038043
0.00376258
0
2.54854e-06
0
0.00356869
-0.00351234
0.00346713
0
0
0
0
0.00642987
-0.003164
0
0
-0.00301846
0.00297323
0
0.00286299
-0.00563162
0.00276917
0
0.00266622
-0.00525162
-0.00772761
0.00253853
0
0
-0.00480769
0.00471072
0.00462515
0.00452803
-3.38354e-06
0.00434187
0
-0.00416151
0.00408322
-0.00400291
-0.00393027
0.00382942
0
0
0
0
-0.00345546
-0.00336011
-3.20226e-06
0
0
0
-0.00300446
0.00294131
-0.00574248
0
0
0.00268581
-0.00262183
0
0
0
0
0.00154403
0.00156303
0
0
0.00147965
-0.00146492
-0.00149349
0.00302622
0.0014503
0.00145215
0
9.53741e-06
0.00148783
-8.93735e-06
0.00293371
0
-0.00146416
0
-0.0014735
0
0.00152381
0
-0.00150158
0
-0.00151059
-0.00153759
-0.00156305
-0.00158191
5.29172e-06
0
0.00155618
-0.00157642
4.67896e-06
0
0
0
0.00159163
0
-0.00160175
-0.00156233
0.00311471
0.00156147
0
0
0.00155172
0.00306927
0.00307922
0
0
0
0.00308088
0.00307858
-0.00312298
0
0
0.00302182
0.00310161
0
0
0
0
0
0
0.00300629
0.00300204
0
0
0
-0.00289191
0.00287658
0
0
-0.00282699
0.00283475
0.00277483
-0.00276743
0.00277063
0
-0.00276239
0
-0.00269542
-0.00268581
-0.00533993
-0.0053223
-0.00265676
-0.00261891
-0.00260424
0.00780884
0
-0.0025097
0.00250295
-0.00497977
0.00494688
0
0.00489032
0
0
-0.00947886
0
3.56132e-06
0.0091058
0.0045024
0
0
0.00438387
-0.00433982
0
0
-0.00422471
0.00415561
3.16937e-06
0
-0.00402546
0
-0.00390057
0
2.98059e-06
0
0
0
0
2.82821e-06
0.00354423
0
0
0
0
0
0
0
-0.00314478
-0.00310353
0
0
-0.00592459
-0.00873741
0.00572835
0
0.00552875
-0.00543421
0
0
0.0102995
0.00505667
-0.00498148
-0.00489498
0
0.00471264
-0.00462858
-0.00911421
-0.00446514
0.0043666
0
0
0
0
0
0
-0.00377724
0.00371937
0
0
0.00348251
0.00340578
0
0.00325637
-0.00318515
0
0
0.00296684
-0.00580919
0.00568141
0
-0.00272919
-0.00533714
0.00259333
-0.00509217
0
-0.00164748
0.00159729
-0.00153989
-0.00153205
0
0
0.00147367
0.00145781
-0.00150314
-0.00150653
0
0
0
-0.00148567
-0.00148242
0.00293138
8.37905e-06
0
0
0
0.00143773
0
7.03497e-06
0
-6.31709e-06
0.00149719
-6.01867e-06
0.00151178
0
-5.62074e-06
-0.00149156
0
-0.00151116
0
4.71934e-06
0
0
0
-0.00153134
0
-0.00310647
0.00150273
-0.00300207
0
0
0
0
5.89456e-06
5.65673e-06
-0.00301662
0
0
0
0
-0.00302862
0
0
0
-0.00300658
0
0
0
0
0
0
0
0.00288827
0
0
0
0
0
-0.00278749
0
0
2.86062e-06
0
0
2.66465e-06
0.00270587
0.00267239
0
0.00263972
0.00261703
0.00260445
0.00261133
0.00257939
-0.00509811
0
-0.0100364
0
-0.00488614
0
0.00970816
-0.00482559
0
-0.00475216
0
0
0.00460707
0
-0.0045093
-0.00887746
0
0
0.0043124
-0.00852433
0.00842254
0.00418992
0.00414394
0.0041141
0
-0.00401268
0
0.00392699
0
0.00762366
0.00378249
-0.00373425
-0.00368742
0
0
-0.00356102
-0.00350527
-0.00345951
-0.00341746
0
-0.00664002
0
0
0
0.00625776
0
0.00606521
0
0
-5.16297e-06
0.00569275
-0.0112105
0.0055161
0
0
0
-0.00515346
-0.0101166
-0.00497196
0
-4.80985e-06
0
0
-0.00456027
0.00448032
0.00438836
0
0
0
0
0.00397605
0.00389661
-0.00382859
0.00372455
-0.00733085
0
0
4.31916e-06
0
0.00329357
0.00322526
0.00315023
0
0
-0.00294419
0.00288068
0.00282455
0
0.00269758
0.00264215
0
-3.68969e-06
0
0.00156043
-0.00149532
-0.00149654
0.00146934
0
0
-0.00143759
0
0.0014482
0
0
0.00144462
0
0
0.00144356
-0.00140696
-0.00139607
0
0
0
-0.00142041
0
6.93119e-06
0
0.00140226
-0.00141967
-5.9465e-06
5.70468e-06
0
0.00146164
0.00144808
0
0.00293648
0
-0.00147001
-0.00292371
0
-0.00289703
0
0
0.00293002
0
0
-0.00297301
0
0.00295971
0
-0.00579546
-0.00282669
0.00571871
0
-0.00285131
0
0
0.00584127
0
0
0
0
0.00285486
0
0
0
0
0
0
-0.00276099
0
0
0.00274275
0
0
0.00269604
0
-0.00270364
3.08154e-06
-0.00532291
0
-0.00262554
-0.0025767
0.00515769
0.00516143
0
-0.00507511
0
0
0.00498076
0.00986876
0
0.00487461
0
-4.57811e-06
0
-0.00469262
-0.0046655
0.00462731
-4.41011e-06
0
0
-0.00445546
-0.00440511
0
0.00862637
0
0
-0.00418958
0.00414059
-0.00818412
-0.00406876
-0.0040184
0
0
-0.00391229
0.00387256
-0.00382097
0
-0.00371825
-0.00368916
0
-3.49367e-06
-0.00355729
0
0.00346097
0
0
0.0100297
0
0.00648579
-0.00638427
0
0
-0.00610596
0
0
0
0
0.0113444
0.0055696
0.00548538
-0.0107969
0
0
0
0.00505333
0.00496006
0.00975889
0.00479726
0.00469857
-0.00464059
0
0.00447051
0.00439406
0.00431463
-0.00422312
-0.00414382
0
0
4.88448e-06
-0.00383465
0.00376306
0
0.00361182
0
0
-0.00339121
0
-0.00325137
-0.00317941
0
0
0
0.00584652
0.00571961
-0.00558527
0
0
0
-0.00516364
0.00504457
0
0
0
-3.4081e-06
4.23168e-06
0
-0.00138018
0
0
0
0
0
-0.0027966
0
0
-0.0026835
0
0.00134887
0
0
-0.00135377
0.00134771
0
6.81303e-06
0
0.00134449
0
0.00132409
-0.00130762
0
0
-0.00136169
0
-0.00276918
-0.00283227
0
0.00275189
0
0.00272423
0.00275696
0.0027841
0
0
0
0.00279533
-0.00278123
-0.00566113
0
-5.84577e-06
-0.0025966
5.50611e-06
0
0.00262674
0
0
-0.00275715
0.00274229
0
0
0
-0.00273122
0
0
0
0
0
0
0
-0.00261413
-0.00259975
-0.00259524
0
0
-0.00521682
0
0.00258036
-0.00260098
0.0049927
0
0
0
-0.0049084
-0.00981169
0
-5.32566e-06
-0.00489058
0
-0.00478056
-0.00471169
0
-0.00472912
0.00465701
0.00460022
0
0
0.00444761
4.66156e-06
0.00442675
0
0.00428918
0.00425541
0.00422324
0.00421517
-0.00418451
-0.00406374
-0.00402388
0
-0.00399715
0.0039343
0
0
0
0
0.00380469
-0.00378285
0.00366901
0
-0.00720234
0
0.00706382
0.0105127
0.00344942
0
0
0
-0.00663325
-0.00655347
0
0
0.0062
0
0
0
0
-0.00579335
-0.00571602
0
-0.0055285
-0.00542385
0.0053655
0.00527641
0
0
0
0
0
5.75882e-06
-0.00470673
0
0.00454574
0
-0.00438569
-0.00430288
-0.00422831
0.00414077
0.00814859
0
0
5.29176e-06
0.00378421
0
0.0036275
0
0
0
0
0
0.00643762
0
-0.00619309
0
0
-0.00577355
-0.0113396
-0.00555584
0
0
0
0.0102821
0
0.00492869
0
0
0.00152122
3.7088e-06
0
0.00147689
0
0
0.00144393
0
0.00146448
-7.59887e-06
0
0
0.00274209
0
7.1602e-06
0
0
0.00139901
0
0
0.00140218
0
-0.00129743
0.00268315
0
0.00280453
-0.00284203
0
0
0
0
0.00281844
0
0
0
0
8.12703e-06
-0.00586521
0
0.00281549
0
0
0.00277379
0.00277343
-0.00264525
0.00259241
0.00257788
5.58658e-06
0
0.00263124
0
0
-0.00279916
-0.00277767
0.00271433
0.00275522
-0.00275871
0
0
0
0
0
0
-0.00260605
0
0.00788701
0.00263267
0.00510867
0
0
0.00544906
0
0
0
-0.00503406
0
0
0
-0.00497864
-5.82471e-06
0
0.00494301
-5.698e-06
-0.00494941
0
0
0
0.00965273
-0.00475995
0.00457334
0
-0.00464089
0
-0.00452073
0
0
-0.00421534
-0.00434634
0
-0.00431826
0
-4.45483e-06
0.00407906
0
-4.34782e-06
0
-0.00398105
0
0
-0.00780245
0
0
-0.00736723
0.00737859
0.00734201
0
8.09132e-06
-0.0142064
-0.00701025
0
0
0
0.013696
0
0
0
0
-0.00620149
-0.00614612
0
0.00597344
0.00591331
0.00582297
0
0
-0.00547415
-0.0108691
0
0
0
0
-0.00503527
-0.00490439
-0.00971602
0.0047862
-0.00466406
0
0.0044975
0.00439273
0
0
0
-0.00411563
0
0
-0.0116542
-0.0114144
0
-0.0109596
-0.0071602
0
0
0.00673727
0
1.10432e-05
0
0.00618667
0
0
0.00579305
0.0113551
0.00554806
0
0.00531667
0.00519279
6.26553e-06
0
3.78539e-06
0
0.00113599
0
-0.00126603
0
0
0
0
-0.00122079
0
-0.00128391
-7.29489e-06
0
0.00116602
-0.00111839
0
7.14686e-06
0
-0.00238074
0
0
0
1.26662e-05
0
0
-0.00214505
0
-0.00249142
0.00242835
0
0
0
0
0
0
0
0
0.00244233
-0.00245386
0.0025228
0
-0.00231154
0
0
0
0.00216646
-5.72978e-06
0.002015
0
6.065e-06
0
5.50613e-06
0
0.00234076
0.00240548
0
-0.00228755
4.91504e-06
0.00244882
0
0
0.00230772
0
0
-0.00465328
0.00219213
-0.00448431
-0.00461176
0
-0.0041618
0
0
0
0.00483253
0
0.00467793
0.00429894
-0.00449691
-0.00444033
0
0.00435005
0.00433289
0.00431252
0.00430737
-5.98451e-06
0.0043156
-0.0043311
0
-0.00412563
-0.00418798
0
4.77184e-06
-0.00378297
0.00407777
0
0.00399369
-0.00407459
0.00387715
0
-5.00566e-06
0.00391862
0
0
-4.59841e-06
-0.00362506
0
0.00728607
0
0.00360614
0
0
0.0142464
0
-0.00696215
-8.41871e-06
-0.0136509
0
0
-0.00661765
-8.13185e-06
0.0127255
0
0
-0.00656514
8.16228e-06
-0.0060478
0
0
-0.00579262
0.0114244
0.0113648
0
-0.00561625
-0.00562091
0
0
0.0051497
-6.80232e-06
0.00509844
0
0
0.00481399
0
-6.78865e-06
0.00912645
0.00925177
6.58432e-06
0.00440409
-0.00434093
-0.00426685
0
0
0.00409236
0
0
0
0
0.00748607
-1.17361e-05
0
0.00707484
0.00693985
-0.00681967
0
-0.00654964
0
-0.0126461
0
0
0
0
1.0747e-05
-0.00557378
0
0.00536673
-0.00522363
-0.00510042
6.71368e-06
-0.0049323
4.21966e-06
0
1.64375e-06
0.00105042
0
0
0
0
0
0
0
0.00110079
0.00217941
0
-0.00107996
0
0
0.00108262
0
0.00215815
0
-0.00207278
0
-0.00210877
0.00202805
0.00200555
0.00202784
0
0.00209513
0
0
0.00205684
0
0
0
0
0
0
-0.00428238
0
0
0
0
0
-0.00202577
-0.00194269
-0.00391758
0.00187914
-0.00186353
0.00196297
-0.00195651
0
-0.00199878
0
-0.00206133
0
0
0
-0.00221111
-0.00228749
0.0021764
0
0.00211793
0
0
-9.41892e-06
0
0.00830902
0
0.00416247
0
0
0
0
-0.00420575
0
-0.00404715
0.00375362
-6.79646e-06
-7.00439e-06
0
0
0
6.47949e-06
-0.00772293
-6.46115e-06
0
0.00768711
0
0.00360119
0.0036137
0
-0.00683837
-5.6827e-06
-0.00358149
0
-0.00712302
0.00368363
-0.00344029
0
0.00345567
-0.00343104
0
0
0.00635656
-4.71493e-06
0
-0.00327873
0
0.00649239
0
0
-0.00662703
0
0.00635781
0.00618662
-9.12341e-06
0
0
0.00596812
0.00584408
-0.00577371
0
0.005819
0.00586958
-0.00565286
0.0107808
0
0
0.00536057
-0.0105158
-0.0052424
0
0
0.00524369
0
0
-0.00967801
0.00959245
0
0
0
-0.0045335
0
0.00901937
-0.00857191
-0.00435054
-0.00859536
-0.00419283
0.00412079
-0.00407118
0
0
-0.00392573
-0.00765795
0
0
0
-0.00719078
0.00701491
-0.00692231
0
0
0.00659462
0
0.00637256
0
0.0123145
0.00602447
0
0
0
-0.005585
0
0.00539646
-0.00518235
0
-0.00497295
-0.00976676
0.00483065
-0.00474955
0
-0.000906851
7.89171e-07
0
0
0
0.000943044
0
0.000948409
0
-0.00192627
-0.000954357
0
0
0
0
-0.00186445
0
0
0
-1.32493e-05
0
-0.00190919
-0.00185092
1.25622e-05
-0.00184158
-0.00187019
-0.00370629
0
0
-0.00184912
0
0
0
0.00181059
0
0
0.00182643
0
-0.00188003
0
0
0
0.00365885
-7.70503e-06
0.00368046
0
0
-0.0018458
0
0
-0.00179338
0
0
0
0
0
0
0.00188246
-0.00373445
0.0038037
-0.00378279
0
-0.0036805
0.0073594
-0.00364603
-0.00360613
0
-0.00736893
0
0
0
0.00350476
0
-0.00352581
0
-0.00343353
0.00352117
0.00359243
0
-0.00360681
0
-0.0035046
0.00695644
0.00353085
0
6.37241e-06
0
-0.00331027
-0.00326378
0
0.00319915
0.00334301
0.00643885
0
-5.71069e-06
0
0
0
0.0030749
0
0
0
4.92008e-06
0.00580084
0
0.00596628
0.00594781
-0.00578414
0
0
0
-0.00583489
0
0
-9.34852e-06
-0.00554683
-0.00549216
8.3516e-06
-0.00528279
0
0
8.76584e-06
0
0
-0.00502147
0
0
-0.00500135
0.00483673
0
0
0
-0.00466957
-0.00469071
0
0.00449269
-0.00446336
0.00446282
-0.00435311
0
-0.00425193
0
-0.00416878
0.00407251
-0.00407017
0.00403896
0.00395485
0
0.00385434
0
0
0
-1.31258e-05
-0.00723572
0
0
0.00687246
0
0.00666646
0.00659261
-0.00649794
0
0.00631947
-0.00613326
-0.00605138
1.20651e-05
-0.00578329
0
0
-0.00563702
0
0
-0.00521786
0
-0.00461716
0.00473467
0.00460748
0.00462768
0
0
0.000747781
-2.14991e-07
0
0
0
2.48203e-06
0
-0.000785729
0
-4.32483e-06
0
0
-0.000794734
-0.000786548
0
0.000791256
0
0
0
0.00158243
0
-1.18335e-05
0
-0.00154668
0
0.00157931
-1.13326e-05
0
-0.00161355
-0.00159683
0
0
0
1.00236e-05
0
0
0
0.00159547
0.00159497
0
-0.0015988
0.00159747
-0.00159719
0.00160388
-0.00163411
0
0
0
0
0
0.00318108
0
0.00158954
0
0
-0.00160184
0
0
0.00161337
-0.00323582
0
-0.00321447
0.00320039
-0.00636067
0.00313443
0.00309026
0
0.00312369
0
0.00302462
0
-0.00307464
0
0.00306827
0
-0.00315247
-0.00312384
0
0
-7.08727e-06
-0.00306855
0
-0.00617489
0.00303561
0.00294405
-0.00602706
0
0.00593
0
0
0
0
-0.00283106
0
0.00279889
0.00282982
-0.0028645
-0.00279194
-0.00284195
-0.00281422
0.00275388
0
-0.00268601
-0.00269213
-0.00271367
-0.00809296
-0.00548493
0.00531758
0.00525616
0
0
-9.31445e-06
0.00517599
0.00516272
-9.47057e-06
0.00513456
0.00493556
-0.00490089
0.00503258
0
-0.00499476
-0.00990095
0
0.00487306
0
0
0.00452665
0.00467344
-0.00457585
-0.00447549
0
0
0.00436781
0.00446733
0
0
-0.00433762
-0.00429397
0.00423854
0
0.00417053
0
0
0.00408177
-6.83084e-06
0
0
0
-0.00387916
0
-0.00381283
0
-1.27709e-05
0.0073688
0
-0.00718961
0
-0.0070247
0
-0.00681694
-1.20814e-05
0
-0.00665684
0
-1.07974e-05
-0.00624382
0
0
0.00615724
0.0117622
-0.00557208
0
-0.00537666
0
0.00441501
0.00492405
-0.00466195
-0.00469643
0
0
-0.00109169
-0.000593849
0
0
0
-0.00132397
0.000664772
0
0
0.000667288
-0.000667656
0
0.000660593
0.00132509
0
-0.000661444
0
0
0
0
-0.000664416
0.00266036
0
0.00132212
0
0
0.0026705
0.00135891
0.00135888
0.00135401
0.00137082
-0.00136695
0
-0.00265987
0
0
0
-0.00131038
-0.00132992
0
0.00133775
-0.00134046
0.00135561
0
0.0013525
0
0
-0.0013674
0
0
6.68076e-06
0
-0.00134977
0
0
0.00271147
0
0
0.00136494
0
0
0.00413443
-0.00136752
0.00267056
0.00133685
-0.00267356
-0.00269545
0
0.00269049
8.78438e-06
0
0
0
0
0.00266397
0.00538362
0.0026178
-0.0026172
0
-7.19496e-06
-7.2178e-06
-0.00271367
0.00263406
-0.0025979
-0.00257447
0.00516155
0
-0.00252025
0
-0.00246964
0
0
0.00253771
0
0
5.70736e-06
0.00484862
0.00246696
-0.00249459
-5.30244e-06
-0.00239049
-0.00241787
0
0.00242276
-5.23445e-06
0.00478477
0
-0.00474499
-0.00470346
0
0
0.00455674
9.01525e-06
-0.00460796
0.00929775
0.00451006
0
0.00451007
0
0
0.00450592
0.00435653
0
-0.00441628
0.00437912
0
7.62916e-06
0
-7.40192e-06
-7.16418e-06
0
0
0
0
0
0
0.0040839
-0.00410993
-0.00406635
0
0
0
0.00387962
6.32983e-06
-6.50548e-06
0
-0.00391409
0
0.00765332
0
0.00381099
0
0.0111655
0
0
0.00715167
0
-9.3951e-06
0.00709731
0.00696138
-1.10723e-05
-0.00694964
0
-0.00651137
0.00660536
0
0.00648239
0
9.15115e-06
-0.00595352
0.00563213
0
0.0109317
0.00555575
0.00473696
-0.00539721
0.0048908
0
0
0
0.000468877
0
0
-0.000539469
0.000546209
0.0010975
-0.000547026
-0.000548385
0
0
0.0010895
0
-0.000546943
3.29792e-06
0
0
0
0
0
0.000553052
0.000549467
-0.00109841
0.000550915
-0.0010912
0
-0.000552775
-0.00110216
-0.00110573
0.000557601
0
-0.00110042
0.00110681
0
0.00222891
0.00111582
0
0.00112154
0.0011272
-7.93397e-06
-0.00112412
0
0.00112683
-0.00225832
0
-0.00226112
0
0
0.00112723
0
0
-0.00112681
-0.00113066
0.00112687
-0.00112887
0
-0.00113271
0
0.00113855
-0.00113479
0
0
-0.00113213
0.0011307
0
-0.00112828
0
0.00226698
0
-0.00338837
-0.00226836
0
0
0
0
-0.00335946
-0.00225177
0
0.00446143
0
0.00219536
0.00220294
0.00222613
0
-0.00221347
0
-0.00219577
0
0
0
0.00216846
-0.00217276
-0.00219242
-0.002167
0
0
-0.00209224
-0.00419202
0
0.0042293
0.00208503
0
0.00209345
0
-0.00211124
0.00209263
-0.0041298
0
0
-0.00205743
-0.00201423
0
-0.00203681
-0.00405604
0
-0.00405496
-0.00202046
0
-0.00604672
0
0
0
0
-0.00403929
0
-0.00397731
-0.00391005
-0.00382819
0
-6.60058e-06
0.00374108
0
0
-0.00369182
0
0
0
-0.0037761
0.00382208
0.00369842
0.00372432
0
0
-0.00359758
-0.00375473
0.00749568
0
0.00370464
0
-0.0036617
0.00367628
0
0
-0.00350103
0.00359015
0
0
0
0.00683408
-0.010238
-0.0103686
0.00348359
0.00686245
0
0.00645303
0
0.00694457
-0.00721154
0.00597677
-0.00618499
0
0
0
-0.00533731
-0.00602158
-0.00548368
0
0.00471752
0
0
0
0
0.000217135
0
0.000888084
5.39249e-07
-0.000893384
-0.000449266
-1.04668e-06
0
0
-0.000906775
0
0.000450042
-0.000904088
0
0
0
0
0
-0.000915816
-0.00045867
0
-0.000454742
0
-0.000460447
0.00045813
0
0.00046258
3.5357e-06
0
0
0
0.000464132
-0.000921795
-0.000922874
0
-0.000926604
-0.000928352
0.000928663
0.000929692
0
-0.000930832
0.000932763
0
0.00140389
0.00047052
0
0.000942025
0
0
-0.000943813
0.00188322
5.12607e-06
0.000939639
0.000946013
0
0
4.60821e-06
0.000947432
-0.000948646
0
0
0
0
-0.000947632
0
0
0.000944792
0.000940662
0
0
0
0
0
0.00187557
0
0.000933305
-0.00186185
-0.000939636
0
0.000936188
0.000936424
0
0.0018596
0.000936531
0.000925756
0
0
0
0
0.000912492
0.00183564
0
0
0
0
0.00180575
0
4.34089e-06
0
-0.00179033
0.00179294
0
-0.00178166
0
-3.99554e-06
0.00176341
0
0.00175092
-3.61891e-06
0
0.00347921
-0.00177743
-0.001764
0
-0.00360378
0
0.00355976
0
0
0.00165917
0.00171528
0.00169596
0.00172333
0
0.00344111
0
-0.00168936
0.00315715
0
0
0
0.00302053
0
0
0
0.00335254
0.00340464
-0.0031949
-0.00321491
0
0
0
0.00343641
-0.00665631
0
0
0
0
-0.00643439
-0.0032772
0
-0.00308132
-0.00321911
0
0.00298077
-0.0027534
0.00295855
0.00613096
0.00338566
-3.70516e-06
-0.00316496
-0.00282744
0.00301681
0
-0.00690628
0
-0.00795442
0
0
0
-0.00345215
0
0
0
0
-0.00480794
0.00259217
0
0
0
-0.000618895
-0.000311554
-0.000619285
-0.000303643
0.000598735
0.000604311
0.000922802
0
-0.000313567
0.000629364
0
0
0.00094359
0
0
0
0
0
-2.29174e-06
0.000636163
0
0
0
0.000633926
-0.00063406
0.000633572
-0.000633373
-0.000634743
0
0
0
-0.000631205
0
0
0
0
0
0
0.000645002
0
0.000643842
0
0.000646113
-0.00128448
-0.000642456
0.000644214
-0.000642547
0
0
0.000646282
-0.00194337
-0.000641708
-0.00064986
-0.00196573
0
0
-0.00131235
-0.00131411
0.00132068
0
0.00130735
0.00131024
0.00132052
0.00264122
0
0
2.99242e-06
0
0.0013103
0
0
0
0
-0.00129036
0
-0.00126146
0
0.0013139
0
-0.00260967
-0.00131252
0
-0.00129911
-0.00131385
-0.00127566
0
0
-0.00128924
-0.00128208
0.00126645
0
0
0
0
0
0
0.00121703
-0.00254071
0
0.00124155
-0.00369701
0
0.00237147
0
0.00491737
-0.00236584
0.0023288
0
0.00472381
0
-0.0023285
-3.09861e-06
0.00234963
0
0.00474643
0
-0.00242355
0
0
-0.00202935
-0.00206373
0.00199334
2.40389e-06
0
0
-0.00208096
0.00205345
0
-0.00200977
0
0
0
0
-0.00231091
0
-0.00219212
-0.00209917
0.00397964
0
-0.00216097
0
0
-0.00402078
0.00375666
0
0
-0.00175728
0
0.00528547
0.00690736
-0.00366225
-2.94816e-06
0.0035603
0
-0.00702359
0.00264943
2.22012e-06
-0.00314467
-0.00393908
0.0037849
-2.52633e-06
-2.24808e-06
2.503e-06
0
0
0
0.00272723
-0.00328028
-0.00346961
0
0.00329023
0
0
0
-0.00272983
0
-0.00555177
0
0
0.000365712
0.00037171
0.000382219
0
-0.00037339
0
0
-0.000373632
0
0.000378106
0
0
0.000378503
5.70944e-07
0.000375726
0
0
0.000372494
-0.000373403
0.000747924
0
0
0.000374067
0
0
0.000740577
-0.000736632
0
0.000372864
0
-0.00074711
0.000748365
0
0
0
0
0
0
0
2.09027e-06
0
-0.000750569
0
-0.00150359
0.0015167
0
-0.000763987
-0.000769417
0
0
-1.77632e-06
0.00152327
1.70772e-06
0.000767736
0.000768105
-0.000761248
0
0
0
-0.000789325
-0.00078253
-0.00155468
-0.00154934
-0.00154955
-0.00232677
0
0
-0.0015503
0
-0.000788539
0.000783487
0.00078106
0
0
0.00154037
0
-0.00152845
0
-0.00159419
0
-2.04294e-06
0.0015408
-0.00148025
-1.87851e-06
0
-0.00152512
0
0
-1.65952e-06
0.00152212
0.00150398
0
-0.00154748
0.00158658
-0.00157837
0
-0.00156546
-0.00149674
0.00149824
0
0.00288785
0.00289472
0
0
0
-0.00401948
0
-0.00417227
0
-0.00281664
0
-0.00138301
0.00421302
0
0.00123993
-0.00386822
0
0
0
0
0
0.00251097
0
-0.00513263
-0.00241663
0
0.00254992
0
0
0.00247279
0
0
0
0
0.00227455
0.00258876
-1.42499e-06
1.28231e-06
0
0
-2.05132e-06
0
0
0
0
0
-0.00198769
0.00175405
0
1.21305e-06
-0.00510856
0.00406129
0.00576584
-0.00390239
0
0.00392417
0
-0.00281382
0
0.00407394
0
0.00357157
0.00320908
-0.00175032
0
0
-0.00357176
0
-1.95766e-06
0.00347705
0
-0.00324706
0
0
-0.00295482
0.00544177
0
-5.55863e-07
0
-0.000221685
-0.000866427
0
0
0
0
-0.00044021
0
0
-0.000435879
0
0
0
-0.000447543
-0.000888331
4.29767e-07
0.000434398
0
-0.000439605
0.000439357
0
0
0
-0.000432845
0
0
0
-0.000436254
0
-0.000872143
0
0.000872518
-0.000873417
0.00043967
0
0
0
0.000438877
0.000435256
0.000439593
-0.000869421
0
0
0
0.000445897
-0.000899397
0
0
-0.000907261
0
-0.000895404
0.000893406
-0.000893735
-0.000893766
0
-0.000870189
0.000872729
0
0.000906978
0
0.000928679
0.000917023
-0.000919072
0
0
0.000905313
0.000904654
-0.00093008
0
0
-0.000930304
-0.000924659
-0.00182013
-0.000895191
0
-0.00182726
-0.000896535
0.000929358
0.000956458
0.000930351
0
0.00274177
-0.00180237
0.00264908
0.00185466
0
0.00169301
0
-0.000882232
0.000872424
0
-0.00344184
-0.00171466
0.00175047
-0.00334624
0.00166912
0
0.00174097
-0.00163259
-0.00169495
0
-0.00165224
-0.00177417
0
0
0
0.00140984
0
0.00144709
-0.00159335
0
0
0.0015716
8.42456e-07
0
-0.00132947
0.00136331
0
0.00146297
0
0.00136157
-0.00128054
-0.002958
0
0.00470873
0.00425107
0
0
0
0
0
0.00133861
0
-0.00160647
0
0
-0.00275824
0.00289892
-0.00504368
0
0.00266976
-1.49648e-06
0
-0.00219047
0
-0.00269261
0
0.00207544
-0.00190249
0
-0.00202224
0.00387855
0
-0.00214344
0.00210889
0.00184825
0
0.00175083
0
0.00187378
0
-0.00197775
0
0
-0.00194611
0
0
0.00368207
0
0.0017873
0
0
0.00520836
0
0
0.00159076
-0.00295112
-0.00160653
0.00485683
0
7.67593e-08
0.000271428
0
0
0
0
0.000528803
0
0.000249748
0.000500305
-0.000255129
0
0
0
0.000511811
-0.000772854
-0.000513797
0
0
0
-0.000516269
0.000511166
0
0
0
0
0
0.000496566
0
0.000502058
0
-0.000505367
0.000509235
7.05975e-07
0
0
0
-0.00103254
-0.000500629
-0.000502314
0
0
0
0
-6.8277e-07
0
0
-0.000529782
0.00107252
-0.000527855
0.00100677
0
0
0
0.000524682
0.00101285
0
0
-0.00162969
0
0
0.00108909
0.00107606
0
0
-0.00104191
-0.00103903
0.00108585
0
0
0
0.00101603
-6.39906e-07
-5.93624e-07
0
0
0.00106077
0.00109706
-0.00110238
0.00104291
0
-0.00213859
0
-0.00102176
0
-0.00101039
0
0
0.00205664
0.00099652
0
0.00196261
0.00290892
0
0.00163591
0
0.000808692
-0.000948253
0.00173697
0
0
0
0
0
0
-0.000913664
0
0
-0.00156662
0.00309649
0
-0.00166698
0
6.28457e-07
-0.00173695
-0.00155398
0
0
-0.00292605
-0.00132922
-0.0014958
0.0014352
0
-0.00155913
5.41822e-07
-0.00146642
0
0
0
0
0.00160118
-0.00152903
0
0.0016593
0
0
0
0.00143662
0.00272429
-0.00156146
-0.00287258
0.00286394
0
0.00264115
0
0.00144021
0
0
0.00208911
0
0
-0.00444591
0
0
-0.00452078
-0.00221833
0
-0.0019402
0
-0.00225978
0
0.00432569
0.00218879
0
0
0
-0.00207749
0
-0.00201223
0.00200777
0
0.00204556
-0.0019618
0
0
0.00183137
0
0.00178152
-0.00183572
0
0.000310887
0.000300935
-0.000304583
0
0
0
0
0
-0.000290267
0
-3.49867e-08
0
0
0
0
-1.28323e-07
0
0.00030237
0
0
0.000604603
-0.000586877
-0.000288831
0
0.000284389
0.000275677
-0.000271958
0.000286286
0
-0.000285717
0
0.000286934
-0.000580766
-0.000586168
0
0
0
-5.1275e-07
0
-0.000578934
0
0.000571775
-0.000585974
0
0.00061939
0
0
0.000584831
0
0.000571627
0
0.000602008
0
0
4.11729e-07
0
0
0
0.000629872
0
0
-0.00120839
-0.000564806
0
0
0.00114155
0
-0.000591198
0
0
0
-0.000539332
0.00105798
0.00161232
0
0
0
0.000599394
0
-0.00115288
0
0.00235827
0
0
-0.0011184
0.0011088
-0.00100846
0
-0.00110004
0
0
0
-0.00108179
0
0
0
-0.000895968
-3.80917e-07
0
0
0
-0.0010185
0.00102986
0
0
0.0020973
0
0
0.00281683
-0.00180211
-0.00088125
0.00306755
0
-0.00175481
0.00184892
0.00177994
0
0
0.000794878
0.00215272
0
-0.000850761
0.00094476
0.00174349
-0.0018236
0
0
0
0
0
-0.00161596
0
0
0
0
-0.00159526
0
-0.00152127
0
0.00162171
0.00157402
0
0
0
0
-2.92732e-07
0
0
-0.00126336
0
0
0.00253023
0
0.00126512
0.00258012
0
0
0
0
0
0
-0.00253289
-0.00264062
0
0
0.00117042
0.00250955
0
-3.15441e-07
0.00242876
0
-0.00244166
0
0
0
0
0
0
0
0
-0.000176316
-0.000172799
0.000344702
0
0
0
-0.000179025
-0.000351971
0
0.00032762
-6.57535e-08
0
0
0
0.000341737
0.000351864
0
-0.000330541
-0.000332614
-0.000336868
0.000347707
-0.000327192
-1.97491e-07
0.000309515
-0.000327201
2.10472e-07
0.000326994
-0.000326133
0.000330931
-2.55072e-07
-0.000321445
0.000325055
0
0
0.000329604
0
0
0.000644734
-0.000339037
0.000663033
0
-0.000670217
0.000347258
0
0
0
0
0.000310321
-0.000310553
0
-0.000308679
-0.000643148
-0.000697066
0
-0.0013692
0.000736895
0.000667711
0
0.000671391
0
0
0
0.000611182
0
0
0
0.000669649
0.000651356
0
-0.000638524
0
-0.000605644
-0.00057004
-0.00117016
0
-0.000574257
0
-0.00068309
-0.000632662
0.0012441
-0.000637525
-0.00133461
0
0
0.00124121
0
0.000589446
-0.000576341
0
0
0.000620364
0
0
0.000581838
0
0
-0.00056747
0.00237036
0
0.00105842
0
0.0011506
2.5273e-07
0.00112718
0.00121779
9.20859e-08
0
0
3.12587e-07
0
0.00199238
-0.00119549
0.00109044
-0.000977367
0
0
-0.00105689
0
0.00199225
-0.000902195
0.00103727
-1.77718e-07
1.67989e-07
-0.00102113
0.00102475
0
0
0.00100261
0
0.000959607
-0.000922246
0
0
-0.000984666
0
0.000973435
0
0.000913261
-0.000852186
0
-0.00187942
0
0
0.00183501
0
0.00188816
-0.00179564
0
0.00167219
-0.00169246
0.00167807
0
0
-0.00160153
0
0
0
0
0
0
0
0
0
0
0.00165811
-0.0015537
0.00165724
0.00163642
0.00320092
-0.00323598
0
0
0
0
0
0
0
0
0
0
0.000199601
1.47896e-07
0
0
0.000203226
0
7.16906e-08
0.000398546
0
-0.000391028
0.000191691
-0.000191563
0.000192757
0
-0.000383493
0
-0.000191699
0
0.000375875
0.000374909
-0.000382157
0.000372104
0.000364403
-0.000350654
0
-0.000179914
0
0
-0.000176899
-2.17574e-07
0.000343797
0
0
0
1.91825e-07
0.000376375
0
-0.000375303
0.000372543
0
0
0
-1.75463e-07
0
0
0
0
-0.000346394
0.000357992
0
-2.04153e-07
0
0.000760705
0
0.00078202
-0.000873406
-0.000795214
0
-0.000752848
0
0
0
0
0
0
0
-0.000368857
-0.000349698
-0.000364872
0.00110796
-0.000365133
0
0.000683296
0.000690454
0
0.000700813
0
0
0.000749826
-0.00074459
-1.65022e-07
0
0
-0.000760631
0
-0.000737225
0.00143407
0.000698686
-0.000681384
0
-0.000731329
0.000740991
0
-0.000670766
0
0.00069923
-1.78862e-07
-0.00214981
0
-0.000671463
0
0
-0.00210199
-0.00140538
-0.00147338
-0.000715135
0
0
-0.00140978
0
-0.00063747
0
-0.00143907
0.00190042
0.000679406
0
0.00136621
0.000683016
-0.00136937
0
-0.00267025
0.0026049
-0.00133546
0.00131753
-0.00264358
0
0.00128508
-0.00134536
0
-0.00131217
0.00125538
-0.00131305
0
-1.11789e-07
0
0.00130858
0
-0.00124052
0.00232511
0
0
0
0.001208
-0.00242494
0
0
0.00242179
0
0
0.00119577
-0.00234475
-0.00117062
0.00123637
-0.00116727
0
-0.00121508
0
0
0
0.00120762
0
0.0011959
0
0
-0.00240124
0
-0.00480858
-0.00470898
0
0
0
0
0
0
0
-0.00230763
0.00230229
-0.00227678
0
0
-0.000106121
0.000230854
0.000123997
0
-0.000116923
0
0.000225111
0.00011489
0
0
0.000218285
0.000224596
-0.000450004
0
0.000210001
0
-3.32532e-08
0
0
0.000218295
0
0.000214597
-0.000208735
0
0.000210433
8.52654e-08
-0.00021991
0.000216786
-0.000218
0.000654121
0
0
-0.000214388
0
-0.000467748
-0.000450135
0
0.000459245
0
0
0
0
0.000444171
0
0
0.000241184
0
0
0.000230261
0
0.000449233
0
-0.000226563
0
0
-0.000533936
0
0
0
0.000450308
0
0
0
0
0
0
-0.000474473
0.000452462
0.000486868
-0.00048752
0.000951816
0
0.000466651
0.000449833
0
0
0
-0.000503675
0
0.000500772
0.0010443
0
0
0.0010058
0.000484101
0.000993279
-0.00143102
0
0.000949731
-0.000471196
0
-0.000516659
0
0.000469651
0
-0.00100458
0.000959396
0.00101874
0
-0.00197305
0
0
0.000986803
0
0
-0.00198085
0
0.000994216
-0.00100452
0
-0.00190005
-0.00100709
0.00101831
-0.000962208
-0.000991443
0.000959115
0.000995722
-0.00100184
0
0
0.000979591
-0.000956795
0
0
0.00294832
0
-0.00189942
0
0
0.000975278
0
0.00289556
0
0.00194474
0
0
0
-0.000937363
-0.000913315
0.000962908
0
-0.000949267
-0.00187209
0
0
0
0
0.00188085
0
0.00187185
-0.00183195
0.00185904
-0.0018902
0.00185354
0
0.00188932
0
0
0
2.04266e-07
0
-0.00187923
0
0
0
0
0.00563263
0.00552907
0
0.00185582
0
0
0
-0.00183243
0
0.00363236
-0.00359702
0.00357875
0
-0.00175192
0.000297166
0
-0.000300194
0.00014316
-0.00014433
0
0
-0.000150878
0
0
0
0
0.000152126
0
-0.000135756
0
0.000267318
0
-0.000145675
-0.000294785
0
-0.000297177
0.000293775
0
-0.000148289
-0.00014819
0.000318907
-0.000312075
0.000153575
-0.000307986
0
0
0.000293078
-0.000157708
0
0
0
0
0
-0.000148728
0
0
0
0
0
-0.000343909
0
0
-0.000688733
0
0
0
0.000330532
0
0
0.000746094
-0.000358717
0
0
-0.00104132
0
0
0
-0.000359341
0.000355292
0
0
0
0
0
-0.00073342
0
-0.00111878
-0.00106981
-0.00037223
0
0
0.000380773
0
0.000391013
0
-0.000395471
0.000384974
0
-0.000377654
0
0.000376115
0
-0.000760213
0.00075531
0
-0.00162544
-0.000775801
-0.00077849
0.000778269
0
-0.000768057
0
0.000779557
0.00159853
0
0
0.000801716
0
0.00079239
0.000799003
0
-0.000805745
0.00160692
0
0.00158305
0.00160327
-0.0024321
0.000804246
0
-0.00157662
-0.00241655
0
0
0
0.00238974
-0.00159063
0
0
-0.00162275
0
0
0.000812174
0.00080603
-0.000803019
0
-0.00235971
0
0
0
0
0
-5.54428e-08
-0.00309801
-0.00157732
0
0.00157408
0
0
0
0
0
-0.00310138
0
0
0.00307401
0
0.00155098
0.00153475
-0.0015352
0
-0.00155084
-0.00152951
0
-0.00307172
0
0
0.00151491
0
-0.00151944
0
-0.0030203
-0.00149309
0
-0.00149096
0
0
0.00145964
0.00290633
-0.001442
0.00143422
-0.00283712
0
-0.0027592
0.005459
-0.000272819
0
0.000259405
-0.000252673
0
0
0
0.000129792
0
0.000128322
0.000123141
0
0.000261061
-0.000129841
-0.000369199
0
0.000121429
0
0.000257164
-0.00012816
0.000128313
0
0
0
-0.000262361
-0.000394645
-0.000138219
0
-0.000134057
0
0
-0.000129872
0
0.00027087
0
-0.00013863
-0.000138157
0.000139822
-0.000139119
0.000276663
0
0
0.00013802
0
0.000149956
-0.000147436
0
0
0.000596914
0
0.000292397
0.000293967
0
0
0.000306592
0
0.000616602
0
-0.000306766
0.000622876
0
0
0
0.000641938
-0.000627391
0
0
0
0.00031836
0.000325473
0
0
0.00032914
0.000646233
0.000659942
0
0
0.000666303
0
0.000679287
0
0.00102047
-0.000669728
-0.000341562
-0.000667949
0
0.000666919
0
0.00134942
0
0
0.00138797
0.00135981
0
-0.0013603
0
0.00136165
0
-0.00136998
0.000691031
0
0
-0.00209227
0
-0.00069082
0.00139192
0.0006883
-0.00139709
0.000690386
0
0
0
0.00208915
-0.00138583
0.000687531
0
0.00206791
0
0
0
-0.00136552
0
0
0
0
-0.000681408
0
-0.00136835
-0.00136364
-0.00203773
0
0.00134439
0
0
-0.000673595
-0.000672223
0.000662035
0.00264216
0.00263636
0
0
0.00131651
0.00131001
0
0
0
0
0.00128689
0.001284
0
0.00127229
0
-0.00253673
-0.00251574
0.00376159
0.00125146
0.00249944
0.00247892
0
0.00122995
0.00122212
0
-0.00241097
0.00119851
0.00358345
0
0
-0.00233836
0
-0.0011541
0
0
-0.00224125
-0.00111184
0.00329454
-0.00217609
0.00321921
-0.0010582
0.00415299
-0.00512631
0
0
0
0
0
0
0
-0.000162924
0
-0.000162179
-0.000160969
0
0
0.000160868
0.000159967
0
-0.000158568
0
0
0.000159387
-0.00015974
0
0
0
0
0.000161878
0.000162918
0
-0.000162556
0
0
0.000162439
0
0
0
0.000165288
0.000164713
-0.000165861
0.000166075
0
0
0
-0.000166489
0
-0.000168971
0.000168557
0
0
0
0
-0.000338285
-0.000339048
0
0
-0.000340329
0
0
0
0.000341412
0
0
0
0
0
0
0
0
0
-0.000339066
-0.000338707
0
0
0.000337492
0
0
0
0
0
0
0
0
-0.000329924
0
0.000327675
0
0
0
0
0
0
0
0
0
0
0
0
0
0
0
-0.000601367
0
0
0.000590211
0
-0.000581515
0
-0.000571805
0
-0.000563042
0
0
0
-0.000543791
0
-0.000533195
0
-0.00052326
0
0
0
0
0
0
0
0
0.000473335
0
0
0
0.000449849
0
0
0
0
0.000419659
0.000413431
-0.000406707
0
0
0
0
-0.000751281
-0.000738294
0
0
0
0
-0.000673799
-0.000660767
0
-0.000634516
0
0
0
-0.000582724
-0.000569862
0
0
0
-0.000517871
-0.000505109
0
0
-0.000467191
-0.000454555
0
0
0
0
-0.000392651
0
0
0
0.000344177
-0.000332226
0
0.000308415
0.000296621
0
0.00027348
-0.0141466
0.0139556
0
0
-0.0244361
0.0235984
0.023218
0.0206321
0
0.0175749
-0.0160612
-0.032093
0
-0.0292878
0
0
0
5.46225e-05
0
0
0
0.00911987
-0.00574902
-0.00540161
-0.00060137
0
3.80105e-05
0.0133689
0.0270005
-0.0274953
7.2221e-05
0.0263084
6.688e-05
0
0
0.0145166
0.0311417
0
0.0550912
-0.0191553
0.0198091
0
-0.0303769
0
0.0077561
-0.00862348
-0.00708652
0.00438153
-6.60665e-05
0.000474682
0
-0.0276934
-0.0124812
-0.0242942
0.0255165
6.04739e-05
-0.0242704
5.67263e-05
0
0.0165621
0
0
0
-0.0260177
0.0195214
-0.0197166
0
-9.50386e-05
0
-0.0164456
0.00947102
-7.69212e-05
0
0.00225605
0
0
-2.52477e-05
0
-0.0118923
0
-0.0213694
0
-0.0396003
0
-0.018174
0
0
0
-0.0278419
0
0
0
-9.89316e-05
0
0.0105223
0
0.0136311
0
0
0
0
0.0122317
0
-2.71709e-05
0
0
-0.0208359
0.0393119
0
0.0178869
-0.0153274
0.0156946
0
-9.86775e-05
0
-0.0226013
0
0.0178892
0
0
0.0117382
0
0
0
0
0
0
0
0.0223617
0.0107404
-0.020613
0.0198139
-0.038195
0
-0.0171329
0.0156561
4.93373e-05
0
0.0128164
0
0.0220891
0
0
0.0153861
0
-0.022321
-0.00797038
0
0.00514978
-0.0016963
0
0
0
-0.0110821
-0.0106461
0.0101814
0
-4.30534e-05
0
0
0
-0.0148879
0
0.0127604
0
0
0
0
-0.0302141
0
0.010658
0.00799046
-0.00573884
-0.00594277
0.00178145
-0.0122886
0
-0.0114872
0.0110561
0
0.0101589
0.0194144
0.0188539
0
0.0166734
-0.0159856
0
0
0
0
0
0
0
0.0149549
0
0
0.00817704
0.00573147
0
0.00200958
0.0122597
0.0118516
0.0114261
-0.0110102
-0.0107272
0
-0.0193384
-0.0189243
-0.0176718
-0.0166492
0.0159641
0
0
0.0128335
0.0117452
-0.0107136
0
-0.0170703
0
0
0.0104573
-0.00821181
0
0
-0.000976433
0.0123042
-0.0117777
0
0
0.0213613
0
-0.00964839
0.00942705
0.0176213
-0.0167458
0
-0.014832
0
-0.0128536
3.53198e-05
-3.46179e-05
0
-7.00003e-05
0.0150179
0
-0.0103461
-0.00832551
0
0
-0.00106792
-0.0122992
0
0.0114198
0
-0.0106428
0
0.00965725
-1.66696e-05
-0.0177493
0.0167384
0
-3.5e-05
0
0
-0.0117499
0.0107363
0
0.0171521
-0.0150142
-0.0129802
0
0.00829839
0
0
0
0
-0.011628
-0.0114605
0
0
0
0
-1.53239e-05
0.0177666
0
0
-3.22344e-05
0
0
0
0
0
0
-0.0151301
0.0130092
0
0
0
0
0
0
-6.91064e-06
0.011485
0.0109881
0
-0.0102895
0
0.00944561
0
0
0
-2.96395e-05
0
0
0
0
0.00984205
-0.00864311
0.0151356
0
-0.0106185
-0.00843382
0
-0.00364904
0
0
0.0115713
-0.0114384
-0.0219242
0
0.0206127
0
0
0
0
0
0.0149765
0
-0.0130113
0
0.0108965
-0.00981036
0.0172951
0
0
0.010641
-4.61816e-05
0
-3.97286e-05
-0.00122202
0
-0.00580997
0
0.0108832
0
1.01091e-05
-0.0097548
0.00937088
0
0.00836074
0
0
0
0.0130464
0
-0.0108913
0
-0.0173364
0.00767027
-0.00651442
-0.00537222
-4.26285e-05
0
0.00365584
0.0024615
0
0.00584138
-0.00567816
0
-0.0106292
-0.0204606
-9.39501e-06
-0.00937132
0
-0.00839961
0
0
0
0
0
0
0
-2.24148e-05
-0.00766258
0.00649389
0.0108229
0.00852635
0.00609131
0
-0.00123948
0
0
0.00568603
-0.00546444
0.0106083
0.0102117
0.00975608
-0.00940018
0
-0.00847875
0
0
0
0
0
-0.0110089
0
-2.0618e-05
-0.00762817
0
-0.00543061
0
-0.00607498
0
0
-0.00601063
0
0
0.00547261
-0.00532576
0.00514134
0.00493208
0.00942312
-0.00890268
0.0084858
0
-0.00747414
0
0
0
0.0110033
0
0.0175487
0.00760688
0.00659671
0.00543523
0
0
0
-0.000643989
0.00598486
0
0
0
0.00535821
2.64315e-06
-0.0049463
0
0.00893892
0
0.00807304
-8.00809e-06
0
0
0
0
0
-0.00439153
0
-0.00656007
1.43439e-05
0
0
0
0.000643358
0
0
0.00574388
0
0
-0.00511541
0
0
0
0
6.74573e-06
0.0148818
0
0
0
-0.00549917
0.00502385
-0.00441931
0
0
-0.0108179
-0.00432288
0
0
-0.000654841
0
-0.00292292
-0.00576802
-0.00547768
0
0.00505744
0
-0.00470989
0
0
-0.0121362
-0.0074598
0
0
0
0.00548272
-0.00499297
-0.00442056
0
0
0.0054305
0.00432267
0
0.00193652
-5.73078e-06
0
7.42336e-07
0
0.00546814
0
-0.00502356
0
-1.21674e-06
0
0
0.00402999
0
0
0
0.00297244
-0.00546638
0
-5.78801e-06
-0.00380388
0
-0.0027294
0
0
-0.00193173
0.000651161
0
0.00587371
0
0
0
0
-0.00241464
0.00466833
0
0
0
-0.00370221
0
-0.00318539
-0.0029315
0.0054282
0
0.00436762
0.00366187
0
0.00545563
0.00208899
0
0
0
0.00152295
-0.00292394
0
0
0
0.00252683
0.00237385
-0.00230493
0
0
0.00196293
0.00366945
0
0.00310379
0.00288987
0.00269591
0
-0.00213869
0
0
-0.00269886
-0.0019524
0
0.00094521
-0.00030829
-0.00152234
0
-0.0013937
0
0
-0.00249776
-0.00112062
0.00225981
0
0
-0.00183911
0
0
0.00144034
-0.00141808
-0.00261718
0
0.0019697
-0.00147431
0
0.0012853
0
0
-0.00086413
0.000409778
0
-0.000702635
0.00133909
0
0
0
0.000983085
0
0.000977302
0
0
-0.000816368
0
-0.00178044
-0.00137226
0.000597064
0
0
0.00118897
0
-0.000558678
0
0
0
-0.000107805
0
0.000657967
0
0
0
0
0
0
-0.000892136
0
0
0.000784607
0
0.000525737
0
-0.000572153
0
0
0
0
-0.000497673
0
0
0
0
0
-0.000530647
0
0
0
0
0
-0.000802118
0
-0.000873309
0.000776077
0
0
0.000529922
0
-0.00109512
0
-0.000616962
-0.000507569
0
0
-0.000233164
0
0
-8.77197e-05
0
-0.000564214
0
0
0
0
-0.0017864
-0.000890879
0
-0.000907544
-0.000845949
0
0
-0.00190468
0
0.00119338
0.00208972
-0.000690026
0.000602557
0.00113983
0
0.000311101
0
0
0.000110208
0
0.00119517
-0.00235619
0
0.00218448
-0.00207902
1.20634e-06
0.00192011
0
0.00180358
0
0
0
0.00411688
0
0
-0.0023191
0.00169258
0
-0.00132974
0.00224321
0
0
0
0
0.0025119
-0.0024217
0.00235216
0
-0.0021911
0.00210546
0.00202705
0
0
-0.00357008
-0.00336909
0.00316361
0
-0.00280489
0
0.00484502
0
-0.00382639
0
0
-0.00238512
0
0
0
0
-0.00250104
0.00486078
0
0.00455375
0
-0.00422984
0
0.00390255
0
0.00356078
0.00676683
-0.00321012
0
0
0
-0.0048401
0
0.00793907
0
0
0
0
0
-0.00185997
0.000617686
0
-0.00243848
0
-0.00456094
0.00440968
2.79549e-06
-0.00404819
-0.00391437
0
0.00355699
-0.00338068
0.00644619
0
0
0
0.0048559
0
-0.00398796
0
0
0
0
0
0.00185331
-0.000634397
0
0
0
-0.00455098
-2.48531e-06
3.02271e-06
0.00808508
-0.00393573
-0.00756189
-0.00357819
0
-0.0128671
0
0
0
-0.00486637
0
0
0
0.00607734
0
0
0
-0.00182553
-0.000628321
0
0
0
0.00905264
-0.00438086
0.00422963
0.00405144
0.00395613
0.00752488
0
0
0.00642952
0
-0.00565215
-0.00525137
0
0
-0.00787309
0
-2.15775e-05
0
0.00397536
0
0.0018162
0.000629528
0
0.00480699
0
-0.00454272
0
0
-0.00811094
0
0
-0.00715847
0
0.00641756
0
1.33175e-05
0.00525917
0
0
0.00787706
0
-0.0060866
-0.004986
-0.00398854
0
0
0.00122579
0
2.29033e-07
0
0
0
-0.0084221
0.00811222
-0.00782502
0
1.27042e-05
0
-0.00641459
0
0.00565144
0
0
0
0.00780497
-0.00689871
0.0059871
0.0099519
0.00789936
0
0
-0.00242272
0.00488048
-0.0095341
0
0
0
8.8952e-06
-0.0162644
0.0078057
0
0.00712877
0
0
0
0
0
0
-0.00868323
-0.0077686
0.00685783
-2.94144e-05
-0.00493761
-0.00789222
0.00561836
0
0.00118859
-0.00977012
0.0142974
-0.00926243
0
0.00874639
9.90622e-06
1.10003e-05
0
0
0
0
0.0126231
0
0
-0.0103168
0
0.00855555
0
0
-0.00581367
0.00957035
0.00771914
-0.00543944
0
0
0.00485986
-0.00949332
0.00921088
0
-0.00871814
0.00840254
1.18817e-05
0.00774712
0
-0.0141585
0.0129144
-0.0252342
0
0
3.58423e-05
0
0
-0.00729475
0
0
-0.0179476
-6.1051e-05
0
0.00329391
0
0
0
-0.00907847
0
0.00860579
-0.00827273
1.24792e-05
-0.00761594
-0.0142055
0.0137074
-0.0122746
0.0251564
0
-0.0105581
0.0095313
0
0
0.00626799
-0.0120915
0
0.00732808
-0.00637833
-0.00457186
-0.00547209
-0.00082144
0
-0.00874499
0.00897013
0
-1.1978e-05
0.00814873
0.00763255
0.0142235
0.0265339
0
0
-0.0124717
0
3.79358e-05
-0.00839395
0.0082574
0
0.0107268
0.00966464
0
-0.00545211
0
0.00352454
0.00201846
1.87438e-05
0
0.00841007
0
0
-1.20298e-05
0
0.0153608
-0.0139084
-0.0130093
0
0.0107015
-0.0131155
0
3.56563e-05
0.00759375
-0.0083391
0
-0.00960844
0.00799674
0
5.69974e-05
0
0
-0.00151957
0.00142406
0
0
0
0
-1.05658e-05
0
-0.0147588
0.0136317
0
-0.0104742
-0.00891535
0.0128517
0
0.0176856
-0.0065382
-0.0153241
0
0
-0.0146403
0.00566762
0.00883258
0
0.00235756
0.00133817
-0.00084547
-0.00989375
0.00903403
0
-0.00740451
-0.0151907
0
0.0146593
-0.0137683
0
0.0106327
0
0.0119819
0
-0.00850714
0.0187069
0.0290842
0
-0.0080202
0.00727694
-0.00529525
-6.01571e-05
-0.00335249
-0.00452297
0.00260026
0
1.44133e-06
-0.00940574
-0.00866046
7.3794e-06
0.00815163
0
-0.0150604
0
0
0
-0.0100242
-0.0110807
0
-0.0174828
-0.0139312
-0.0139527
0
0.00883137
0
0
-6.06555e-05
3.33003e-05
0.00227362
-2.00084e-05
-0.000798677
0.00985196
0.00941893
0.00951657
0.00918232
0
0
0
0
0
0.013071
0.010886
-0.0106984
0
0.0366784
0
0
0
0
0
0
-6.04857e-05
0.00409326
0
-0.00305755
1.56565e-05
0
-0.0102587
0
0
0
0.0179224
0
-0.0161733
0
-2.57751e-05
0
2.59552e-05
0
-0.0379227
0
0
0
0.0102716
-0.00823659
0
-0.00515311
0.00431267
0
0
1.2493e-05
0
0
0
0
0
-1.98875e-05
0
2.32074e-05
-0.0155011
-0.0143445
0.0126457
2.42762e-05
0
0.0405875
0
0
0
-3.58941e-05
0.00936591
0.00751012
0.00563594
-0.00479485
-0.00572776
-0.00381809
0.00106675
0.0141557
-0.0134986
0
-0.0249548
0.0229552
-0.0229884
0
0.0402796
0.0176265
0
-0.0147112
0.0142948
0
-0.0473096
-0.0205309
0
-0.0159694
-3.27622e-05
-0.0112818
-0.0186024
-6.12058e-05
0
0.00718279
0.00474671
0.00130857
-0.0178959
0.0168157
0
0.0313428
-0.0579539
-0.0283343
0
-0.0506438
0
0
0
-0.0183684
0
4.66166e-05
6.05671e-05
0
0.02089
-0.0180859
0.0151284
0.0125617
-0.00932624
-0.0155831
0
0
-1.68188e-05
0
0
0
0.0427681
0.0403888
0.0386656
0
0.0696166
0
-0.0295681
0
0.0519125
0
0.0428
0.0383054
0
0
0
-0.0222807
0
0
0.0234516
0
-0.0101692
-0.00556777
0
0.0345246
-0.0663925
-0.0634864
0
0
0.0542957
-0.0520449
0
0.0902169
0
-0.0396575
0
0
-0.0595162
-0.0547379
0
0
0.0710763
0.0302601
0.0460125
0
0
-1.30331e-05
0.0046724
0
-0.108246
0.104073
0
0.0947643
0
-0.0857171
0
0
-0.0718115
-0.0669695
0.125954
0
0
0.19329
0.0889839
-0.0778087
0
-0.0584562
-0.0506708
-0.0774819
0
0
0.0583608
0
0
0.0845215
-0.162339
0
-0.148197
-0.141634
0
0.127651
0
0
3.6895e-05
-0.198348
0
0
-0.154425
0
0.12498
0
0
0
0
-0.105649
0
-0.0483702
0
0
0.126745
0.24216
0
0
0.422211
-0.199603
-5.33448e-05
0
0
4.8618e-05
0.294604
0
0
0
0.210692
0
0.167467
0
0
0.189815
0.000189516
0
0
0.0191737
0
-0.0317127
0
0
0.049273
-0.0451352
9.09765e-06
-0.0376211
0
-0.0308886
0.0277183
-0.0496477
0
0
0
-0.0294197
0
-1.42143e-05
0
0
-0.0176867
2.59354e-05
0
0.00636293
-0.000740471
)
;

boundaryField
{
    inlet
    {
        type            calculated;
        value           uniform 0;
    }
    outlet
    {
        type            calculated;
        value           nonuniform List<scalar> 
57
(
4.05916e-17
-2.1806e-17
0
0
0
5.47312e-18
-4.73229e-18
-4.22113e-18
1.9246e-18
1.7942e-18
0
0
0
1.51127e-18
-2.94381e-18
1.4409e-18
0
6.96147e-19
-6.89292e-19
6.79495e-19
-3.51773e-21
-6.71943e-19
0
3.29854e-19
-4.95561e-19
1.65248e-19
0
1.8026e-19
-1.90344e-19
0
0
-7.61513e-19
7.81953e-19
7.86253e-19
-8.14145e-19
-1.66293e-18
3.47261e-18
-1.82512e-18
0
0
2.27623e-18
2.54896e-20
-8.15749e-18
5.80518e-18
0
6.97815e-18
1.06408e-19
1.1232e-19
-9.48013e-18
-1.09429e-17
-1.2952e-19
2.95758e-17
-1.7543e-17
0
0
-3.86432e-17
6.99966e-17
)
;
    }
    upperWall
    {
        type            calculated;
        value           uniform 0;
    }
    lowerWall
    {
        type            calculated;
        value           uniform 0;
    }
    frontAndBack
    {
        type            empty;
    }
}


// ************************************************************************* //
