/*--------------------------------*- C++ -*----------------------------------*\
  =========                 |
  \\      /  F ield         | OpenFOAM: The Open Source CFD Toolbox
   \\    /   O peration     | Website:  https://openfoam.org
    \\  /    A nd           | Version:  8
     \\/     M anipulation  |
\*---------------------------------------------------------------------------*/
FoamFile
{
    version     2.0;
    format      ascii;
    class       volScalarField;
    location    "200";
    object      wpod_3;
}
// * * * * * * * * * * * * * * * * * * * * * * * * * * * * * * * * * * * * * //

dimensions      [0 1 -1 0 0 0 0];

internalField   nonuniform List<scalar> 
12225
(
-7.89993e-16
-2.36742e-16
7.00494e-17
-8.88571e-17
2.31581e-17
2.36516e-17
2.07767e-17
3.98159e-17
1.91237e-17
-1.44528e-17
-6.57431e-18
9.41768e-18
-3.5374e-18
-1.98881e-18
1.08314e-17
3.55486e-18
6.42616e-18
-2.11031e-18
-1.06917e-18
4.95295e-18
3.7233e-18
-9.90265e-20
1.39311e-19
5.90378e-18
2.25013e-18
3.37368e-18
-4.45641e-18
1.22993e-18
-2.15592e-18
-3.0227e-18
-7.02023e-20
2.32772e-18
4.0736e-19
3.92747e-18
1.29879e-18
3.06736e-18
-3.84824e-18
2.0159e-18
3.43081e-19
-1.46794e-18
4.6128e-18
3.1888e-18
-1.9557e-18
1.98853e-18
-4.03019e-19
-1.00566e-18
4.92738e-19
6.98275e-19
1.60755e-18
-1.63377e-18
3.18719e-18
-1.65358e-18
-2.98479e-18
-1.86307e-19
3.40215e-18
1.24132e-18
4.50374e-19
2.67925e-19
7.02737e-19
1.66709e-18
-4.7729e-19
-3.54886e-18
-6.73563e-19
8.03153e-19
1.2749e-18
1.95616e-19
1.81689e-18
4.16044e-19
-1.37599e-18
1.04007e-18
-5.74639e-19
6.49309e-19
-1.8652e-18
-7.20459e-19
-1.77302e-19
3.12887e-19
4.8644e-19
5.41811e-19
3.2014e-19
-2.3667e-19
2.36209e-19
1.73816e-19
-2.81172e-19
1.09052e-19
4.52772e-19
1.07553e-19
-3.42759e-19
-9.59327e-20
7.04229e-21
-6.38665e-21
4.90259e-20
-8.25708e-20
-5.83379e-20
-2.68638e-20
3.86398e-21
3.34405e-20
3.78783e-21
8.01372e-20
3.39347e-20
-1.07083e-20
-1.01991e-20
-7.83874e-21
-4.45082e-21
0
0
0
0
0
0
0
0
0
0
0
0
0
0
0
0
0
0
0
0
0
0
0
0
0
0
0
0
0
0
0
0
0
0
0
0
0
0
0
0
0
0
0
0
0
0
0
0
0
0
0
0
0
0
0
0
0
0
0
0
0
0
0
0
0
0
0
0
0
0
0
0
0
0
0
0
0
0
0
0
0
0
0
0
0
0
0
0
0
0
0
0
0
0
0
0
0
0
0
0
0
0
0
0
0
0
0
0
0
0
0
0
0
0
0
0
0
0
0
0
0
0
0
0
0
0
0
0
0
0
0
0
0
0
0
0
0
0
0
0
0
0
0
0
0
0
0
0
0
0
0
0
0
0
0
0
0
0
0
0
0
0
0
0
0
0
0
0
0
0
0
0
0
0
0
0
0
0
0
0
0
0
0
0
0
0
0
0
0
0
0
0
0
0
0
0
0
0
0
0
0
0
0
0
0
0
0
0
0
0
0
0
0
0
0
0
0
0
0
0
0
0
0
0
0
0
0
0
0
0
0
0
0
0
0
0
0
0
0
0
0
0
0
0
0
0
0
0
0
0
0
0
0
0
0
0
0
0
0
0
0
0
0
0
0
0
0
0
0
0
0
0
0
0
0
0
0
0
0
0
0
0
0
0
0
0
0
0
0
0
0
0
0
0
0
0
0
0
0
0
0
0
0
0
0
0
0
0
0
0
0
0
0
0
0
0
0
0
0
0
0
0
0
0
0
0
0
0
0
0
0
0
0
0
0
0
0
0
0
0
0
0
0
0
0
0
0
0
0
0
0
0
0
0
0
0
0
0
0
0
0
0
0
0
0
0
0
0
0
0
0
0
0
0
0
0
0
0
0
0
0
0
0
0
0
0
0
0
0
0
0
0
0
0
0
0
0
0
0
0
0
0
0
0
0
0
0
0
0
0
0
0
0
0
0
0
0
0
0
0
0
0
0
0
0
0
0
0
0
0
0
0
0
0
0
0
0
-0.00228405
0.000548002
0
0
0
-0.000305743
0
0
0
0
0.000655141
0
0
0
0
0.000432342
0
0
0
0
0
0
0
0.000387563
-0.00037196
0.000358325
0.000349293
0
0
-0.000313702
-0.000306302
0
0
-0.000283373
0
0
0.00026254
0
0.000251012
0.000490176
0
0
0
0
0
0.000452729
0.000446094
0.000443395
0
-0.000441677
0
0.000435869
0.000435372
0
0
0
0.000432464
0
0
0
0
0
0
0
0
-0.000436497
0
0
0.000440763
0.000445986
0
-0.000448925
0.000452692
0
-0.000456188
0
0
0.000466593
0
-0.000474208
0
0.000481135
0.000482746
0.00048736
0.000981354
-0.000987044
0
0
0
-0.00101497
-0.00102074
0.0010297
0
-0.00104219
-0.00104815
-0.00105362
0
0
0
-0.00106869
0
0
0.00107286
0
0
0.00106721
0
0
-0.00104799
-0.00103772
0
0.00101038
0
-0.000974
0
-0.000926603
-0.00089937
0
0
0
0
0
0
0
-0.0006533
0.000625509
0
0
0
0
0.000948308
0
-0.000830663
0.000764114
0
0
0
-0.000506048
-0.000445431
0
-0.000332088
-0.000274541
0.000222689
0
0
7.31156e-05
0
0
0
0
0.00013705
0.000172865
0
0.000235813
0
0
0.000312993
0
0.000347351
0
0
0.000375903
0
0.000377439
0
0
0
-0.000331201
0
0.00029211
0
0
0
0
0
0
0
-0.000314425
0
0
0.00484797
-0.00216197
0
0.000795209
0
0.000298328
-0.000515009
-0.000457807
0
-0.000393401
-0.000189983
0
0
0
0
-0.00018007
0
0.000341174
0
0
-0.000331677
0
0.000325907
-0.000160695
0.000156822
-0.00015208
-0.000147983
0
0
0.000139118
-0.00013368
0
0
0.000126833
0
0
-0.00012021
0
0.000115344
-0.000232217
0
0
-0.000450409
-0.000448874
-0.000447366
0.000220572
-0.00022274
-0.000660792
0.000439147
0.000222098
0
-0.000223773
0.000219687
0
0
0
-0.000227382
0
0.000454178
0
0.000458462
0
-0.000464327
0
0.000470919
-0.000235408
0
-0.000482515
-0.000245881
-0.000247635
0
-0.000247617
-0.000254505
0
0.00025777
-0.0005153
0
-0.000263558
0
0.000797511
0
-0.000812633
-0.000272842
0.000271545
0.000546305
-0.000551135
0
0
0
0.00169434
0.000569923
-0.000573689
0
-0.000569634
0.000578059
0.000579828
0
0
0
0.000582783
0
-0.00115998
-0.0017304
0.00115196
0
0.000566998
0
0.00112982
-0.000558773
-0.000556938
0
-0.00164907
0.00108793
0.000539862
0
0.00052483
0.00155321
0
0.00101366
0.000995633
0.000979977
0
0
0
-0.000458534
-0.000451341
0
-0.000871793
-0.000858438
0
-0.000820611
-0.00161223
0.000792856
0.000774324
0
0
0
0.000694664
-0.000684402
-0.00132437
0.000642108
-0.000629848
-0.000611613
0
0
0.000572084
0
0
-0.00104018
0
-0.000505556
0.000481759
0
-0.000458605
0
0
0.000417523
-0.000836969
0.000400624
0
0
-0.000376871
0
-0.000361924
0
0
0
-0.000328161
0
0.000325244
0
0
-0.000620192
0.000628451
0
0
0
-0.00164617
0
0.0010154
1.51622e-06
0.00333255
0
-0.00131942
0
0
1.2798e-06
0.000341146
0.000313581
0.00029582
0
0
-0.000262634
-0.000512074
0.00049904
0
0.000473898
-0.000232977
0
0.00043931
0.000216162
-0.000416954
-0.000205928
0
0.00038886
0.000378343
0
0.000361315
0
0.000346582
0.000171256
0
0
0
0
0
0
0.000307115
-0.000461367
0
0
0
2.78396e-06
0.000305888
0.000608639
-0.00061086
-0.000303542
0.000305688
-2.92391e-06
0.000304908
0
0.000307672
-2.99233e-06
0
0
-0.000316583
0
0
0.000320637
0.0006516
-0.000331285
0
0.00033721
0
0.000338979
0.000347232
-0.000694934
-0.000347761
0
0.000716286
0
0.0011032
0.000742054
0.000748004
-0.000752452
0.00113954
0
0
-0.000779601
-0.00117742
0
0.000399975
0
-0.00121473
-4.61168e-06
4.50538e-06
0.000826015
0
-0.000829585
-4.00177e-06
0
0
0
0.000851212
0
0
0
0
0
0.000860332
0
0.000863516
0.000856522
-0.000857698
0
-0.000850586
0
-0.000841394
0.000835261
0.0025058
0
0.0024961
0.000826162
0
0.00162394
0.00160568
-0.00238864
0
-0.000788879
-0.000778643
-0.0023073
0
0
0
-0.000738776
0
0
0.000712014
0.000707342
0
0
0.00136867
0
-0.00133168
-0.00131332
0
0
0.00125648
-3.34156e-06
-3.4437e-06
0
0.0023795
0
0
0
-0.00112983
0
0.00219096
0.00108483
0
0.00106884
0
0
0.00305055
-0.00201125
0
-0.00198039
0.000990757
0
0
0
0.00278318
0
0.000911307
0
0
0
0
0
0
0.00172037
0
0.000843008
-0.00255454
0
0
0.00163125
0.00159361
-0.00156654
-0.00155893
-0.00716547
-0.00448007
-0.00162147
-0.000552455
0
0.000728309
-0.00031768
0
-0.000264983
0
0.000465387
0
0.000215884
0.000417659
-0.00040477
0
-0.000379499
0
0
-0.000348491
0
4.33999e-06
0
0
-3.94825e-06
-0.00029793
-0.000286903
-0.000284842
0
-0.000542697
0
-0.000256336
0
0
0.00024416
0
-0.000240569
-2.58261e-06
0.000480554
-0.000476834
0
0
-0.000238517
0
-0.000243246
0.000243538
0.000243928
0
-0.000245876
-0.000247463
0.000492942
-0.000250466
-0.000252113
0
0
0.000259704
0
0
-0.000535125
-0.000540486
0
0
0
0
-0.000570377
0.000571463
0.000581554
0.00117143
0
-3.90396e-06
0
-0.000612496
-3.74203e-06
-0.000624827
0.000630781
-3.56451e-06
0
0.000641795
0.000651589
0.00130932
0
-0.000663647
0
0.00135019
-0.000680918
0.000685464
-0.000690501
-0.00137966
0.000695663
-0.000698479
0
0.00140555
0
0.00141267
-0.00141787
-0.00142285
0.00142514
0.00142601
0
0.000714005
0
0
0.00142953
0
0
0.00142428
0
0
0
-0.00280494
0
-0.0027865
-0.00138938
-0.00138205
-1.32063e-06
-0.00135802
0.00269597
0.00133775
0
0.00132301
0.00262406
0
0
0
-2.5063e-07
0
0
0
0
-0.00242992
0
0.00238591
0
0.00233791
0.00115337
-0.00227971
0.00226414
0.00112106
-0.00111102
0.00109523
0
0.00108071
0
0
0
0.00207479
0
3.84825e-06
0
0
0.00199593
0
0
-0.00192951
-3.93666e-06
0
0.00189473
0.00189454
0
0
-0.00185256
3.30753e-06
0
-0.00179335
0
0
0
0.00174881
0
0
-0.00172833
0
0
0.00342438
0
0
-0.0016651
-0.00327792
0.00161853
0
0.00450699
0.0025101
0.00140287
0.000988343
0
-0.00131465
2.65855e-06
0
0
0
-0.000412103
0
0
0
0
0
0.000318062
0.000307059
0
0
-0.000286424
0.000560461
0
0.000262757
-0.000260357
0
0.000742505
-0.000483645
0.00047337
0.000233991
0
0.000661702
0
0
-0.000210173
0.000411749
0.000617968
-0.000616535
-0.000207498
0.000415827
0
0
4.90944e-06
0
-0.000416998
-0.000419777
-0.000422479
0
0.000427757
0
-0.0008751
0
0.00044391
0
-0.000453914
0
0
0
0
0
0
0
-0.000496983
0
0
-0.000517211
0
-0.000528096
-0.000530322
-0.000538471
0
0
-0.000555723
0.00111605
0
-0.00170762
0
-0.000580762
0
-0.000591582
-0.0011869
0.000600333
0
-0.000609375
0.00122241
0
0
0.00124475
0
-0.00125248
0
-0.00126559
0
-0.00253922
0.00127246
0.00255084
-0.00127725
-0.001278
0
-2.41185e-06
0
0.00128007
-0.00128252
0
0
-0.0012771
0.00127219
0
0
0.00125927
0
0.00124591
0
0.00123579
-0.00122726
0.00243636
-0.00120927
-0.00120165
0
-0.00118651
-0.00117725
0
0
-0.00230483
0.00114316
-0.00226318
0
0
0
0.00438051
0
-0.0021538
0
-0.00211601
0
0.00207382
-0.0020558
-0.00203901
0.00202354
0
0
1.55376e-06
0
0
0
-0.0019093
0
-0.00187372
0
-0.00185592
-0.00184513
0.0018419
0
-0.0018105
0.00179324
0
0.00177993
-0.00353464
0
-0.0034982
0.00174272
-0.00171947
0
0.00169285
0
0
0
-0.00166165
0
0
0
0
0
-0.00162262
0
-0.0032083
0
0.00315055
0.00308983
0
0
-0.00214086
0
0
0
3.46672e-06
3.45491e-06
-0.00046815
0
0
0
0
0
-0.000639037
0
0.000591041
-0.000289074
-0.000279106
0
0
0.000256181
-0.00024949
0
-0.000236899
0.000453352
0
-0.000443873
0.000438078
-0.000429786
0
0
-0.000399201
0
0
0.000370822
-0.000744007
-0.000375148
0.000746362
-0.0003721
0
0
0
0.000385254
0
0.000387172
0.000389308
0.000391642
0.00039003
-0.000398447
0
0.000407107
0
-4.17569e-06
0
0.000849466
0
-0.000433413
0
0
-0.00089965
0
0
0.000469881
0
0
-0.000966425
0
0.000986781
0.000501651
0
-0.00102057
0
0.00104293
-0.00210664
0
0.00107368
0
0
0.00109691
0
0.0011181
-0.0011209
0
0
-0.00115291
0.00115482
0.00115866
0.00116548
0
0.00117819
0.00117743
0
0
0.00119116
0
-0.00119496
0
0.00119315
0
-2.0321e-06
0
-0.00120068
0
0
0
0
-0.00118957
0
0
-0.00235265
0
0
0
-0.00229214
0
-0.00226713
0
0.00223129
-0.002219
0
0.00219195
0
0
0.00430386
-0.00212833
0.0021078
0
0
0
-0.00408803
0
0.00200572
0
0
0
0
0.00192248
0
-0.00189473
0.0018737
0.00185912
-0.00184123
0
0
0
0
0
0
0
0.00174338
0
-0.00173059
0
0.00511613
0
-0.00336985
-0.00167638
0.00166198
0
0.00329132
0
0.00325794
0
0
0
0
0
-0.00314946
-0.00313191
0
0
0
0
0.00305641
0
0.00606326
-0.00301221
-0.00297774
-0.00293413
-0.00287698
0
0.00186947
0
0.00165485
0.00132845
-0.000554288
-0.000480172
-0.000426966
-0.000782604
0
0
0.000634229
0
0.00116521
0
-0.000547073
0
0
0.000482814
0
0.000455056
0
0
0
-8.18918e-06
0
0
0
0
0
0
-0.000356269
0
0.000341563
-6.75918e-06
0.00034505
0
-0.000348101
0.000349632
0
0
0
0
0
0
-0.000362696
0.000365531
-0.000373497
0.00074427
0
-0.000762859
0.00077295
0.000387392
0
-0.000406661
0
0.000417392
0
0
0.000867364
0
-0.000883193
0
0
0
0.00186273
0.000938328
-0.000954272
-0.000959039
0
0.000987076
0
-0.00100712
4.8064e-06
0
0
-0.00103793
0
-0.0010576
0
0.00107371
0.00108329
0
0
0
-0.00111202
-0.00111624
-0.00112376
0
0
-0.00113551
-0.00113852
0
0
0
0.00228618
0
-0.00114323
0
0.0011477
0
-0.00229615
-0.00228957
0.00229261
0
0
-0.00227014
0
-0.00225524
3.45957e-06
0.0022347
0
0
0.00218891
0
0
0.00214149
-0.00213445
0.00423595
0
-0.00210125
0
0
-0.00410652
0.00203044
0
0
0
0
0.00195297
-0.00193443
-0.00191646
0
0
0
-0.00185012
-0.00366523
0
0.00541529
-0.00178968
-0.0017742
0
0.00349976
0
0
0
0
0.00336584
0
0
0
0
0
1.60815e-06
-0.00323616
0.00321675
-0.00320679
0
0.00315838
0
-0.00313167
-0.0031102
0
0
-0.00304826
-0.0030275
-0.00301314
-4.51554e-07
0.00298573
0
0
0
-0.00291313
-0.00290973
0
-0.00576922
4.10536e-06
5.63195e-06
0.00278204
0.00546953
0.0063503
0
0
-0.00309418
-0.00125501
1.03022e-05
0.000915584
9.60738e-06
0.000733293
0
0
-0.000589022
0
-0.00053833
0
0
0
0
-0.000448412
0
-0.000419137
0
0
-0.00038013
-0.000382027
-0.000367213
-0.000361596
0
-0.000348669
-0.000341391
-0.000334041
0.000333766
0
-0.000321164
-7.28312e-06
0.000313566
0.000316359
0
-0.000323698
0
0
0.000665849
0.000672428
0
0
0.00103918
-0.00105105
0
-1.00153e-05
0
0.000741114
-0.000751413
-0.000762073
0
0
0
0.000798319
0
-0.000820784
0
0
0.000861691
0
0
0
-0.00180342
-0.000915392
0
5.63437e-06
0
-0.00095153
0.000963385
-0.000973108
0.000987358
0
-0.00100259
4.35417e-06
0
0
-0.00103663
-0.00104994
-0.00105427
-0.00105946
0.00106401
0
0
0
0
0.00218999
0
0
0.00332371
0
-0.00221287
0
-0.00222667
0
-0.00221272
0
-0.00223089
0
0.0022276
0.00444665
-0.00222387
0
0.00221126
0.00220307
0
0.00218729
0.00218067
-0.00216989
0.00215165
-0.00213565
-0.00211431
0
0
-3.07269e-06
0
-0.00204859
-0.00203695
0
0
-0.00199444
0.00198024
0
0
0
-0.00191321
-0.001903
0
0.00186982
0
0
0
0
0.001789
0.00177068
0.00350912
-0.00348636
-0.0034606
-0.00343466
0
-0.00678882
0
0
0
0
-0.00326743
0
0
0.00320777
0
0
7.63678e-07
0.0062717
0.00311061
0.00310722
-0.0030831
-0.00611131
0.00303541
-2.80428e-07
0
0
0
0.00295219
0.00293061
0.00291097
2.63107e-07
0
0
0
0
0.00280939
0
0
0.00277903
0.00275515
0.00272975
-0.00267417
-0.00262879
-0.00577084
-0.00301315
0
0.00147945
0
1.17478e-05
0.000852629
0.000758548
0
0.000602677
0
0
0
0.000477457
0
0
-0.000428263
0
0
0.000382605
0
0.000361723
0
0.000702889
-0.000341068
9.36869e-06
9.20017e-06
0.000325738
0.000327441
0.000632367
8.48638e-06
0
0
0.000578421
-0.00029685
-0.000300146
-0.000305393
0
0.000922575
-0.000616017
-0.000621832
-0.000642215
-0.00064976
0
0.000652765
-0.00133119
0.000679151
0.000676035
-0.00137997
0
0
0
0
0.000740401
0
0
-0.000783772
0
0.00160526
0
-0.00082193
0
0
0
0
0.000882842
0
0.000898147
5.75993e-06
0
0.000935076
-0.000945333
0.000954946
0
0
0.00196106
0.000991525
0
0
0.00303776
0
0.00308616
0.0010357
-0.00104027
-0.00208865
0
0
0
-5.82332e-06
0.0021437
0
-5.19954e-06
0
0.00217312
0.00216617
-0.00216796
0
0.00216851
0
-0.00216699
0
-0.00217065
-0.00217571
0.00216518
0
-0.0043211
0
0
0
0
0
-0.00210035
0.00209169
0.00206861
0
0
-3.46724e-06
0
-0.00199423
0.00397667
0
-0.00392359
0.00583629
0
0.00380642
0
0
0.00185866
0.0018465
-0.00365476
-0.00362823
0
0
0
0
0
0
-0.00685851
0
1.47756e-06
0.00335979
-0.00333616
0.00331606
0
0
0
0
-0.00320498
0
-0.00314058
-0.00625808
0.00312544
0
-0.00307904
-0.00306224
-0.00303117
-0.0030407
0.00301417
0.00298647
-0.00296817
0.0059268
0
0
0.00289759
-0.00289403
0
-0.00568187
0.00283854
0
0
0
-0.00549348
-0.00547529
0
0
0
-0.0053506
-0.00528535
0.00516971
0
0
0.00287214
0
0.00141683
0
0.000953728
-0.000811911
0.000693756
0
-0.000563506
0
0
0
-0.000438671
0.000414547
0
0.000772099
-0.000366712
0
-0.000352731
0
-0.000334544
-0.000318829
-0.000640131
0.00063829
0.000324028
0.000939063
-0.000312251
0.000590135
-0.000873381
0.000290354
0
0.000543085
-0.000558021
-0.000545969
0
0
0.000572755
-0.000592779
0.00118638
0.00120084
0
0
0
-1.18036e-05
1.14784e-05
-0.000644458
-0.000663961
0.00133662
0
0
0
0.000708723
-9.2091e-06
0
0
0
0
-7.97711e-06
0
0.00161187
0
0
0
0
0
-0.000870033
-0.00176692
0.000895456
0
0.00182484
-0.00184264
0
0.00187769
-0.00189943
-0.00288726
0
0
0
-0.00199519
-0.00200461
-0.0040357
0
0.00203279
6.91538e-06
0.00206157
0.00206886
0
-0.0042047
-0.00421273
0
-0.00212607
0
0
-0.00213448
4.80791e-06
0.00212299
0
0
0.00426108
0
4.50736e-06
0
-0.00212932
0
0.00211643
0
0
0.00208607
0
0
0
-0.00204136
-0.00201787
0
-0.00398095
-0.00197528
0.00391846
0.00194708
0.00193775
-0.00387316
6.34423e-06
-0.00380872
-0.00375597
-0.00744371
0.0036989
0
0.00362289
0.00359665
0.0035666
5.08317e-06
0
0
0
0
0
0
0.00671897
0
0.00662742
0
0.00653847
0
-0.00322577
0
0.00317974
0
0.00630577
0
0.00308421
4.42945e-07
-0.00615421
0
0
0
0
0.00299064
0
0
0
-0.00873161
-0.00578511
0
-0.00285204
0.00285321
0.00564935
0.00560058
0.00558424
0.00555749
-0.00549143
0
4.30657e-06
0.0107597
0
0
0
9.43247e-06
1.11238e-05
-0.00507776
0
0.00497597
-0.0027663
0
-0.00137942
0
-0.000886282
0
-0.000653125
0
0.000506335
0
0
0
-0.000384239
-0.000380428
0
-0.000350219
0.000337877
0
0
0
0
0.000302047
0.000300533
-0.000300343
0
-0.000585666
0.000553432
-0.00110156
0.000548566
0
0
-0.000529109
0
0.000539352
-0.000532472
0
-0.00111403
0
-0.000579424
-0.00058533
0.000579896
0
0
-0.000618622
1.13908e-05
0.000637054
-0.000636309
-1.05052e-05
0
0
-0.000680378
-0.000701404
-0.00071293
-0.000715526
0
0
0
-0.000770001
0
-7.49477e-06
-0.000797666
0.000809604
0
-0.00166329
0.00168668
0.00256892
0.00259855
0
0
-0.00180396
0.00182447
0
-0.00186144
0.00187795
0.00190026
0
0
0.00194413
0
0.00197952
0.00198957
0.00199651
-0.0020112
0.00202255
-0.00203975
-0.00408503
0
0.00206656
0.00207046
0
0
0
-0.00207507
0
0.00209479
-0.00208828
0
0
-0.00209792
0
0.00419658
0
0
0
0.00207003
0
0
-0.00614011
0
0
0
0.00598766
0.00198193
0
0.00391118
0.0038748
-0.00770885
0.00381602
-0.0038128
7.46269e-06
0.00377528
0
0.00369175
0.00364682
-0.00363718
0
-6.47124e-06
-0.00704784
0
0.00347092
0
0
0
0
0
0
-0.00330329
0
-0.00324924
0.00322622
-0.00320344
0
0.00316709
0
-1.21499e-06
0
-1.03248e-06
0
0
0.00303372
0.00303281
0
-0.00596135
0
0
0
0
-0.00580152
0
0.00572221
3.01685e-06
0.00568295
0
0
-0.00558694
-0.00553838
-0.00551336
-3.91404e-06
0.00541954
0
0.00533628
-0.0106286
0
0
-0.00523564
0.0103772
1.10822e-05
0
0
-0.0048432
0.00274446
-0.0017569
0
0
1.64766e-05
0
0
0
-1.32916e-05
0
0
0
0.000363948
0.000669268
0
0
0
0.000583962
0.000572726
-0.000560896
-0.000549624
0
0
0
0
0
-2.03335e-05
0.000518965
0
0
0
0
0
0
0.000532281
0
0.000549917
0
0
0
-0.000579278
0
0
0
1.10157e-05
0
0.00125689
-0.000644033
0
0
0.000676159
-0.000678372
0
0.000710697
0.00071392
0
0
0
0
-0.000780124
0.000791919
-0.000803713
0.00161501
0.00328635
-0.00167547
-0.00169811
-0.00171756
0
0
0
0
0.00181449
0
0
0
-0.0018799
0
-8.60053e-06
0
-0.00194831
0
-0.00197925
0
0
0
0.00201991
0
0
0.00203168
0.00204032
0.00205347
0
5.66973e-06
0
-0.00205714
0
0
0.00206672
0
0
-0.00205912
-0.00205666
0
0
-0.00203919
0.00404778
0
0.00402242
0
0
0.00393505
-0.00391231
-0.00387845
0
0
-0.0038131
0.00379336
-0.00375494
0.00371597
0.00370663
0.00368931
0.00366212
0
-0.00356678
-0.00355423
0
-0.00348869
7.0837e-06
-0.0034158
0
0
0
0
0
0
0.00326166
0
0.00321438
0
-0.00316676
0
0
0.00310623
0
-0.00615496
0
-0.00305137
0
0
0
0
0
0.0117564
-0.00586943
-0.00585553
0
0.00576429
0.00574478
0
0
4.00012e-06
-0.00559889
0
-0.00555501
0
0.00550735
0
-0.0108351
0
-0.00533957
0
0.00527537
0
0
0.00517732
-0.00515148
1.10654e-05
0.00496507
0
0
0
0.00168355
0
0
0.000766709
0
0.000535933
0
0.000405966
0
0
0
0
-0.000638155
0.000590942
0
0
-0.000567742
-0.000552449
2.61993e-05
0.000529124
0
0
0
0
0
-0.00096556
0
0
0
0
0.000483435
0.000491224
0
0
0.000516985
0
0
-0.000541285
0
0
0
0
0
1.03578e-05
-0.000604084
-0.000624046
0
-0.000635347
0
0
0.000678286
-0.00136292
0
-0.00071356
0
0
0
0
0
0
0.00157636
-0.00161333
-0.00163456
-0.0016449
0.00166548
0
0
0
0
-0.00177484
-0.00180678
0.00181699
-0.00183214
0
0.00373691
0
-0.00190301
-0.00190929
0.00386392
0
0
0.00195493
-0.0019697
0.00197897
-0.00199038
0
0
-6.65643e-06
-0.00202262
-6.32879e-06
0
6.06904e-06
0.00202458
5.92783e-06
0
0
-0.00204129
0
0
-0.00403717
-0.00201402
0
0
0
-0.00398234
0
0
0
0
-0.00773238
0.00382394
1.1417e-05
-0.00377501
0
0.00373208
0
-0.00368018
-0.00365252
0
-0.00361669
-0.00718421
0
0.00350692
0.00696164
0
0
0.00678465
7.5612e-06
0
0
0
0.00326542
0
0
-0.00640041
-0.00318306
-0.00316201
0
0
0.00307644
0
0.00304085
0
0.00302222
0
0.00599948
0.00596799
-0.00589049
0
0
0
-0.00579754
4.70893e-06
0.00577726
0
-0.00569961
0
0
0
0.00558026
0
0.00552591
0.00550089
0
-0.00544323
0.00542499
5.60846e-06
0.00533922
6.20852e-06
0
-0.00524125
0
0
0
0.00509578
1.10736e-05
-0.00991071
0
-0.00436583
-0.00230663
0
0
0
0
0
-0.000510417
0
-3.10288e-05
-0.000719127
0
0
0
0
-0.00113205
0
0
0
0
0.00100852
0
0
0
0.000471504
0
0
0.000485433
0
0.000470683
0
0
-0.0005027
-0.00100342
0
0
-0.000529585
0
0.000532467
0.000551604
-0.000548882
0
0
0
0
0.000604277
0.000614146
0
0
0.00064573
0
0
0
0.0013839
0
0
0.0014416
0
0.0014861
0
0
0
-0.00158758
-0.00159894
0.00161787
1.19102e-05
-0.00167313
0
0
0
0
0.00176957
0.00177882
-0.00181113
0.00183034
0.0018375
-0.00186035
0
0
8.64562e-06
-8.44026e-06
0.00191551
-0.00192653
-7.93577e-06
0.0019515
-0.00391224
0.00196901
0
0.00197453
-0.00198801
0
-0.00199809
0
-0.00199354
0.00198898
0.00199892
-0.00398515
0
0
0.00399081
0
0.00397112
0.00396319
0
0.00393323
0
0
-0.00387037
0
0
0
1.28498e-05
-0.0037667
0.00374479
0.0037205
0
-0.00732797
0.00363736
0.00361476
-0.00357877
0
0.00353742
0.00352223
0.00347033
0
-0.00341151
0
0
-0.00666229
0.00330494
0
0
0
-0.00320098
0
0
0.0031336
0.00312103
0.00619662
-0.00614268
0.00609121
-0.00302884
0
-0.00600023
0
0
0
-0.00589885
-0.0117591
0.00582302
0.00579661
-0.00577389
-0.00575048
0.00572971
5.7634e-06
0
0
-0.00563967
0
0.00558565
0
0
-0.00551028
-0.0109914
0
0
0.0107648
-0.00537679
0.00534092
-0.00532172
0.00527145
0.00524574
0.0104428
0
0
0
-0.00506894
0.00502829
0.00495761
0
0.00410945
0.00217677
0
0
0
0
0
0
0
-0.000775781
0.000712617
0
0
-0.000556414
0
0.00106063
-0.000502276
0
0
0
-0.000500051
-0.000472698
0
0
-0.000487867
0.000469421
0
0
-0.00048425
-0.00050352
0
0
0
0.000527411
0
0
-0.000539116
-0.000547503
-0.000565864
0
0.000581918
0
0
0
-0.00121558
0
-0.00125421
0
0
-0.00131564
0
-0.00135661
0.00137792
0
0.00142014
0.00144124
-0.00147671
0
-0.0030186
0
0
0.00155898
0
1.19796e-05
-0.00163707
1.149e-05
0
0
0
0
0.00173484
0
-0.00177482
0
0
-0.00183577
-0.00184012
0
0
0.00187415
-0.00376703
-8.58303e-06
0.00191234
-0.00192302
0.00192358
0.00193895
0.00193433
0
-0.00584288
-0.00391114
0
0
0
0.00789272
-0.003939
0.00392278
0.00394568
0
0
-0.00394151
0
0
-0.00389111
0
-0.00388193
-0.00384368
0
0.00381302
0
0
0
0.00747234
0.00369746
0
0
0
1.20202e-05
-0.00717897
0.0035505
0.00353837
0.0034978
-0.00696621
-0.00344806
-0.00342533
0
0
0
0
0.00655534
0.00325954
0.00323426
0
0
0
0
0
0
0
-0.00608865
0.00605541
-0.00601615
0
0
0
-0.00589638
0
0
0
0.00580641
0
-0.0114877
0.00571147
0.00569061
-0.00567007
6.75428e-06
0
0
0.0111928
0
-0.0110407
-0.00548162
0
0.00547173
0.00546341
0
0
-0.0107142
0.0053353
0.0053073
0
0
-0.00523356
-0.00520685
0.00516885
0
0
0
0
0
0
0
-0.00402695
0
0
-0.00142957
0.00115318
0
0.000831301
0
0
0
0
0
0.000522086
0
-0.000479326
2.63299e-05
0
-0.00044875
0
-0.000452172
0.000472774
0
0
0
-0.000484271
0.00047734
0
0.000503526
0
0
0.000513525
0
0
0
-0.000543044
0.000558491
0.000566135
0
0
0
0
-0.00119008
-0.00120784
0.00245075
0
0.00126839
0
0
0.00132409
0
0.00135726
-0.00273754
0
-0.00280991
-0.00142585
0
0
0.00147651
0
0
-0.00153126
0.00154832
0.00157602
0.00157536
0.00320986
0.00162274
0
0
0
-0.00167412
0.00167242
0
0
0
0
9.83911e-06
0
0
0
0.00361056
-9.11651e-06
0
-0.00365966
-0.00184511
0
-0.00552054
0
0.00372685
0.00375957
-0.00377425
0
0
-0.00375929
0
-0.00375854
0
-0.00374206
0.00375181
0
0
0.00375232
1.59364e-05
0
0.00369729
0.00369333
-0.00363938
0
0.00364202
0
0.00359423
-0.00358256
-0.00355293
0
0
0
0.00347457
0.00690629
-0.00683971
0
-0.00336282
0.00670904
1.09793e-05
-0.00329175
0.00324827
-0.00321857
0
0
-0.0031593
-0.0031561
-0.00312566
0
0
0
0
0
0
-0.00590309
0.00587585
0.0058597
-0.00582832
0
0
0
0.00573187
0.00571481
0
-0.00567287
0
0
0.0112358
0
0
0.0055425
0.0110803
0
0
-7.89299e-06
0.00546205
7.74752e-06
7.56728e-06
0.00536204
0.00536801
-0.00535806
0
0
0.005303
-0.00527986
-0.0105088
0.00523563
0
0
0.0102963
-0.0153618
0.0101546
0.0100841
0
-0.00991268
0
0
0
0.0081315
0.0025576
0
0.0028508
-1.25217e-05
-0.000978943
-1.64738e-05
0.000754542
0
0
-0.000558012
0
-0.000511506
0
0
0.00100423
0
0.000513373
0
0.000525068
0
0
0
0
0
-0.00112157
0
0
0.000584428
0
-0.00120364
0
0
0
-0.000619053
0
0
-0.00128798
0
0
0.00132754
1.32035e-05
1.321e-05
-0.0013872
-0.00138915
0
0
0
0
0
0
0.00299091
0.00150156
0.00307297
0
0
0
0
0.00160567
0
0.00163945
-0.00166764
0
-1.0908e-05
-0.00339159
-0.00345246
0
-0.00172936
0
0
-0.001769
0.00178456
0
0
0
9.77148e-06
0
0
0.00184273
-0.00188692
-0.00571276
0
0.00755468
-0.00379347
0
0.00380419
0
0
0
1.6784e-05
0
0
0.00386202
0
0
0
0.0038331
-0.0076913
0.00383552
0.00384788
-0.00383113
0.00379486
0
-1.64888e-05
-0.00371003
0.0037055
-0.00368768
-0.00371344
-0.00366672
-1.57007e-05
0
0
-0.00354292
0
0.00350236
-0.00349299
-0.00348446
1.25124e-05
0
0
-0.00338962
1.14715e-05
0.00331865
-0.00328234
0.00324783
0
0
0
0
0
0
0
0
0
0
0.005996
0.00595999
-0.0118478
-0.0117843
0.00586206
0.00581367
0
0
0
-0.0114858
0
0.005709
0
0
-0.00565978
-0.00562559
0
-0.011182
-0.011148
0
0
-0.00551323
-0.00548944
0.00545932
8.26288e-06
-8.11244e-06
-8.04922e-06
8.09348e-06
0
0
0
0
0.00527081
-0.0052476
0
0
-0.0102965
0.0102199
-1.94193e-05
-0.0100764
0
0.00991364
0.00978712
0
0
-0.00422252
-0.00266263
0
-0.00285252
-0.00231466
3.55999e-06
-0.000874814
-0.00152708
0.000668747
0.000629103
1.34369e-05
0
0.000580265
-0.000559076
-0.000559525
-0.000573186
0
0
0
0
0
0
0
0
-0.000647794
0.000665912
0
-0.000683635
-0.000694692
0
0.00140558
0
0
0
0.00145291
0
0
0.0015005
-0.00150295
0
-0.00152841
0.00305511
0.00154861
-0.00154599
1.21992e-05
-0.0015448
0.00155815
-0.00156654
0
0
0
-0.00162027
-1.20126e-05
-0.00166865
0
0
-0.00166141
-0.00166022
-1.11864e-05
0
-0.00346912
-0.00174092
0
-0.00177429
0.00355096
0.0017926
0.00180285
0.00181619
0
-0.00184234
0
-0.00188024
0
0.00192212
0.00188404
9.7823e-06
0
0.00190525
-0.00191853
0
1.92197e-05
-0.00386107
-0.00387129
0.003935
0
0.00389556
0
0
0.00399409
0.00400219
0
-0.00396574
-0.00796608
0
0
0
0.00386782
0.00392116
-0.00772782
-0.00768226
-0.00378905
-0.00378254
0.0037874
-0.0037838
0.0037393
0
0.00375368
0
0.00370587
-0.00368214
0
0
0.00356428
0
-0.0070207
1.3233e-05
0
0.0035025
0
0
-0.00335469
0.00334664
0.00328951
-0.00656923
-0.00653306
0
0
0
0.00635826
0
0
0
0
0
0
-0.0120263
0
0.0118035
0.00587866
0
-0.00581724
-0.00580511
0
-0.00574259
0.0057453
0
0
0
0
-0.00566769
0.0112855
0
0.00560284
0.00558478
0
0
0
0
-0.00545639
0.0108863
-0.00541856
-0.0107867
0.00537574
0.00535082
0
0
0
0
0
0
0
0
0
-0.0201603
0
0
0.00984794
-0.00977319
0
0
-0.00433522
0
0
0.00144388
0.00118679
0.00203863
0.000911165
0.000830561
-0.000766539
-0.00143299
0.000670649
0
0
0.00131182
0.000666786
0
0
0
0
0
0
0
0
0.000766553
0.000789658
-0.00080191
0
0.000820876
0
-0.000825518
-0.000838276
0
-0.000835474
0
0
0
0
0
0.00172617
-0.00171829
0
-0.0017226
0
0.00348107
0.00173716
0.00172626
-0.00345605
0.00175274
0
0
0.00175501
0
-0.00351265
-0.00177262
0
0
0.00356296
0.00178674
-0.00180754
0
0.00181893
0.00183826
0
0
-0.00186122
0.00183357
-0.00186224
0
0
1.03745e-05
0
-0.001954
0.00197708
-0.00198592
-9.72905e-06
0.00383626
0
-0.00195837
0
0
0.00396416
0.00398278
0
0.0040191
-0.0039236
-0.00395631
0
0
-0.0080795
0
0
0.00403809
0.00397193
0
0.00394392
0.004025
-0.00788184
0
0.0039384
0.003896
1.77218e-05
1.7734e-05
-0.0038156
0
0
0
0.00374951
0.00375837
0
-0.00368081
0.00364886
0
0
0
0.00347448
0.00351046
0
0
0.00344226
0
0.00334691
0
-0.00328776
0.00663235
0.0066584
0
0.00636217
0
-1.9661e-05
0
0
0.00623722
-0.00619045
0.00613909
0
0.0120707
0
-0.00591163
-0.00587126
0.00585176
0.00580915
0.00582399
0
0.00576369
0.00575437
0.00575061
0
0
0
0.00569675
-0.00564338
-0.00561267
-0.00557902
0.00557578
0
0
0
0
0.00546292
-9.34453e-06
0.0054122
0.00539816
0
-9.08048e-06
0.00532892
-0.00530593
-0.00527586
0
0
0
0
0.0102449
0
0.0100598
0
0
-0.00979801
0
0
0
0.00442728
0
0
-0.00154989
0
-0.00111816
-0.00101518
-0.000949219
0
0.000849828
0.000826686
0
-0.000821681
-0.000821708
0
0
0
0
0
0
0
0.000923288
0
-0.0019232
0
0.000989927
-0.000995529
0.000998203
-0.000997745
0.00100406
0
0
0.000992532
0.000986435
0.000982015
0
0
0
-0.000957981
0.00191972
-0.0019008
0
0
-1.10346e-05
0
0
0.00371787
0.0018696
0.00187129
0
-0.00186127
0
0.00186056
0.00186609
0
0
-0.00187683
0
0
0
0
-0.00189775
0.0019237
-0.00193266
0
-9.87212e-06
0
-0.0019386
0.00197811
0.00197522
0
0.00201233
-0.00204132
0
-9.73711e-06
-9.78065e-06
0
0
-0.00201833
0
0.00203023
0
0
-0.00408587
1.87321e-05
-0.00403545
0
0
0.00408794
0
0
0
0
0
-0.00807136
-0.00408601
0.00400248
0
-0.0039509
-0.00398767
0.00785346
0.00388744
0
-0.00379489
0
0
-0.00376419
-0.00377135
0
0.00738544
-0.00366206
0
0.00356886
0
0
0
0
-0.00349575
-1.21454e-05
-0.00333542
0
0
-0.00326664
0
-0.00330962
0
-0.00641887
0
-1.90067e-05
0
0
-0.00623602
1.57988e-05
-0.00624582
0
-0.0122599
0
0.00599546
0.00592888
-0.00586605
-1.02162e-05
0
0
-0.00578335
-0.0058072
-0.00582429
-0.00579342
0
0.0057473
0.00571514
-0.00561913
0.00561317
0.00557532
-0.00556583
0
0
0
-0.00547318
0.00544809
-0.00544003
-0.00541853
0
0
-0.00535459
-9.22993e-06
0.0105985
0.00526971
0
0
-0.00516854
0
-0.0102143
-0.00505906
0
0.00989667
0
-0.00972787
-0.00964476
-0.0094655
0
0
0.00281982
0
0.00169412
-0.00149541
0
0
-1.49955e-05
0
0
-0.00108825
0
0.00111383
0.00114131
-0.00115847
0
0
-0.00120079
0
0
0
1.43792e-06
0
0.00241154
0
0
0.00118446
-0.00116979
0.00116005
0
0
0
0
-0.00109539
-0.00108093
0
-0.00104798
0
0.00102871
-0.00101433
0.00201906
0
0.000991908
-0.00297149
0
-0.00195196
-1.00584e-05
-9.95384e-06
-0.00389206
0
0.00191623
0
0
0.00192181
0
0
0
0.00193571
0
-0.00193976
0
0.00196141
-0.00198106
9.20749e-06
0
-0.00198723
0
0.00201277
-0.00204923
-0.00202921
0
0
-0.00206886
0
-0.00205796
-0.00204353
0.00205675
0
0.00207501
0
-0.0041737
0
0
-0.0020711
0.00615379
0.00413985
0.00206279
0
0
-0.00412854
0
0
-0.0041169
-0.00407809
1.80864e-05
0
0
0.00406265
0.00400905
1.81847e-05
-1.80037e-05
0
0
1.74532e-05
0
0.00381373
0
-0.00377889
0
-1.5113e-05
-0.00368142
-0.00369741
-0.00360557
0
0
0.00354032
0
0.00350983
-1.21979e-05
0.00338438
0
0
0.00331174
-0.00329598
0.00330483
-0.00328544
0
0
-0.00949574
-0.00312267
0
0
0.00617725
0
0
1.29439e-05
0
-0.00607215
0.006003
0
-0.00589416
0
-0.0058047
0.00580612
0
0
1.05501e-05
0
-0.0115404
-0.0114632
0.00564891
0
0.00557251
0
0
0
0
0.00546492
-9.90969e-06
0.00541969
0
0
0
0.00532933
-0.00531044
-0.0105532
0
0.00520781
0.00517346
8.94762e-06
0.0051079
-0.00506422
0.00503522
0
-0.0147609
-0.0048913
0.00968904
0.0143582
0.00940467
0
0
-0.00145303
0
0
0.00272497
0
0
0.00165327
0
0
0
0
0
-0.0016854
0.00168755
0.00168677
0
-6.68967e-06
0
0
0
-0.00142868
0.00139186
-0.00273781
0
0
0
0
0
0
0
0
-0.00111435
0
0
0
0.00106994
0
-0.00103427
3.77379e-06
0.00101094
0
-4.07064e-06
4.12565e-06
0
0.00197852
-0.00197239
-0.00294548
0.0019649
0
-0.00195295
-0.000975141
0
-7.86968e-06
0
0.00196808
0
-0.00198395
0
0.00199258
0
0
0
0.00407375
0
0
0
0
0.00205536
0.00206354
0
0
0.00210309
0
0.00208708
0
-0.00418654
0
-0.00209939
0
0.00212022
0.00208904
0
0.00211856
-0.00208762
0
-8.88792e-06
-0.00210539
-0.00208514
0.00210946
0
-0.00207823
0.00418493
0.00415029
0.00418149
0.00207004
0
-0.00407722
0
0.00402772
-1.77905e-05
0.0039169
0
0.00390923
0
-0.00389909
0
1.54977e-05
0
-1.48103e-05
1.43992e-05
0.00376169
0
0.00364442
0
-0.0035829
0
0.00353603
-0.0070783
0.00347683
0
-0.00340097
0
0.00665837
0
0.00328249
0
0
0.00317974
0.00315552
0
-0.00308329
0
0
0
0.0061505
0
0
-0.0059896
-0.00298433
0
0
0.00585173
0
0
0.00576676
0.0057963
0
0.00575614
0.0057098
-0.00565222
0
-0.00558755
0
0
0
0
0
-0.00543158
-9.61974e-06
0
0
0
-0.00530782
0
9.00923e-06
0
-0.00517181
-0.00512781
0.0101843
-8.75466e-06
0.00502014
0
-0.00491571
9.51321e-06
0.00483769
0
-0.00472494
0
0
0
-0.00154387
-0.00129381
0
-0.00244376
0
0
-0.00129152
0
0
0
0
0
0
0
-0.00294929
0
0.000863402
-0.00164378
-0.00156715
0
0
-0.00134844
0.00260153
0.00125925
0
0
0.00114822
0
0
-0.00109308
0
0.00105458
0
0.00103076
0
0
0.0010075
0.000993361
0.000983446
-0.000978881
0
-0.000971575
0.00194034
0
0
0
0.000964831
0
0
0
3.04762e-06
-0.000972095
-0.00195515
0
-0.000989068
-0.000986527
0
-0.000997393
0
0.000999627
0
0
-0.00204511
-0.0020391
0.00204715
0
0
-0.002076
0
0
-0.00209804
0.00210417
-0.00209398
-0.00211848
0
0.00211865
-0.00212447
0.00423938
0
0
-0.00213666
0
0.00213395
0
0.00212004
-0.00213329
0.00211492
0.00211732
8.82301e-06
0
0.0021145
0
0
-0.00210188
-8.82259e-06
0.00203972
0
0
0.00201622
-0.00616553
-0.00199838
0
0
0
0
0.00194552
0.00380435
0.00381626
-0.00379221
0.00383126
0.00379774
0
-0.00737708
-0.00362753
0.00356165
0
-0.00356508
1.17523e-05
-0.00351095
0
0.00677847
0
-0.00333731
0.00331277
0
0
0
-0.0032236
-0.00320208
0
7.25752e-06
-0.00309295
-0.00307306
0
0
-0.00300472
0
0.00298366
0.00296963
0
0
0
-0.0029052
-0.0029068
-0.00578093
0
0
0.00285331
0
0.00564161
-0.00280347
0
0
0
0
-0.00543297
0.00540939
-0.00538916
-0.00537571
0.0053361
0
0.00527436
0
-0.00520368
0.00517829
0
0.00509902
0
-0.00501812
-0.00497638
0
-0.00488863
8.60718e-06
0.00956871
0
-0.004684
0
-0.00454128
0
0.00231729
0
0.00173647
0
0.0018476
-0.0019003
-0.00185358
0.00172835
0
0
-0.00130303
0
0
-0.00097851
0
0.000831179
-0.000774865
0.000721912
0.00137296
0.000657245
0
0
0
-0.00166108
-0.0010819
0
0
-0.00151684
0
0
0.000978336
0
0
0
-0.000938518
0
0
-0.000931748
0.000920403
0
0
0
-0.000919276
-0.00185299
-0.000921773
0
0.000928419
-0.000928431
0
0
-0.00093873
0.000944169
0.00189822
-0.000951565
0
-0.00096661
0.000972951
0.000976844
0.000987383
0
-0.000995506
-0.000999905
0
-0.00101362
0.00305733
-0.00307605
0
0
0
0
0
0.00316334
-0.00211229
0.00210705
0.00105556
0
0
0.00319276
-0.00213074
-0.00212453
0
0.00213609
0
-0.0042857
-0.00213641
-0.00426979
0
0
0
8.53195e-06
0
0.00211889
0.00211307
0
0.00211888
-0.00209042
-8.60236e-06
0
-0.00205355
-0.00204321
0.00206815
-8.13727e-06
0
-0.00196772
0
-0.00194197
-0.0039039
0
-0.0019318
0
0
-0.00190757
0.00186183
0.00372337
0.00364761
-0.0035995
0
0
0.00353015
0
0
-0.00341323
0
0
-0.0033105
0
0
0
0.00326297
0.00323609
0
0.00633643
0.0062796
0.00311265
0
0
0.00603258
0
-0.00299845
0.00296713
0
0
-0.00292529
0.00290486
0.00289846
-0.00287149
0
0
-0.00566317
0.00281073
-0.00279288
0.00278156
-0.00275631
-0.00273104
0
0
0.00538371
-0.00802786
0.00533601
0
-0.00790575
-0.00261186
-0.00520552
0
0.00768985
0
0
-0.00501113
0
0
0
0.00482297
0.00479324
0.00475298
-0.00468822
0
0.00458711
0
0.00887257
0
-0.00263921
-0.00120321
-0.00120921
-0.00118414
0.00105914
0.0018277
0.00233943
0
0
-0.000515178
0.000454916
0
0.000382
0.000708156
0
0
0.000593181
0
0
0.00053005
0
0
0.000472188
-5.39127e-07
0
0
0
0.000436274
0
0
0
0
0
0
-0.000420817
0
0
0
-0.000841516
0
0
0
0.00128921
0.000860609
0.00043281
0
-0.000880899
0.00088727
0.00044619
0
0.00134914
0
-0.000912791
0.00138022
0
0
0
-1.86326e-06
0
0
0
2.30645e-06
0
0.00100009
-0.00100469
2.7445e-06
0
0
0
0
0
-0.00104647
0
-0.00104425
-0.00209719
0.00105196
0.0010527
-0.00105951
-0.00105957
0.00106636
0
-0.00319696
0
0.00214203
0.00320804
0.00213344
0
0
0
0.00318284
-0.00105744
-0.00212615
-0.00106404
0
-0.00105134
0
-0.00209151
0
0.00103579
0
0.00102285
-0.0030121
0.00199128
0.00198021
0
0.00195066
7.0729e-06
-0.00192805
-0.00192319
0
0.00190322
-0.00188838
-0.00187055
0
0
-0.0018109
-0.00179889
0
-0.00176074
0.00174461
0.00173088
0
0
0
0
0
0.0016272
0.0016184
0
0
0
-0.00159234
-0.00315218
0
0
0.00152417
-0.00302014
0
0
-0.00297564
0
0
0.00435912
-0.00144047
0
0.00142353
0.00141398
0
0.00279406
-0.00277447
0.00551056
0.00273854
0.00272704
4.51573e-06
0
0
0
0.00262808
0
0
0.00258189
0.00512486
0
-0.00252656
-3.84449e-06
0
-0.00245681
0.00243832
0
0
0
-0.00470009
0
0
0
0
0
0
-0.00645895
0
0.000782453
0.000646935
0.00142627
0.000777301
-0.000651614
0.000278265
-0.000248681
0.000219819
0
0.000357436
0.00032912
0
7.14761e-07
0.000274474
0
0
0
0
-0.000225263
-0.000222001
0
0
-0.000203013
0.000200154
0
0
0
0
0
0
0
0
0
0
0.000576338
0
0
-0.00019529
0
0
0
0
-0.000200455
-0.000200181
0.000405661
0
0
0
-0.000423525
0
-0.000429296
0
-0.000218433
-0.000442544
0
0.000453083
0
-0.00092579
0.000466838
0
0
0.000960917
0
-0.000487643
-0.000489977
0.00148671
0.000500305
0
0.000505245
0
0
0.000514951
-0.000515565
0.00103529
0.00103754
-0.00156393
-0.00104588
0
0.00105489
0.000529217
-0.000527226
0.000530771
0
0
-0.00159037
0
0
0
-0.000526641
-0.00105757
0.00105669
-0.000526535
-0.00157901
0
0.00104797
0
0
0
0.00102606
0.000507862
-0.00101406
0.000999827
-0.00199242
0
0.000973914
0
0.00193702
0.00288734
0
0
-0.000952363
-0.000935781
0
0
-0.000914933
0.00181557
0.00269867
0
0.00175981
-0.00174095
-0.00172266
0.000847952
0
0
0
0
-0.00242925
-0.00161252
0
0.000798026
0
-0.00236478
0
0.000770301
0
-0.00151485
-0.000748261
0
0
0
0.00072584
0
-0.000719036
0.00213462
-0.000702525
0.0014001
-0.00138915
0.00137982
0
0
-0.00270501
-0.00269449
-0.00134107
0.00263297
0
0
0
0
0.00128132
0
0
-0.00375788
0
0.00247345
-0.00244401
0
0.00239458
-0.00236533
-0.0011662
-0.00115346
0
0.00113806
0
0.00112618
0
0
0
0.00105561
0.00207676
0
-0.000499893
0.000333344
-0.000263985
0
0
-0.000200106
-0.000185442
-0.000171376
0
0
0
0
-0.000244536
-0.000236748
0
0
0
0
0.000201126
0.00019802
0
0
-0.000184824
0.000183211
0
0
0
0
0
0
0
0
0
0
-0.000181986
0
0
0.000186535
0
0
0
0
-0.000190592
0.000191905
0
0
0
0
0
0
0
0
0.000212803
0
0
-0.000443581
0
0
-0.000458866
0
0
0
0
0.000482456
0.000484058
-0.000491017
-0.000497536
0
-0.000503192
0
0
-0.000514872
0.000516224
0
0
0.000520226
0
0
0
0.000529347
0.000530027
0.000529544
0
0
0.00053226
0
0
0
0.000531536
0
0
0.000531551
0.000530772
0
0
0
0
0
0
-0.000513296
0
0
0
0
-0.000985873
0
0
-0.000970078
0
0
-0.000957454
0.000946399
0
0
0.000926552
0
-0.000908751
0
0
0
0
-0.000857211
0
0
0
0
0.000816848
0
0
-0.000801874
0
0.000793162
0
-0.000768959
0
0
0.000752783
0
0
0
-0.00072441
0
-0.000717095
-0.000711185
0.000702267
0
0
-0.00137357
0
0
0
0
0.0013438
0
0
0
0
0
-0.00127485
0
0
0.00124156
0
0
0
0
0
0
0.00114857
0.0011358
0
-0.00112342
0
-0.00110734
0
0
0
-0.00103272
0
0.000753677
0
0.000399021
0.000360729
-0.000352088
0
-0.000334792
-0.000319073
0.000301637
0.000284991
0
0.000257091
0
0
0
-0.000218133
0.000209657
0
0
0
0
0
0
0
0
0
-0.000175678
0.00017352
0
0
-0.000171494
0
0
0
-0.000175206
0
0
0
0.000364998
0
0
0
0
0
0.000372811
0.000377488
0
0
0
0
0
0
0
0
0
0
0
0.00043858
0
-0.000447344
0
0
0
0
-0.000470679
0
0
0
0
0
0
0
0
-0.00050556
-0.000503074
0
0
0.000510553
0
0
0
0
0
-0.00104131
-0.00103992
-0.00104059
0
0
0
-0.00104058
0
0.00104176
0
0
-0.00103214
0
0
0
0
0
0
0
-0.000978625
0
0
0
-0.000955094
0
0.000939725
0
0
0
0.000913832
-0.000907925
0
0
0
0
0
0
0
0
0
0
-0.00160438
0.00159119
0
0
0
-0.00154406
0
0
-0.00149976
-0.00147756
0
0
0
0.00141734
-0.00138741
0
0.00138485
0
0
0
0.00132829
0
0
0
0
0
0
0
0
0
0.00119298
0
0.00119053
-0.00117408
0
-0.00115631
0
-0.00112852
0
0.00110745
0
0
0.00107734
0.00106073
0
0.00205131
0
-0.00200891
0
0
0
0
0
0
0
0.00179026
0.000375978
0.000722127
-0.000306558
-0.000286858
0.000867057
0
-0.000286141
0.000830197
-0.000264009
0.000252377
0
-0.000229438
0
0.00041807
0
0.0001983
-0.000191777
0
0
0.000358257
0
0
0
-0.000330264
0
0
0.000163516
0.000164178
0
0
0.000160918
0
-0.000334447
0
0.000166893
-0.000338938
-0.000690544
0
-0.000351651
0.000704623
0
0
0
0
-0.000359173
-0.00109486
-0.000747966
0
0
0
0
0
0
0
0
0
0
-0.000430559
0
-0.000438887
0
0
0
0
0.000463441
0
0.000945863
0
0.000961781
0
0
0
0
0.00150242
0.00148868
0
0.00100197
-0.000506502
0
0
-0.00205939
0.00204942
0
0.00103796
0.00103631
0.00104217
0
0
0
0.0031302
0
-0.00312683
0
-0.00206135
0.00308728
0
0
0
0
0
0
0
-0.000971493
0
0
-0.00191283
0.000957054
0
-0.000939883
0
0.00185583
0.00184504
0.000909725
0.00271613
-0.00179317
-0.00177757
0.00175386
0
-0.00173152
-0.00169489
0.00167213
0
0
0
0.00159264
-0.00157534
0.00309636
0
0
0.00455167
-0.00299462
0.00298155
0.00148225
-0.00145835
0
-0.00284873
0.00279805
0.00138892
-0.00135907
0
0.00135244
-0.00266212
0
0
0.00130181
0
0.00253384
-0.0025213
0
0
0
0
0
0.0023785
-0.00116723
0
-0.00115702
0.00114105
0
0.00111973
0
-0.00109207
0.00215157
-0.00107087
-0.00211374
-0.00208445
-0.0010354
0.00102153
-0.00201657
-1.27294e-06
0
0.00195295
0
0
0.00377159
-0.00373573
0
-0.00361942
0
0.00173407
-0.000788728
-1.28187e-05
0
0
-0.000517008
0
0.00102437
-0.000996783
0
-0.00045881
0
0
0
-0.000390464
-0.00075614
0
0
0
0
-0.00100999
0
0
0
0.000939333
0
0.000616736
-0.000624896
-0.00093924
0
0
0
0
0.000959896
0
0
-0.000330422
0.000672325
0
0
-0.00135431
0.00068062
-0.000684202
0
0
0
0.000714008
0.000730561
0
0
0
0
0
0
0
-0.000815653
0
0
0
-0.00171312
0.000863882
0
0
0
-0.00181654
0.00182511
0
-0.000940015
0
-0.0009516
0
0
0
0.00197423
-0.00295383
-0.0029302
0.00196654
0.000984788
0
0
0
0.0040886
-6.19703e-06
-0.00203089
0
-0.00204581
0
0
0
0.00205593
-7.49646e-06
0
0.0020685
0
0.00204679
-7.78193e-06
-0.0020301
0
0
0
0
0
0.00388447
-0.00191486
-0.003841
0
0.00566822
0
0
0
0
-0.00548146
0.00180791
0.00179385
-0.00178213
0.0017654
0.00174734
0.00171287
0
-0.00168893
0.00166065
-0.00163946
0
0
0.00314355
0.0030949
0
-0.003019
0
-0.00296542
-0.00292942
0.00290185
-0.00289084
0
0.00283894
0
0.00275457
-0.00270579
-3.60859e-06
3.54197e-06
0.0026228
-0.00261461
3.61915e-06
0
0
-3.31916e-06
0
-0.0024283
-0.00240688
0
-0.00467106
0
-0.00461881
0
-0.00227721
0
0
0
-0.0043369
0
0
-0.00419469
-0.002075
-0.00613555
0
-0.00200206
0.00197531
0
-0.00582028
0.00192183
0.0019062
0
0
0
0
-0.00360638
0.00354474
0
0.00345776
0
1.31976e-06
0.00129896
-0.000586947
0
0
-0.000969169
0.000944299
-0.00139437
0.00135893
-0.000870272
-0.0008371
0
0
0
-0.000730935
0.000694114
0.000675593
0
0
-0.000650718
0.000621271
0
0
0
-0.000590018
0
-0.000583356
0.000589774
0.000586372
0
0
0
0
-0.000603496
0
0
0.000624129
-0.000651474
0.000655734
0
-0.000659652
-0.000657363
0.000666575
0
0.00138256
0
-0.00141173
0
0
0.0014706
0
0
-0.0015309
-0.00152183
-0.00155533
0.00240654
0
-0.00164315
0.00168694
0.00169304
0
-0.00173641
0
-0.00178542
0.00178401
-0.00179468
0
0
0
0
0
0
0
-3.04602e-06
3.42174e-06
0.00192936
-0.00195177
-0.00195048
0.0019792
0
0
-0.00202533
-0.00200964
0.00201538
0.00404785
0.00203082
0
0
0
-0.00203748
-0.00204566
0.00405955
0.00407762
0
-0.0040382
0.00200128
-0.00199934
0
0
0
0
0
-0.00383499
0.00379191
1.35413e-05
0
-1.30155e-05
-0.00369936
0
0
0.00360497
0.00360015
-0.00356397
-0.00354271
0
0
0
-0.00337038
0
0.0033071
0
0
0
0
-0.00306318
-0.00301506
-0.002968
0
-0.00580449
0.00287959
-0.0056396
0.00559852
0
0
-0.00548608
0
-0.00530627
0.00520965
-0.00257043
0.00758423
0.00252242
-0.00501983
-0.0024718
0
-0.00487037
0.00239944
0.00471464
0.00463608
0.00459056
0
0.00446018
0
0.00443024
0
0
0.00427649
0
0
1.51272e-06
0
0
0.00397921
8.75896e-07
0.00388706
0
2.78253e-07
0
-0.00371827
0.00368573
0
-0.00725816
0
-0.00355556
0
0
-0.00688902
0
-0.0066955
0.00659855
0.00647792
-0.00951342
-0.00238748
0
0.00104092
0
-1.18042e-05
6.51428e-06
0.000841529
-0.000813372
0.00156608
0.00151078
0.000726606
0
0
-3.24866e-06
-0.000630455
-0.000604552
0
0
0.000575937
0
-0.000548155
0
0
0
0
-0.00108253
0
0
0
-0.00106928
0
0
0.00113786
-0.00115743
0
0
0.000602807
-0.000604286
0.0012272
0.00124455
0
0
0
-0.00133651
-0.00137053
0.00136523
0.00140854
-0.00142715
-0.00143467
0
0
0.00299792
0.00148046
0.00152374
-0.00314523
0
0.00161161
6.18828e-06
0
0
0.0017045
0.0017135
0.00174803
0
0
0.00179598
0.00182903
0
-0.00184404
0
0
0
-0.00190683
0.00190584
0.00383683
0
0
-0.0058721
0
0
0
0
0
-0.00398784
0
0
0
0
0
-0.00399127
-0.00400492
-0.00401485
-0.00399452
0.00400166
-0.00793405
1.45545e-05
0
0
0
0
-0.00378927
0
0
0.00372385
0
-0.00733062
1.17561e-05
0
0
-1.04663e-05
-0.00351313
-0.00347324
0.00346431
0
-0.00675071
0.00664997
0
0
0
0
-0.00623705
0
0
0
0
0.0028797
0
0.00561996
0
0.0109091
-0.0108491
0
0
0.00531715
0.00522766
0.00513018
-0.0100717
0
-0.00974088
-0.00486834
0.00482575
0.0095261
0
0.00467541
-0.00459897
-0.00450755
-0.00443202
0
0
0
0.00425666
-0.00423482
0.00418765
-0.00412728
-1.23263e-06
0
0
0.00391992
0.00387396
-0.0076465
0
-0.00373376
-0.00738355
0
0.00361971
-0.00714396
0.00352985
-0.00699749
0
0.00344704
0.0068239
0.00336735
-0.0066812
0.00662263
0.00654781
0
0.00635341
-0.00625448
-0.00617176
-1.07316e-05
0.00104951
0.000993032
-0.001905
0
0.000838972
8.59502e-06
0
0
-0.00140757
-0.000681663
-0.000652967
-0.000636643
0
0.00119108
-0.000578694
-0.00110247
0.00108102
0
0
-0.000994491
0.00047514
0
0
0
-0.000947622
0.000925078
0.000940872
0
0
0.000935682
0
0
-0.000999868
0.00102895
0
0
0
0.00111619
1.80707e-05
-0.00116774
0
0
0
-0.00127395
0.0012746
0
-0.00263957
0.00134806
0
-0.00139281
0
-0.00143249
0
0
0.00150952
0
0.00157231
-0.00157615
0
-0.0032882
0.0032991
0.00166367
0
0
0
-0.00176536
-0.0017877
0
0.00181454
0
0
0
0
0.00376344
-0.00382907
0
0.0037482
0.00384049
0
0
0
0
0
0
0
0
0
0
0
0.00393438
0
-0.00390259
0.00395486
0
0.00786961
0.00393273
-0.00386731
-0.00385034
-0.00380797
0
0.00748284
0
0
0
0
-0.00360644
0.00360012
0
0
-0.00349724
0.00345447
-0.00338489
-0.00339345
-0.00665631
0.0066063
-0.00649721
0
0
0
0
1.3056e-05
-0.0059692
0
0.00574528
0
-0.00555922
0.00548593
-0.00541776
0
-0.00526827
0.00525375
0
-0.00521687
0
-0.00506572
0
0.00974229
0
0.00470684
-0.00468871
0
-4.55053e-06
0
-0.00447798
0
0.00429518
0.00422002
0
0
0
-0.00406058
0.0040368
-0.0119535
-0.00392787
-0.0116044
0
0.00747779
-0.00739954
0.00366085
0.0144431
-0.00716385
0.00707746
0.00699278
0
0
0.00676573
0.00669538
-7.57782e-06
0
0
-0.00643685
0.00635995
0.00628965
1.18759e-05
0
0
0
0
0
0.0057156
0
-0.000813418
0.00077475
0
0
-0.000675547
-0.00130727
0
0.00188855
-0.00124858
-0.00119966
-0.000592031
0
0.000558188
0.0010633
-1.22847e-05
-0.00199397
0
0.000940764
0.000891004
0
0
0
0
0.00084035
0
-0.000808411
0.000814024
0.000815775
0
0.000880634
0
0
0.000942477
0.000960584
0
0
-0.0009711
-0.000996727
0.00100048
0.00105165
0
0
-1.77659e-05
0
0
-1.6163e-05
0
0
0.00124566
0
0
-0.00268212
-0.00273266
0.00285149
0
-0.00145463
-0.00297341
0
0.00304191
-0.00305622
-0.00311172
0
0
0
-0.00336869
-0.00340053
0
0
0
0.00356167
-0.00361354
0
-0.00360704
0.00364763
0
-0.0072437
0.00370676
0
0
0
0
0
0
0.0037935
0.00386017
0
0.00383242
0.00383359
-0.00385203
0
0.0076339
-0.00385228
0
-0.0039003
0
-0.00378633
0.00378068
0.00373668
0.00741605
-0.00368173
0.00730843
-0.00717304
-0.00717116
0
0.00711912
0
0
0
0
0
1.65858e-05
0.00656142
0.00650241
0
0
0
0
0.00601445
0
0.00589247
0.00577725
0
-1.07739e-05
0
0.00540678
-0.00533606
0.0052624
0
0
0
0
0.0100492
-0.00497729
0
0
-0.00471254
0.00459428
0
0.00452464
-0.00891499
0.00439185
0
0.00429775
-0.00838657
-0.0123063
0.00401808
0
0
-0.00774713
0.00773059
0.00765995
0.00756677
-2.54913e-06
0.00734563
0
-0.00706066
0.00697553
-0.00690082
-0.0068104
0.00676053
0
0
0
0
-0.00639977
-0.0063236
-1.09131e-05
0
0
0
-0.00596511
0.00590707
-0.0116877
0
0
0.00564152
-0.0055093
0
0
0
0
0.00117082
0.00123556
0
0
0.00112483
-0.00115248
-0.00112587
0.0022566
0.00108789
0.00106019
0
1.46903e-05
0.00102057
-1.50498e-05
0.0018949
0
-0.000872724
0
-0.00084927
0
0.000824978
0
-0.000828585
0
-0.000745534
-0.000726222
-0.000729
-0.000795772
2.10431e-05
0
0.000855922
-0.000819828
2.07296e-05
0
0
0
0.000926462
0
-0.000930027
-0.000968288
0.00204028
0.00105038
0
0
0.00103225
0.00219929
0.00222194
0
0
0
0.00245314
0.00248857
-0.0026317
0
0
0.00270588
0.00281961
0
0
0
0
0
0
0.0031454
0.00319947
0
0
0
-0.00326124
0.00335791
0
0
-0.00331173
0.00343559
0.00347026
-0.00357844
0.00362016
0
-0.00361145
0
-0.00360022
-0.00363608
-0.00733427
-0.00749355
-0.00375727
-0.00367159
-0.00368291
0.011237
0
-0.00367856
0.00374453
-0.00754039
0.00745943
0
0.00736492
0
0
-0.0147113
0
-2.38204e-05
0.0139481
0.00700907
0
0
0.00683633
-0.00671479
0
0
-0.00660463
0.00638944
-1.46883e-05
0
-0.00622452
0
-0.00592976
0
-1.23792e-05
0
0
0
0
-9.92747e-06
0.00530516
0
0
0
0
0
0
0
-0.00481225
-0.00477084
0
0
-0.00905736
-0.0132474
0.00872599
0
0.00857446
-0.00844475
0
0
0.0160027
0.00781467
-0.00764017
-0.00747686
0
0.00735121
-0.00730088
-0.0144513
-0.00715143
0.00708444
0
0
0
0
0
0
-0.00635139
0.00628323
0
0
0.00607032
0.00597839
0
0.00585077
-0.00578375
0
0
0.00555591
-0.0109336
0.0108325
0
-0.00529637
-0.0104455
0.00508686
-0.0100377
0
-0.00112737
0.00110491
-0.00107731
-0.00112049
0
0
0.0010761
0.00106417
-0.00108618
-0.00104241
0
0
0
-0.000978441
-0.000959656
0.00186413
1.80915e-05
0
0
0
0.000801433
0
2.26497e-05
0
-2.26152e-05
0.000785936
-2.28112e-05
0.000732933
0
-2.30085e-05
-0.000753036
0
-0.000754089
0
2.24975e-05
0
0
0
-0.000820085
0
-0.00169506
0.00084059
-0.00184444
0
0
0
0
3.37888e-05
3.25851e-05
-0.00203955
0
0
0
0
-0.00240597
0
0
0
-0.0025342
0
0
0
0
0
0
0
0.00299934
0
0
0
0
0
-0.00323769
0
0
-6.32668e-07
0
0
-4.48481e-06
0.00351489
0.00346839
0
0.00345885
0.00349087
0.00353887
0.00359104
0.00356593
-0.00701196
0
-0.014629
0
-0.00691363
0
0.0144308
-0.00696958
0
-0.00701304
0
0
0.00716858
0
-0.00691793
-0.0136403
0
0
0.00664733
-0.0133393
0.012974
0.00650047
0.00655115
0.00635974
0
-0.00621605
0
0.00605942
0
0.01132
0.00555855
-0.00558213
-0.00559514
0
0
-0.00536643
-0.00532867
-0.00516799
-0.00512547
0
-0.00995568
0
0
0
0.00935367
0
0.00911619
0
0
6.51313e-06
0.00844168
-0.0166939
0.00828353
0
0
0
-0.00780877
-0.0151371
-0.0073641
0
-2.16481e-06
0
0
-0.00683497
0.00676621
0.0067075
0
0
0
0
0.00617422
0.00609258
-0.00601066
0.00590953
-0.0116828
0
0
1.51364e-05
0
0.00548135
0.00542297
0.0053213
0
0
-0.00506593
0.00500642
0.00501332
0
0.0048311
0.00475804
0
-4.62912e-05
0
0.00100012
-0.0010013
-0.00106493
0.00105756
0
0
-0.00103174
0
0.00102737
0
0
0.000984439
0
0
0.00092136
-0.000893674
-0.000888482
0
0
0
-0.000834769
0
2.48761e-05
0
0.000761588
-0.000771496
-2.51575e-05
2.54009e-05
0
0.000740069
0.000757167
0
0.00136503
0
-0.000726361
-0.00147479
0
-0.00150523
0
0
0.0014923
0
0
-0.00188961
0
0.00180615
0
-0.00368235
-0.00178558
0.00371302
0
-0.00200791
0
0
0.00429432
0
0
0
0
0.00255363
0
0
0
0
0
0
-0.00279822
0
0
0.00284214
0
0
0.00310039
0
-0.00297859
3.64495e-07
-0.00612614
0
-0.00325488
-0.00333225
0.00668187
0.00671707
0
-0.00664273
0
0
0.00668142
0.0134563
0
0.00705654
0
1.86446e-05
0
-0.00675885
-0.00651123
0.00667539
1.78431e-05
0
0
-0.00686691
-0.00683242
0
0.0132829
0
0
-0.00654256
0.00649948
-0.0123247
-0.00627502
-0.0063261
0
0
-0.00592802
0.00578433
-0.00575764
0
-0.00539328
-0.00531312
0
7.41582e-06
-0.00541214
0
0.00522319
0
0
0.0151055
0
0.00981153
-0.00955443
0
0
-0.00901773
0
0
0
0
0.0166276
0.00804079
0.00796767
-0.0157442
0
0
0
0.00738325
0.00715435
0.0138216
0.00675553
0.00660808
-0.00646642
0
0.00634255
0.00628284
0.00626325
-0.00618993
-0.00605589
0
0
1.44499e-05
-0.00565086
0.00555416
0
0.0053903
0
0
-0.00514233
0
-0.00498761
-0.00491404
0
0
0
0.00923675
0.00918117
-0.00903161
0
0
0
-0.00845359
0.00827628
0
0
0
-1.34565e-05
1.67029e-05
0
-0.00105482
0
0
0
0
0
-0.00191152
0
0
-0.00178892
0
0.000927862
0
0
-0.000838833
0.000828563
0
2.62155e-05
0
0.000839998
0
0.000785037
-0.000700302
0
0
-0.000709426
0
-0.00136477
-0.00142649
0
0.00146738
0
0.00141873
0.00158367
0.001574
0
0
0
0.00178294
-0.00183856
-0.00362428
0
-3.46858e-05
-0.00178174
3.34359e-05
0
0.00182211
0
0
-0.00197822
0.00208296
0
0
0
-0.00229673
0
0
0
0
0
0
0
-0.00266764
-0.00268363
-0.00259568
0
0
-0.00573442
0
0.00294243
-0.00283046
0.00583364
0
0
0
-0.00658607
-0.0132095
0
8.69402e-06
-0.00632256
0
-0.00630139
-0.0064068
0
-0.00664656
0.00647564
0.00605683
0
0
0.0062386
-1.49498e-05
0.00630358
0
0.00607323
0.00642644
0.00656592
0.00641435
-0.00644024
-0.00619799
-0.00625867
0
-0.00615954
0.00589629
0
0
0
0
0.00557505
-0.00555591
0.00547017
0
-0.0103083
0
0.0103797
0.0155514
0.00519369
0
0
0
-0.00990585
-0.00990099
0
0
0.00926605
0
0
0
0
-0.00814831
-0.00804623
0
-0.00780926
-0.00757822
0.00758255
0.00744045
0
0
0
0
0
5.20338e-06
-0.00631779
0
0.00606291
0
-0.00592966
-0.00583176
-0.00581735
0.00571115
0.0111498
0
0
1.68331e-05
0.00521572
0
0.00501959
0
0
0
0
0
0.00903181
0
-0.0087176
0
0
-0.00820381
-0.0163565
-0.00805163
0
0
0
0.0149587
0
0.00718627
0
0
0.00115224
1.22128e-05
0
0.001163
0
0
0.0011467
0
0.0011104
-1.4454e-05
0
0
0.00201382
0
1.84001e-05
0
0
0.00093713
0
0
0.000913323
0
-0.000919895
0.00186184
0
0.00171836
-0.00169235
0
0
0
0
0.00168497
0
0
0
0
5.01976e-05
-0.00351565
0
0.00195855
0
0
0.0019591
0.00195841
-0.00197194
0.00196175
0.00188736
3.33375e-05
0
0.00196121
0
0
-0.00217459
-0.00223485
0.00232645
0.00229966
-0.00221125
0
0
0
0
0
0
-0.00278141
0
0.00803177
0.00270041
0.00541846
0
0
0.00569673
0
0
0
-0.00590862
0
0
0
-0.00675084
2.18216e-06
0
0.00653881
7.3503e-06
-0.0066049
0
0
0
0.0132276
-0.00666782
0.00625597
0
-0.00653904
0
-0.00650859
0
0
-0.00617588
-0.00630894
0
-0.00643719
0
1.07191e-05
0.00628126
0
1.07356e-05
0
-0.00615048
0
0
-0.011374
0
0
-0.0112347
0.0107932
0.0106014
0
-8.90642e-06
-0.0204099
-0.00998906
0
0
0
0.0194993
0
0
0
0
-0.00899252
-0.00877972
0
0.00810608
0.00792436
0.00783899
0
0
-0.00741061
-0.0149198
0
0
0
0
-0.00670117
-0.00649603
-0.0125889
0.00608971
-0.00595178
0
0.00583518
0.00568051
0
0
0
-0.0052767
0
0
-0.0148125
-0.0144476
0
-0.0137969
-0.00900195
0
0
0.00846477
0
4.26754e-05
0
0.00774191
0
0
0.00730867
0.0144098
0.00695847
0
0.00678026
0.00661675
4.7029e-05
0
4.1156e-05
0
0.000933251
0
-0.000984404
0
0
0
0
-0.00102792
0
-0.00102601
-9.36638e-06
0
0.000958822
-0.000919842
0
1.87643e-05
0
-0.00185334
0
0
0
5.34982e-05
0
0
-0.00170503
0
-0.00165193
0.00160069
0
0
0
0
0
0
0
0
0.00167101
-0.00167278
0.00173067
0
-0.00175291
0
0
0
0.00184922
-3.98891e-05
0.00180223
0
3.71082e-05
0
3.56417e-05
0
0.00195438
0.00201946
0
-0.00209062
2.55106e-05
0.00206379
0
0
0.00234991
0
0
-0.00493234
0.00247623
-0.00505871
-0.00500908
0
-0.00521517
0
0
0
0.00522371
0
0.00527788
0.00554011
-0.00573996
-0.00589675
0
0.00626669
0.00613092
0.00617606
0.00624643
5.81325e-06
0.00618777
-0.00620341
0
-0.00622436
-0.00627895
0
-1.35039e-05
-0.00613595
0.00621918
0
0.00598253
-0.00598132
0.00586317
0
1.00104e-05
0.0061531
0
0
9.85494e-06
-0.00594955
0
0.0117529
0
0.00587459
0
0
0.0224442
0
-0.0107896
1.0329e-05
-0.02084
0
0
-0.00999823
9.24809e-06
0.0192939
0
0
-0.00939408
-2.1238e-06
-0.00922049
0
0
-0.00884331
0.0172756
0.0170382
0
-0.00774715
-0.00777797
0
0
0.00742433
-1.27897e-06
0.00710983
0
0
0.00643081
0
-6.39955e-06
0.011991
0.0117667
9.43891e-06
0.00569151
-0.00557532
-0.0054175
0
0
0.00512248
0
0
0
0
0.00900787
-4.19164e-05
0
0.00828619
0.0080488
-0.00791245
0
-0.00745586
0
-0.0141756
0
0
0
0
4.79573e-05
-0.00614979
0
0.00579714
-0.00563325
-0.00541214
4.10946e-05
-0.00553755
3.48102e-05
0
4.21066e-06
0.000833899
0
0
0
0
0
0
0
0.000905778
0.00180248
0
-0.000886198
0
0
0.000931888
0
0.00172445
0
-0.00166555
0
-0.00162739
0.00163475
0.00166201
0.00171382
0
0.00169087
0
0
0.00163259
0
0
0
0
0
0
-0.00318602
0
0
0
0
0
-0.00166516
-0.0017209
-0.00343846
0.00166429
-0.00164615
0.00176676
-0.00175951
0
-0.00176564
0
-0.00176456
0
0
0
-0.0020331
-0.00205138
0.00205349
0
0.00221338
0
0
-4.0711e-05
0
0.00964426
0
0.0050493
0
0
0
0
-0.00488513
0
-0.00494927
0.00519428
-1.04572e-05
-1.10776e-05
0
0
0
9.93335e-08
-0.0117337
4.0968e-06
0
0.0115771
0
0.00582143
0.00596999
0
-0.0115158
1.17497e-05
-0.0058006
0
-0.0112253
0.00563251
-0.00562388
0
0.00577561
-0.00578672
0
0
0.0115365
8.37463e-06
0
-0.00567493
0
0.0113386
0
0
-0.0110049
0
0.0105583
0.0104965
6.79291e-06
0
0
0.00986356
0.00969709
-0.0094659
0
0.00930026
0.00914703
-0.00910628
0.0177271
0
0
0.00856087
-0.0167211
-0.00833093
0
0
0.00770091
0
0
-0.0145183
0.0139063
0
0
0
-0.00618871
0
0.0119846
-0.0114896
-0.00563778
-0.0111189
-0.00539512
0.00526733
-0.00510858
0
0
-0.00473513
-0.00921856
0
0
0
-0.00822918
0.00791599
-0.00776814
0
0
0.00700083
0
0.0065406
0
0.0120609
0.00595339
0
0
0
-0.00523376
0
0.00476978
-0.00455412
0
-0.00434215
-0.00909623
0.00437011
-0.00409437
0
-0.000645962
4.82384e-06
0
0
0
0.000746643
0
0.000760091
0
-0.0015928
-0.000806721
0
0
0
0
-0.00174211
0
0
0
-4.18748e-05
0
-0.00168217
-0.00160168
5.43372e-05
-0.00158526
-0.00162249
-0.00319464
0
0
-0.00162795
0
0
0
0.00159716
0
0
0.00157001
0
-0.00156291
0
0
0
0.00320245
-5.55549e-05
0.00322759
0
0
-0.0015823
0
0
-0.0016746
0
0
0
0
0
0
0.00196134
-0.00403854
0.00411846
-0.00404788
0
-0.00419815
0.00858385
-0.0044956
-0.00453249
0
-0.00931374
0
0
0
0.00471059
0
-0.00464928
0
-0.00479808
0.00475587
0.00501315
0
-0.00519359
0
-0.00538236
0.0108365
0.00530394
0
-3.28265e-06
0
-0.00539805
-0.00546813
0
0.0053602
0.00541462
0.0109537
0
1.08894e-05
0
0
0
0.00538311
0
0
0
-7.70511e-06
0.0106885
0
0.0108223
0.0107273
-0.0106633
0
0
0
-0.0102706
0
0
3.36641e-06
-0.00993824
-0.00989966
-7.115e-06
-0.00935422
0
0
-3.75871e-06
0
0
-0.00854061
0
0
-0.0083085
0.008042
0
0
0
-0.00737896
-0.00729632
0
0.00696356
-0.00667681
0.00662871
-0.00648492
0
-0.00602077
0
-0.00563936
0.00542293
-0.00529181
0.00513878
0.00497372
0
0.00475469
0
0
0
-3.46593e-05
-0.00836267
0
0
0.00743248
0
0.00696423
0.00662596
-0.00630456
0
0.00589547
-0.00561783
-0.00542474
4.3812e-05
-0.00490891
0
0
-0.00455527
0
0
-0.00362036
0
-0.00349232
0.0033166
0.00362393
0.00315382
0
0
0.000572356
7.65314e-06
0
0
0
-1.36238e-06
0
-0.000698285
0
5.74949e-06
0
0
-0.000737506
-0.000751175
0
0.000751892
0
0
0
0.00147553
0
-4.00842e-05
0
-0.00141836
0
0.00139809
-5.58896e-05
0
-0.00154537
-0.00153455
0
0
0
6.33188e-05
0
0
0
0.00152576
0.00145588
0
-0.00151989
0.001551
-0.00151554
0.00150171
-0.00150454
0
0
0
0
0
0.0032885
0
0.0017137
0
0
-0.00182179
0
0
0.00183269
-0.0037309
0
-0.00389416
0.00388139
-0.00783478
0.00400255
0.00420334
0
0.00433169
0
0.00429904
0
-0.00437242
0
0.00447142
0
-0.00475802
-0.00465081
0
0
-6.09927e-06
-0.00476116
0
-0.00997244
0.00489131
0.00489418
-0.0098982
0
0.0101518
0
0
0
0
-0.00533892
0
0.00512107
0.00506878
-0.00513943
-0.00508313
-0.00509667
-0.00516786
0.00531032
0
-0.00516602
-0.00510706
-0.00508031
-0.0154027
-0.010231
0.0101635
0.00993454
0
0
5.71427e-06
0.00987287
0.00975761
1.90954e-06
0.0095259
0.00935748
-0.00917829
0.0091404
0
-0.00875054
-0.017185
0
0.00856362
0
0
0.00811687
0.0080146
-0.00775182
-0.00773516
0
0
0.00722787
0.0071886
0
0
-0.00660712
-0.00655315
0.00644466
0
0.00594762
0
0
0.00536661
-6.08569e-06
0
0
0
-0.00459542
0
-0.00445389
0
-3.08302e-05
0.00793571
0
-0.00756068
0
-0.00617152
0
-0.00572118
-5.096e-05
0
-0.0050343
0
-3.8828e-05
-0.00410432
0
0
0.00346187
0.00685085
-0.00367451
0
-0.00279408
0
0.0020615
0.00196316
-0.002636
-0.00189367
0
0
-0.000944884
-0.000494908
0
0
0
-0.00111982
0.000571687
0
0
0.000599405
-0.000603726
0
0.000614395
0.0012329
0
-0.000615304
0
0
0
0
-0.000647525
0.00257763
0
0.0013266
0
0
0.00264528
0.00135349
0.00129868
0.00130105
0.00136744
-0.00137
0
-0.00265836
0
0
0
-0.0013404
-0.00139649
0
0.00134967
-0.00135641
0.00141781
0
0.00142084
0
0
-0.00148461
0
0
4.21587e-05
0
-0.00155361
0
0
0.00327863
0
0
0.00174077
0
0
0.00544068
-0.00184603
0.00363658
0.00186331
-0.00376111
-0.00385493
0
0.00395307
3.18441e-05
0
0
0
0
0.00426231
0.00856353
0.00425832
-0.0043524
0
-7.07821e-06
-6.47975e-06
-0.00455372
0.00463752
-0.0046342
-0.00465808
0.0093823
0
-0.0047482
0
-0.00479309
0
0
0.00488626
0
0
-7.94736e-06
0.00981058
0.00487676
-0.00488768
7.21706e-06
-0.00492093
-0.00493675
0
0.00492466
6.22677e-06
0.0097943
0
-0.0096095
-0.00945562
0
0
0.00930731
-5.459e-06
-0.00927924
0.0184763
0.0090524
0
0.00885382
0
0
0.00867197
0.00840851
0
-0.00831736
0.00816435
0
-3.75568e-06
0
4.66321e-06
4.9988e-06
0
0
0
0
0
0
0.00635323
-0.00630284
-0.00625852
0
0
0
0.00531859
2.1717e-06
-2.63639e-06
0
-0.00471536
0
0.00901064
0
0.00432479
0
0.0120372
0
0
0.00701034
0
-3.87972e-05
0.00597453
0.00496978
-4.94668e-05
-0.00434801
0
-0.00367571
0.00346595
0
0.00277132
0
3.09087e-05
-0.00249951
0.00279821
0
0.00365312
0.00161829
0.000813419
-0.000452682
0.0012786
0
0
0
0.000394477
0
0
-0.000441857
0.000443912
0.000902278
-0.000462409
-0.000468837
0
0
0.000999069
0
-0.000504689
-9.19523e-07
0
0
0
0
0
0.000548698
0.000551013
-0.00111408
0.000571055
-0.00111896
0
-0.000579241
-0.00113341
-0.00113967
0.000589499
0
-0.00114483
0.00114686
0
0.00235222
0.00120347
0
0.00121571
0.00122696
-4.66244e-05
-0.00124372
0
0.00125967
-0.00249165
0
-0.00254482
0
0
0.00129441
0
0
-0.00134372
-0.00139664
0.00141559
-0.00143423
0
-0.00144042
0
0.00151592
-0.00151041
0
0
-0.00158456
0.00160551
0
-0.001651
0
0.00340318
0
-0.00524721
-0.00353805
0
0
0
0
-0.00569047
-0.00382965
0
0.00783403
0
0.00400574
0.00405182
0.00409364
0
-0.00419534
0
-0.00428271
0
0
0
0.00437741
-0.00439332
-0.00442831
-0.00448901
0
0
-0.0045464
-0.00913213
0
0.00917946
0.00457751
0
0.00458847
0
-0.00463466
0.00463605
-0.0092178
0
0
-0.00452415
-0.0045027
0
-0.00446113
-0.00899074
0
-0.00892163
-0.00441153
0
-0.0127452
0
0
0
0
-0.00827429
0
-0.00791872
-0.00773015
-0.00778456
0
6.17508e-06
0.00719495
0
0
-0.00651007
0
0
0
-0.00622704
0.00625495
0.00604745
0.00589513
0
0
-0.00505952
-0.0049228
0.0101711
0
0.00471948
0
-0.0045818
0.00420392
0
0
-0.00409097
0.00371922
0
0
0
0.00578618
-0.00848669
-0.0068117
0.00192037
0.00386235
0
0.00340917
0
0.0023096
-0.00229924
0.00213982
-0.0022933
0
0
0
-0.000676263
-0.000189303
7.97645e-05
0
-2.32003e-05
0
0
0
0
0.000174176
0
0.000745624
-5.46467e-06
-0.000771699
-0.000389323
5.25808e-06
0
0
-0.000826202
0
0.000418918
-0.00086048
0
0
0
0
0
-0.000938039
-0.000480596
0
-0.000481624
0
-0.000498174
0.000489471
0
0.000508989
1.33889e-05
0
0
0
0.000516874
-0.00100925
-0.00101835
0
-0.00103174
-0.00103825
0.00104561
0.00105514
0
-0.00107556
0.00108317
0
0.00166753
0.000574422
0
0.00117879
0
0
-0.00120801
0.0024124
3.00621e-05
0.00122446
0.00126828
0
0
2.54074e-05
0.0013535
-0.00137099
0
0
0
0
-0.00146024
0
0
0.0015128
0.00151307
0
0
0
0
0
0.0033256
0
0.00169468
-0.00340869
-0.00173728
0
0.00179916
0.00181973
0
0.00373828
0.00189279
0.00190397
0
0
0
0
0.00196613
0.00395148
0
0
0
0
0.00413864
0
-6.7511e-06
0
-0.00418461
0.00420219
0
-0.0042059
0
7.94483e-06
0.00413628
0
0.00409062
4.09741e-06
0
0.00831439
-0.00421224
-0.00420415
0
-0.00839809
0
0.00780392
0
0
0.00376386
0.00376874
0.00393158
0.00384252
0
0.00737831
0
-0.00354617
0.00700102
0
0
0
0.00620564
0
0
0
0.00616539
0.0061859
-0.00577216
-0.00554843
0
0
0
0.00495631
-0.00972927
0
0
0
0
-0.00820945
-0.00395491
0
-0.00385968
-0.00361129
0
0.0031852
-0.00286224
0.00274149
0.00493705
0.00190636
-1.69749e-05
-0.00166435
-0.00180727
0.00160524
0
-0.00219532
0
-0.00303827
0
0
0
-0.000217951
0
0
0
0
0.000936897
-0.000711196
0
0
0
-0.000481107
-0.000244387
-0.000511451
-0.000265043
0.000526621
0.000534017
0.000807651
0
-0.000277126
0.000565392
0
0
0.000908945
0
0
0
0
0
-4.80493e-06
0.000660617
0
0
0
0.000665995
-0.000672662
0.000676575
-0.000671503
-0.0006807
0
0
0
-0.000699666
0
0
0
0
0
0
0.000738767
0
0.000751058
0
0.000762133
-0.00152191
-0.000764622
0.000793819
-0.000774471
0
0
0.000787236
-0.00242915
-0.000805923
-0.000838425
-0.00252314
0
0
-0.00179568
-0.00182891
0.00185591
0
0.0019116
0.00192373
0.00193922
0.00387646
0
0
1.58437e-05
0
0.002037
0
0
0
0
-0.00218883
0
-0.00217219
0
0.00226471
0
-0.00451573
-0.00230822
0
-0.0023965
-0.00245728
-0.00248136
0
0
-0.00251554
-0.0025447
0.00257124
0
0
0
0
0
0
0.00263501
-0.00516037
0
0.00265585
-0.00797148
0
0.00531554
0
0.0108083
-0.00535735
0.00523852
0
0.00993821
0
-0.00520411
7.20795e-06
0.00502952
0
0.0102459
0
-0.00489706
0
0
-0.00455425
-0.00451816
0.00467774
-5.71556e-06
0
0
-0.00433454
0.00407577
0
-0.00399045
0
0
0
0
-0.00347564
0
-0.0034792
-0.00345176
0.00645481
0
-0.00302597
0
0
-0.00550848
0.00505923
0
0
-0.00229882
0
0.00621183
0.00785701
-0.00368817
-1.31364e-06
0.0034193
0
-0.00574357
0.00250416
6.84527e-06
-0.00203355
-0.00154011
0.00157217
-9.49264e-06
-8.16792e-06
1.00399e-05
0
0
0
0.000504182
-0.000271068
-0.000110591
0
-0.000310618
0
0
0
0.000957655
0
0.00236094
0
0
0.000254317
0.000267557
0.000279712
0
-0.00029215
0
0
-0.000299017
0
0.000307291
0
0
0.000338216
1.08441e-06
0.000350491
0
0
0.000366515
-0.000367955
0.000743132
0
0
0.000379348
0
0
0.00076376
-0.00076727
0
0.000388521
0
-0.000798297
0.000808408
0
0
0
0
0
0
0
9.92573e-06
0
-0.000839214
0
-0.00167449
0.00168855
0
-0.000896664
-0.000916817
0
0
-1.04783e-05
0.001859
1.04122e-05
0.000939497
0.000959803
-0.000982915
0
0
0
-0.00108045
-0.00107416
-0.00212634
-0.00213369
-0.00214778
-0.00327957
0
0
-0.0022322
0
-0.00115288
0.00119436
0.001212
0
0
0.00250119
0
-0.0024726
0
-0.00263983
0
-5.0266e-06
0.00268111
-0.00264371
-3.22836e-06
0
-0.00272973
0
0
2.72072e-08
0.00286805
0.00292431
0
-0.00280093
0.00285555
-0.00281021
0
-0.00303588
-0.0029878
0.00295534
0
0.00576282
0.00583304
0
0
0
-0.00871618
0
-0.00840449
0
-0.00552634
0
-0.00284095
0.00854551
0
0.00276244
-0.00827401
0
0
0
0
0
0.00493253
0
-0.00963862
-0.00473033
0
0.00458382
0
0
0.00429657
0
0
0
0
0.00360531
0.00356935
1.16636e-05
-9.65e-06
0
0
7.69492e-06
0
0
0
0
0
-0.00238162
0.00222664
0
-1.96348e-06
-0.00543587
0.00336531
0.00464005
-0.00312122
0
0.00241303
0
-0.00182739
0
0.00136239
0
0.00107693
0.000920661
-0.000343731
0
0
-0.000341731
0
-1.21204e-05
-0.000266296
0
0.000649571
0
0
0.000715461
-0.00233705
0
2.05143e-05
0
-0.000137279
-0.000567341
0
0
0
0
-0.000318815
0
0
-0.000355286
0
0
0
-0.00036848
-0.000736509
5.91359e-07
0.00038519
0
-0.000394086
0.000399572
0
0
0
-0.0004159
0
0
0
-0.000442145
0
-0.000901086
0
0.000910507
-0.000912992
0.000456089
0
0
0
0.000472213
0.000468111
0.000464089
-0.000933428
0
0
0
0.000464936
-0.000932449
0
0
-0.0010071
0
-0.00105838
0.00106624
-0.00107717
-0.00109925
0
-0.0010796
0.0010939
0
0.00116382
0
0.00117159
0.00118097
-0.00118746
0
0
0.00127805
0.00128538
-0.0012573
0
0
-0.00136054
-0.00137037
-0.00276056
-0.00135309
0
-0.00278456
-0.00142251
0.00140532
0.00149322
0.00148227
0
0.00442395
-0.00295427
0.00444762
0.0030494
0
0.00308221
0
-0.00157596
0.00160719
0
-0.00659332
-0.00326847
0.00324049
-0.00647767
0.00318931
0
0.00331501
-0.00328375
-0.00329241
0
-0.00318745
-0.00331167
0
0
0
0.00316569
0
0.00318021
-0.00323592
0
0
0.00312875
-4.48157e-06
0
-0.0030595
0.00298139
0
0.00295922
0
0.00275302
-0.00276181
-0.0054558
0
0.0076912
0.00762845
0
0
0
0
0
0.00217103
0
-0.00209748
0
0
-0.00378287
0.00388289
-0.00728894
0
0.00322412
7.04178e-06
0
-0.00289934
0
-0.00259227
0
0.00227226
-0.00221776
0
-0.00192337
0.00346002
0
-0.00148334
0.0014428
0.00122223
0
0.000996331
0
0.000689756
0
-0.000542559
0
0
-0.000293845
0
0
0.00011781
0
-0.000145281
0
0
-0.000979629
0
0
-0.00034808
0.00117573
0.000612102
-0.00231235
0
3.53323e-06
0.000144072
0
0
0
0
0.000355564
0
0.000195776
0.000400943
-0.000197332
0
0
0
0.000393331
-0.000619946
-0.000443645
0
0
0
-0.000480995
0.000486488
0
0
0
0
0
0.000503944
0
0.000504012
0
-0.000493083
0.000495414
1.09658e-06
0
0
0
-0.00108604
-0.000513409
-0.000521435
0
0
0
0
-3.09102e-06
0
0
-0.000579197
0.00113465
-0.000589075
0.00119997
0
0
0
0.000638393
0.00123985
0
0
-0.00200109
0
0
0.00138656
0.00134332
0
0
-0.00143008
-0.00148773
0.00148737
0
0
0
0.00159209
-2.19113e-06
-1.91529e-06
0
0
0.00167949
0.00166462
-0.00171475
0.00166782
0
-0.00327962
0
-0.00172176
0
-0.0018232
0
0
0.00363038
0.00183527
0
0.0037826
0.00563944
0
0.00361797
0
0.00184893
-0.00185263
0.00363364
0
0
0
0
0
0
-0.00181305
0
0
-0.00361531
0.00722457
0
-0.00353398
0
-4.12446e-06
-0.00350338
-0.00345324
0
0
-0.00647397
-0.00319638
-0.00306745
0.00307037
0
-0.00297606
-3.25553e-06
-0.00277186
0
0
0
0
0.00249111
-0.00243201
0
0.00227171
0
0
0
0.00197729
0.00382887
-0.00182661
-0.00337577
0.00319338
0
0.00311722
0
0.00133959
0
0
0.00230473
0
0
-0.00346179
0
0
-0.00280069
-0.00126126
0
-0.000920708
0
-0.000661331
0
0.00102453
0.000530316
0
0
0
-0.000168406
0
3.87041e-06
-0.000109479
0
-0.000113883
0.000183497
0
0
-0.000333542
0
-0.000582605
0.000698126
0
0.000170961
0.000169717
-0.000172501
0
0
0
0
0
-0.000210213
0
1.14254e-06
0
0
0
0
5.03875e-07
0
0.000260923
0
0
0.00054482
-0.000556295
-0.000274263
0
0.000271516
0.000268705
-0.000265246
0.000268024
0
-0.000289031
0
0.000281554
-0.00056279
-0.000573267
0
0
0
-1.29859e-06
0
-0.000588993
0
0.000610551
-0.000588042
0
0.00064084
0
0
0.000650203
0
0.000638914
0
0.000673308
0
0
2.32066e-06
0
0
0
0.000792656
0
0
-0.00161435
-0.000815923
0
0
0.0016309
0
-0.000856237
0
0
0
-0.000902446
0.00180818
0.00269893
0
0
0
0.000960953
0
-0.00193387
0
0.00381116
0
0
-0.00207519
0.00212076
-0.00210747
0
-0.00207322
0
0
0
-0.002141
0
0
0
-0.002131
1.62648e-06
0
0
0
-0.00207981
0.00216084
0
0
0.00413931
0
0
0.0062137
-0.00411869
-0.00199431
0.00608518
0
-0.00389357
0.00387398
0.00386148
0
0
0.00181026
0.00531919
0
-0.00173664
0.00168647
0.00329006
-0.00315381
0
0
0
0
0
-0.00263234
0
0
0
0
-0.00242822
0
-0.00208711
0
0.00195622
0.00187888
0
0
0
0
1.56646e-06
0
0
-0.00125882
0
0
0.00183702
0
0.000927849
0.00150474
0
0
0
0
0
0
-0.000673483
-0.00056422
0
0
0.000141316
0.000306897
0
-4.52342e-06
-2.34947e-06
0
-4.18008e-05
0
0
0
0
0
0
0
0
-9.61987e-05
-9.70519e-05
0.00020287
0
0
0
-0.000113117
-0.00023731
0
0.000247658
1.22936e-06
0
0
0
0.000275302
0.00027598
0
-0.000287862
-0.000284792
-0.000278485
0.000285542
-0.000295688
9.30278e-07
0.000307824
-0.000308931
-6.58183e-07
0.000317294
-0.000314455
0.000317276
2.93893e-07
-0.000325239
0.000323006
0
0
0.000334343
0
0
0.000689323
-0.000356637
0.000711577
0
-0.0007133
0.000359651
0
0
0
0
0.000369567
-0.000371391
0
-0.000391502
-0.000793737
-0.000842767
0
-0.0015907
0.000881387
0.000911258
0
0.000929475
0
0
0
0.000957913
0
0
0
0.000992102
0.000999218
0
-0.00101331
0
-0.00105907
-0.00105847
-0.00208988
0
-0.0010752
0
-0.00111291
-0.0011331
0.00222672
-0.00111887
-0.00225241
0
0
0.00241488
0
0.0012235
-0.00119401
0
0
0.00125231
0
0
0.00127271
0
0
-0.00123727
0.0049605
0
0.0023959
0
0.00245229
-1.80474e-06
0.00241804
0.00235618
-1.82718e-06
0
0
-2.64277e-06
0
0.00453151
-0.0023062
0.00232754
-0.00221683
0
0
-0.00216063
0
0.00410865
-0.00202792
0.00202573
1.63896e-06
-1.38222e-06
-0.00187374
0.00181363
0
0
0.00166857
0
0.00158531
-0.00148364
0
0
-0.00146071
0
0.00140788
0
0.00117541
-0.00114686
0
-0.00216834
0
0
0.0019502
0
0.00164628
-0.00155852
0
0.00146443
-0.00138869
0.00119026
0
0
-0.00114411
0
0
0
0
0
0
0
0
0
0
0.000329934
-0.000249773
0.000284227
0.00025854
0.000311503
-0.000156216
0
0
0
0
0
0
0
0
0
0
0.000118588
1.14868e-06
0
0
0.000128978
0
7.05446e-07
0.000279392
0
-0.000299002
0.000154415
-0.000157593
0.000159461
0
-0.000326167
0
-0.000170224
0
0.000344763
0.000339076
-0.000343157
0.000359049
0.000364773
-0.000373374
0
-0.000189331
0
0
-0.000184892
5.83061e-07
0.000388652
0
0
0
-1.97671e-07
0.000382185
0
-0.000406983
0.000432301
0
0
0
-3.42008e-08
0
0
0
0
-0.000462754
0.000475122
0
-2.19291e-07
0
0.00101489
0
0.000998161
-0.001079
-0.0010995
0
-0.00111871
0
0
0
0
0
0
0
-0.00060859
-0.000608149
-0.000606528
0.00184589
-0.000619768
0
0.00127431
0.00126426
0
0.00129049
0
0
0.001332
-0.001331
7.63275e-07
0
0
-0.0013921
0
-0.00144756
0.00290112
0.00143897
-0.00143683
0
-0.00146549
0.00144712
0
-0.00147651
0
0.00143227
9.40861e-07
-0.00436088
0
-0.00141467
0
0
-0.00445023
-0.00287004
-0.0028139
-0.00143583
0
0
-0.00280641
0
-0.00133653
0
-0.00276131
0.00388467
0.00126556
0
0.00253237
0.00122995
-0.00238083
0
-0.00473598
0.00462399
-0.00223323
0.00223206
-0.00431335
0
0.00205803
-0.00196823
0
-0.00190338
0.00180191
-0.00180536
0
1.58723e-06
0
0.00166408
0
-0.00139079
0.00275295
0
0
0
0.001167
-0.00227745
0
0
0.00195833
0
0
0.000819035
-0.00143506
-0.000686046
0.00063278
-0.000724019
0
-0.000561783
0
0
0
0.000349285
0
0.000368481
0
0
-0.000487609
0
-0.000871559
-0.000717297
0
0
0
0
0
0
0
-2.19971e-05
-0.000147833
0.000258257
0
0
-7.06776e-05
0.00014812
7.63311e-05
0
-7.97859e-05
0
0.000168417
8.71167e-05
0
0
0.000190806
0.000199652
-0.000404963
0
0.000197215
0
6.16745e-07
0
0
0.000213998
0
0.000219842
-0.000227729
0
0.000234032
-4.20924e-07
-0.00023719
0.00022978
-0.000234982
0.000717869
0
0
-0.000236338
0
-0.000471083
-0.000472956
0
0.000516796
0
0
0
0
0.000547838
0
0
0.000276869
0
0
0.000294103
0
0.000609381
0
-0.000309662
0
0
-0.000636511
0
0
0
0.000690853
0
0
0
0
0
0
-0.000756447
0.000747503
0.000750125
-0.000763606
0.00154754
0
0.000779853
0.000780522
0
0
0
-0.000785358
0
0.000809033
0.00166909
0
0
0.00173001
0.00084187
0.00175188
-0.00263215
0
0.00174489
-0.000882362
0
-0.000881021
0
0.000889907
0
-0.0017475
0.00175218
0.00176602
0
-0.00347488
0
0
0.00180309
0
0
-0.00346432
0
0.00169442
-0.00168563
0
-0.00325641
-0.00163402
0.0016629
-0.00157911
-0.001535
0.00157795
0.00155277
-0.00148396
0
0
0.00142923
-0.0013738
0
0
0.00392756
0
-0.00251991
0
0
0.00118648
0
0.00333127
0
0.00211891
0
0
0
-0.000860566
-0.000856593
0.000851694
0
-0.000798714
-0.00142815
0
0
0
0
0.00122731
0
0.00100416
-0.000903614
0.000868828
-0.000772031
0.000898588
0
0.000701567
0
0
0
6.51796e-07
0
-0.000420697
0
0
0
0
0.000703652
0.000538226
0
4.21542e-05
0
0
0
2.59593e-05
0
-0.000312879
0.00054783
-0.000834845
0
0.000664972
0.000186944
0
-0.000204338
0.000106115
-0.000104443
0
0
-0.000117368
0
0
0
0
0.000136479
0
-0.000132933
0
0.000274152
0
-0.000141157
-0.00028782
0
-0.000289372
0.00030262
0
-0.000149918
-0.000146415
0.00031339
-0.000301122
0.000154966
-0.000313366
0
0
0.000317944
-0.00016229
0
0
0
0
0
-0.000168962
0
0
0
0
0
-0.000361592
0
0
-0.000744612
0
0
0
0.000389405
0
0
0.000774742
-0.000415224
0
0
-0.00134614
0
0
0
-0.000456009
0.000461576
0
0
0
0
0
-0.00098302
0
-0.00143899
-0.00147274
-0.000499478
0
0
0.000501003
0
0.000504837
0
-0.000528112
0.000516604
0
-0.00052364
0
0.000544159
0
-0.00111325
0.00110206
0
-0.00223827
-0.00113851
-0.00112755
0.0011206
0
-0.00110968
0
0.00106612
0.0022033
0
0
0.00111545
0
0.00108952
0.00109044
0
-0.00108339
0.00215036
0
0.00205042
0.0020566
-0.00316484
0.00100375
0
-0.0020006
-0.00299518
0
0
0
0.00271485
-0.0017224
0
0
-0.00163169
0
0
0.000775223
0.000758811
-0.000762326
0
-0.002136
0
0
0
0
0
-3.54081e-07
-0.00216686
-0.00106167
0
0.000994579
0
0
0
0
0
-0.00147051
0
0
0.0010082
0
0.000414667
0.000477874
-0.000366585
0
-0.000278497
-0.000205376
0
-0.000338254
0
0
2.06717e-05
0
6.14088e-05
0
0.000156498
6.85602e-05
0
9.32499e-05
0
0
-2.84598e-05
-2.77845e-05
-7.43691e-06
5.21858e-05
-0.00011185
0
0.000213344
0.000525672
-0.000116927
0
0.000145358
-0.00014932
0
0
0
7.4443e-05
0
8.26854e-05
8.46768e-05
0
0.000178266
-8.26225e-05
-0.000270328
0
9.24565e-05
0
0.000187567
-9.76052e-05
9.86603e-05
0
0
0
-0.000188991
-0.00026938
-0.000100476
0
-0.000102393
0
0
-0.000105303
0
0.00021522
0
-0.000105439
-0.000106227
0.00011138
-0.000108413
0.000228542
0
0
0.000112772
0
0.000120423
-0.000119747
0
0
0.000486398
0
0.000257775
0.000236499
0
0
0.000262754
0
0.00053202
0
-0.000290265
0.00058456
0
0
0
0.000590545
-0.00058961
0
0
0
0.000276383
0.000303609
0
0
0.000295106
0.000616314
0.000635194
0
0
0.000626472
0
0.000635405
0
0.000995229
-0.00064988
-0.000340446
-0.000645064
0
0.00067607
0
0.00143668
0
0
0.00142092
0.00143809
0
-0.00139714
0
0.00139553
0
-0.00133085
0.000693072
0
0
-0.00207386
0
-0.000691455
0.00138408
0.000684737
-0.00137374
0.000678668
0
0
0
0.00203509
-0.00125626
0.000601984
0
0.00190572
0
0
0
-0.0011025
0
0
0
0
-0.000504055
0
-0.000891587
-0.000899499
-0.00144159
0
0.00090489
0
0
-0.000415468
-0.000395351
0.000398827
0.00152101
0.00149004
0
0
0.000705979
0.000681848
0
0
0
0
0.000623108
0.000578994
0
0.000525638
0
-0.000980559
-0.000995217
0.00137179
0.000449957
0.000877058
0.000911567
0
0.000408214
0.000348925
0
-0.00072582
0.000394967
0.00118828
0
0
-0.000799817
0
-0.000416621
0
0
-0.000798968
-0.000405546
0.00115734
-0.00082797
0.00124258
-0.000392746
0.00125941
-0.00264341
0
0
0
0
0
0
0
-0.00010908
0
-0.000121176
-0.000128684
0
0
0.000126636
0.000143111
0
-0.000147709
0
0
0.000158452
-0.000160716
0
0
0
0
0.000149623
0.000156097
0
-0.000159947
0
0
0.000163575
0
0
0
0.000167517
0.000163855
-0.000167858
0.000167286
0
0
0
-0.00016963
0
-0.000182315
0.000186808
0
0
0
0
-0.00038707
-0.000374539
0
0
-0.000405653
0
0
0
0.000443861
0
0
0
0
0
0
0
0
0
-0.000464295
-0.000482612
0
0
0.000485575
0
0
0
0
0
0
0
0
-0.00053918
0
0.000553498
0
0
0
0
0
0
0
0
0
0
0
0
0
0
0
-0.00118851
0
0
0.00118842
0
-0.00118314
0
-0.00118041
0
-0.0011691
0
0
0
-0.0011504
0
-0.00112004
0
-0.00111084
0
0
0
0
0
0
0
0
0.000979938
0
0
0
0.000920538
0
0
0
0
0.000819909
0.000801634
-0.000781019
0
0
0
0
-0.00135143
-0.00130943
0
0
0
0
-0.00109925
-0.00105604
0
-0.000969521
0
0
0
-0.000800826
-0.000761709
0
0
0
-0.000588245
-0.00055058
0
0
-0.000431275
-0.000396317
0
0
0
0
-0.000226903
0
0
0
8.05225e-05
-4.93255e-05
0
-6.74214e-05
-0.000112818
0
-0.000251283
0.011842
-0.01198
0
0
0.021103
-0.0163336
-0.0136756
-0.0106628
0
-0.0061546
0.00592468
0.00786864
0
0.000663549
0
0
0
0.000179538
0
0
0
0.000351099
0.0083125
0.00054828
0.0324398
0
0.000315405
0.0335022
0.0645227
-0.06452
0.000675063
0.0642921
0.000434656
0
0
0.0545349
0.107563
0
0.205412
-0.0884211
0.0823846
0
-0.131226
0
0.0529188
-0.044303
-0.0643479
0.0429585
-0.000662182
-0.00297755
0
-0.100545
-0.047998
-0.0917231
0.0897109
0.000360635
-0.0873935
0.000200871
0
0.0791004
0
0
0
-0.130997
0.116982
-0.109166
0
-0.000167474
0
-0.141452
0.0571317
0.000158055
0
0.0290203
0
0
1.95502e-05
0
-0.0476598
0
-0.0900848
0
-0.170785
0
-0.078126
0
0
0
-0.128372
0
0
0
-0.000212879
0
0.0691522
0
0.0885223
0
0
0
0
0.0483887
0
-0.000100583
0
0
-0.0842271
0.160873
0
0.0733232
-0.0692574
0.0666574
0
-0.000151802
0
-0.102453
0
0.0790215
0
0
0.0539217
0
0
0
0
0
0
0
0.0855529
0.0416836
-0.0809181
0.0787201
-0.151011
0
-0.0684138
0.0649228
7.6985e-05
0
0.053722
0
0.094578
0
0
0.0666244
0
-0.0979899
-0.0386134
0
0.02918
-0.0078444
0
0
0
-0.0406949
-0.0395846
0.0383059
0
4.27704e-05
0
0
0
-0.0579472
0
0.0500692
0
0
0
0
-0.122329
0
0.0443594
0.0355617
-0.0225241
-0.027628
0.00770187
-0.0413851
0
-0.0402916
0.0391041
0
0.0365439
0.0710665
0.0682665
0
0.0614017
-0.0585361
0
0
0
0
0
0
0
0.0569853
0
0
0.0334726
0.0209659
0
0.00801794
0.0402926
0.0398461
0.0391066
-0.0379414
-0.0367324
0
-0.069028
-0.0660285
-0.0630569
-0.0594887
0.0565415
0
0
0.0457179
0.0423205
-0.0386031
0
-0.0625318
0
0
0.0393061
-0.0310747
0
0
-0.00366363
0.0394119
-0.0389328
0
0
0.0721269
0
-0.0336131
0.0323273
0.0614628
-0.0584548
0
-0.0515596
0
-0.0443487
0.000113949
-0.000132172
0
-0.000326533
0.0526409
0
-0.0372779
-0.0296794
0
0
-0.00383963
-0.0391367
0
0.0376987
0
-0.0357971
0
0.0330206
4.23873e-05
-0.060617
0.0576874
0
-3.29121e-05
0
0
-0.0402543
0.0362605
0
0.0581992
-0.0509764
-0.0438114
0
0.0283048
0
0
0
0
-0.0381381
-0.037368
0
0
0
0
4.75049e-05
0.0604439
0
0
-1.56492e-05
0
0
0
0
0
0
-0.0503418
0.0426249
0
0
0
0
0
0
9.03952e-05
0.0370666
0.0362965
0
-0.0338159
0
0.0313331
0
0
0
1.19231e-06
0
0
0
0
0.0319668
-0.0283308
0.0493093
0
-0.0347341
-0.0273262
0
-0.0113588
0
0
0.0379386
-0.0369371
-0.0724725
0
0.0676343
0
0
0
0
0
0.0495769
0
-0.0423184
0
0.0351568
-0.0315671
0.0559125
0
0
0.0341056
-0.000219494
0
-0.000178289
-0.00403963
0
-0.0189051
0
0.0361665
0
-7.02858e-05
-0.0322716
0.03104
0
0.0279441
0
0
0
0.0421978
0
-0.034959
0
-0.0553221
0.0241315
-0.0207671
-0.0170312
-0.000205812
0
0.0110489
0.00800547
0
0.0188549
-0.0183189
0
-0.0345804
-0.0675159
6.772e-05
-0.030732
0
-0.0278395
0
0
0
0
0
0
0
-8.48499e-05
-0.0238094
0.020468
0.0336989
0.026249
0.0187343
0
-0.00397553
0
0
0.0183683
-0.0178364
0.0345575
0.0336187
0.0319605
-0.0304398
0
-0.0276124
0
0
0
0
0
-0.034579
0
-7.51124e-05
-0.0237302
0
-0.0166474
0
-0.018451
0
0
-0.0189011
0
0
0.0177651
-0.0171691
0.0166049
0.0158204
0.0303533
-0.0288732
0.0274765
0
-0.0241039
0
0
0
0.0340577
0
0.0540202
0.0234967
0.020188
0.0165856
0
0
0
-0.0020677
0.0187945
0
0
0
0.0170121
-3.64163e-05
-0.0156793
0
0.0286251
0
0.0257502
3.54928e-05
0
0
0
0
0
-0.0133359
0
-0.0199784
7.37094e-05
0
0
0
0.00201988
0
0
0.0178543
0
0
-0.0162561
0
0
0
0
-4.65693e-05
0.0469924
0
0
0
-0.0166024
0.0148885
-0.0132364
0
0
-0.0323231
-0.0126864
0
0
-0.00206426
0
-0.00911491
-0.0177347
-0.0171528
0
0.015955
0
-0.0145982
0
0
-0.0371914
-0.0230871
0
0
0
0.0164094
-0.0146573
-0.013132
0
0
0.0157341
0.0124021
0
0.00524045
-4.40551e-05
0
1.90479e-05
0
0.0169361
0
-0.0157444
0
3.36235e-05
0
0
0.0121446
0
0
0
0.00886832
-0.0162505
0
-1.68696e-05
-0.0109592
0
-0.00766896
0
0
-0.00510688
0.00197998
0
0.0175735
0
0
0
0
-0.00736743
0.0141198
0
0
0
-0.0109319
0
-0.00939108
-0.00874502
0.0160943
0
0.0128824
0.0106502
0
0.0150206
0.00593382
0
0
0
0.0043888
-0.00855586
0
0
0
0.00750252
0.0072101
-0.00686341
0
0
0.0057684
0.0106899
0
0.00915622
0.00856168
0.00788257
0
-0.0063411
0
0
-0.00745463
-0.00579419
0
0.00246462
-0.000962181
-0.00429765
0
-0.00406249
0
0
-0.00731107
-0.00349409
0.00669086
0
0
-0.00563495
0
0
0.00446563
-0.00417499
-0.00761539
0
0.0061354
-0.00519906
0
0.00370233
0
0
-0.00238285
0.00138436
0
-0.00200531
0.00395887
0
0
0
0.00338548
0
0.00303551
0
0
-0.00256501
0
-0.00652925
-0.00406501
0.0018502
0
0
0.00511299
0
-0.00180391
0
0
0
-0.00044487
0
0.00198976
0
0
0
0
0
0
-0.00302497
0
0
0.00256309
0
0.00215797
0
-0.00186684
0
0
0
0
-0.00182149
0
0
0
0
0
-0.00174364
0
0
0
0
0
-0.00282297
0
-0.00257537
0.00246985
0
0
0.00199616
0
-0.00349142
0
-0.00278075
-0.00247069
0
0
-0.00132395
0
0
-0.000442275
0
-0.00169642
0
0
0
0
-0.00587537
-0.00280321
0
-0.00256507
-0.00245327
0
0
-0.00600345
0
0.00350547
0.00645653
-0.00282771
0.0025097
0.00421038
0
0.00135824
0
0
0.000446489
0
0.00329242
-0.00652485
0
0.00612272
-0.00585611
3.56469e-06
0.00550638
0
0.00506171
0
0
0
0.0117742
0
0
-0.00634289
0.00561133
0
-0.00418024
0.00689071
0
0
0
0
0.00645111
-0.00636728
0.0062705
0
-0.00592568
0.00571227
0.00556616
0
0
-0.00982659
-0.00928919
0.00879038
0
-0.00766633
0
0.0135298
0
-0.0108942
0
0
-0.00687528
0
0
0
0
-0.0061934
0.0122147
0
0.0117632
0
-0.0110687
0
0.0103587
0
0.00946976
0.017978
-0.00851196
0
0
0
-0.013102
0
0.0211707
0
0
0
0
0
-0.00459587
0.00178409
0
-0.00581419
0
-0.0112153
0.0109511
-1.13497e-05
-0.0103172
-0.00990228
0
0.00906269
-0.0086285
0.0163675
0
0
0
0.0126129
0
-0.0103305
0
0
0
0
0
0.00458096
-0.00172412
0
0
0
-0.0106126
1.9282e-05
-1.60836e-05
0.0195333
-0.00938651
-0.0180491
-0.00861954
0
-0.0311939
0
0
0
-0.0120775
0
0
0
0.0156337
0
0
0
-0.00428952
-0.00166754
0
0
0
0.0198579
-0.00970799
0.00942605
0.0092078
0.00883642
0.0169921
0
0
0.0147254
0
-0.0131381
-0.0123085
0
0
-0.0191233
0
-1.63698e-05
0
0.00980451
0
0.00408642
0.00153752
0
0.0095277
0
-0.00919096
0
0
-0.0171497
0
0
-0.0152665
0
0.0137844
0
-1.67894e-05
0.0115378
0
0
0.0180396
0
-0.0137972
-0.0112281
-0.00920005
0
0
0.0027639
0
3.81715e-05
0
0
0
-0.0160229
0.0157215
-0.0152042
0
-3.60083e-05
0
-0.0126382
0
0.0110803
0
0
0
0.0167209
-0.0142144
0.0124149
0.0194084
0.0163287
0
0
-0.00461855
0.00762134
-0.0150941
0
0
0
-4.37395e-05
-0.0278836
0.013512
0
0.0124691
0
0
0
0
0
0
-0.0158115
-0.0149038
0.0122884
-4.70935e-05
-0.00771528
-0.0138041
0.00963223
0
0.00177709
-0.0129677
0.0193403
-0.0128701
0
0.0127532
-3.69822e-05
-3.64429e-05
0
0
0
0
0.018899
0
0
-0.0154165
0
0.0132243
0
0
-0.00800361
0.0109396
0.0104537
-0.00739183
0
0
0.00530749
-0.0105474
0.0107923
0
-0.0105231
0.00982434
-2.60475e-05
0.00950407
0
-0.0182641
0.0158918
-0.0283757
0
0
3.25351e-05
0
0
-0.0104413
0
0
-0.0159613
-0.000218085
0
0.00238372
0
0
0
-0.00856771
0
0.00760366
-0.00689343
-8.79491e-06
-0.00698207
-0.0126567
0.0135547
-0.0112531
0.0197063
0
-0.00896411
0.00696649
0
0
0.00800722
-0.00941994
0
0.00605193
-0.00448267
-0.00278212
-0.00195223
5.35755e-06
0
-0.00518802
0.00572686
0
-1.71072e-05
0.00349457
0.00415819
0.00822346
0.0150974
0
0
-0.00529634
0
6.74566e-05
-0.00400525
0.00526337
0
0.00971155
0.00514993
0
-0.00302542
0
0.000944637
-0.000176065
2.71056e-05
0
0.00179507
0
0
-3.77152e-05
0
0.0017252
-0.00206684
-0.00196072
0
0.00153736
-0.000392596
0
0.000105861
0.00136823
-0.00193113
0
-0.0038643
0.000820226
0
0.000185874
0
0
0.00151139
-0.00379308
0
0
0
0
-5.65553e-05
0
0.00426796
-0.00386451
0
0.00301884
0.00309537
-0.0041733
0
-0.00439883
0.00185895
0.00246131
0
0
0.00611656
-0.00456875
-0.00677851
0
-0.00336924
-0.00248228
0.00385297
0.00299158
-0.00347262
0
0.00433037
0.0093268
0
-0.0090628
0.00846001
0
-0.00726244
0
-0.00782278
0
0.00535287
-0.0140494
-0.0158165
0
0.00717833
-0.00668035
0.00756661
-0.000181279
0.00627624
0.0105094
-0.00728681
0
0.000160316
0.00516657
0.0056225
0.000101668
-0.00630502
0
0.0120029
0
0
0
0.00948106
0.0100083
0
0.0162442
0.0138871
0.0128268
0
-0.0109722
0
0
-0.00017984
0.000154202
-0.00699523
-0.000136007
0.00695271
-0.00694994
-0.00665616
-0.00671812
-0.00714026
0
0
0
0
0
-0.0133608
-0.0112546
0.0119214
0
-0.0403971
0
0
0
0
0
0
-0.000184991
-0.0107511
0
0.0112052
0.000141305
0
0.00759986
0
0
0
-0.0172143
0
0.01564
0
-0.000185861
0
0.000193144
0
0.0457372
0
0
0
-0.016855
0.0162732
0
0.0140064
-0.0130264
0
0
0.000142094
0
0
0
0
0
-0.000237922
0
0.000205719
0.0162229
0.0149668
-0.0141899
0.000206612
0
-0.0492376
0
0
0
-0.00032039
-0.0186881
-0.0188532
-0.0168358
0.0147281
0.0232924
0.0155276
-0.0117151
-0.00712941
0.0083399
0
0.0179505
-0.0181856
0.0184537
0
-0.0331131
-0.0165025
0
0.0147457
-0.0153368
0
0.0530483
0.0254549
0
0.0249412
-0.00035941
0.0219497
0.0420206
-0.000273653
0
-0.0269711
-0.0171268
-0.0137344
0.00618128
-0.00761179
0
-0.0168037
0.0348248
0.0185453
0
0.0349561
0
0
0
0.017841
0
0.000462469
0.000490444
0
-0.0278997
0.0228678
-0.0249516
-0.0229414
0.0225737
0.0369302
0
0
-0.000154245
0
0
0
-0.0167356
-0.0174025
-0.0188581
0
-0.0378165
0
0.0180872
0
-0.0425818
0
-0.0355122
-0.032798
0
0
0
0.0296755
0
0
-0.0399471
0
0.0200098
0.0362501
0
-0.00933179
0.0187945
0.019521
0
0
-0.0236694
0.022938
0
-0.0457709
0
0.0279629
0
0
0.0394382
0.0424376
0
0
-0.0635636
-0.0299076
-0.0591253
0
0
0.000570552
-0.0211495
0
0.0352663
-0.0375737
0
-0.0395615
0
0.0382787
0
0
0.0350896
0.0361441
-0.0843228
0
0
-0.112908
-0.0572206
0.050224
0
0.0421179
0.0349908
0.0746799
0
0
-0.0450574
0
0
-0.0121558
0.036681
0
0.0485754
0.0555923
0
-0.0535435
0
0
0.000432749
0.118421
0
0
0.0914013
0
-0.0762411
0
0
0
0
0.0723658
0
0.0326062
0
0
0.0307833
0.0488027
0
0
0.0231794
-0.016343
-0.000637072
0
0
0.000500014
-0.0124942
0
0
0
-0.00819733
0
-0.016784
0
0
-0.0990703
0.00207595
0
0
-0.027295
0
0.0132558
0
0
-0.03255
0.0302662
0.000164923
0.0363203
0
0.0374371
-0.0376842
0.0671254
0
0
0
0.0683179
0
-0.000163719
0
0
0.103789
0.000243712
0
-0.0670264
0.0171841
)
;

boundaryField
{
    inlet
    {
        type            calculated;
        value           uniform 0;
    }
    outlet
    {
        type            calculated;
        value           nonuniform List<scalar> 
57
(
4.05916e-17
-2.1806e-17
0
0
0
5.47312e-18
-4.73229e-18
-4.22113e-18
1.9246e-18
1.7942e-18
0
0
0
1.51127e-18
-2.94381e-18
1.4409e-18
0
6.96147e-19
-6.89292e-19
6.79495e-19
-3.51773e-21
-6.71943e-19
0
3.29854e-19
-4.95561e-19
1.65248e-19
0
1.8026e-19
-1.90344e-19
0
0
-7.61513e-19
7.81953e-19
7.86253e-19
-8.14145e-19
-1.66293e-18
3.47261e-18
-1.82512e-18
0
0
2.27623e-18
2.54896e-20
-8.15749e-18
5.80518e-18
0
6.97815e-18
1.06408e-19
1.1232e-19
-9.48013e-18
-1.09429e-17
-1.2952e-19
2.95758e-17
-1.7543e-17
0
0
-3.86432e-17
6.99966e-17
)
;
    }
    upperWall
    {
        type            calculated;
        value           uniform 0;
    }
    lowerWall
    {
        type            calculated;
        value           uniform 0;
    }
    frontAndBack
    {
        type            empty;
    }
}


// ************************************************************************* //
