/*--------------------------------*- C++ -*----------------------------------*\
  =========                 |
  \\      /  F ield         | OpenFOAM: The Open Source CFD Toolbox
   \\    /   O peration     | Website:  https://openfoam.org
    \\  /    A nd           | Version:  8
     \\/     M anipulation  |
\*---------------------------------------------------------------------------*/
FoamFile
{
    version     2.0;
    format      ascii;
    class       volScalarField;
    location    "200";
    object      wpod_1;
}
// * * * * * * * * * * * * * * * * * * * * * * * * * * * * * * * * * * * * * //

dimensions      [0 1 -1 0 0 0 0];

internalField   nonuniform List<scalar> 
12225
(
-3.48464e-16
7.84447e-17
-8.42137e-18
-6.78318e-18
3.85907e-17
2.99984e-18
7.85191e-19
1.71067e-17
8.34977e-18
-4.04176e-19
-5.9923e-18
5.61061e-18
8.11376e-18
-2.49053e-18
6.62584e-18
6.48611e-18
-2.62173e-18
-3.98635e-18
-3.85242e-18
-6.30668e-19
2.2381e-18
1.88031e-18
2.39353e-18
-1.58768e-18
7.31568e-19
2.33446e-20
1.6576e-18
-1.00708e-18
1.47109e-19
-2.03231e-19
2.55517e-19
-7.37811e-19
-1.55787e-18
-1.94038e-18
-1.40139e-18
6.27529e-19
-1.56681e-19
3.6654e-19
1.31366e-18
9.57855e-19
-3.06142e-19
-1.51079e-18
1.08067e-18
-1.60614e-18
-2.13471e-19
8.002e-19
4.43775e-19
-1.11768e-18
-2.01545e-19
7.74635e-19
-1.34092e-18
8.54575e-19
8.13646e-19
2.42927e-19
-4.16253e-19
3.37827e-20
-5.41974e-19
-5.44658e-20
-2.11014e-19
-2.78422e-19
-6.88081e-20
6.71999e-19
9.32939e-20
-1.03434e-19
-5.39262e-19
2.49901e-19
-5.6888e-19
-2.90951e-19
4.9973e-19
-2.55764e-19
1.71357e-19
-2.75854e-19
6.2806e-19
3.11824e-19
1.35516e-19
-6.83305e-20
-1.66251e-19
-1.43725e-19
-6.88663e-20
5.62543e-20
-9.35728e-20
-7.37483e-20
4.43351e-20
-3.35564e-20
-1.28605e-19
-4.17471e-20
8.46904e-20
3.12423e-20
-1.11961e-20
-8.55271e-21
-2.15725e-20
1.80727e-20
1.31644e-20
7.19444e-21
1.74932e-21
-1.04051e-20
-7.03494e-22
-1.91106e-20
-8.18298e-21
2.57581e-21
2.46974e-21
1.8925e-21
1.0784e-21
0
0
0
0
0
0
0
0
0
0
0
0
0
0
0
0
0
0
0
0
0
0
0
0
0
0
0
0
0
0
0
0
0
0
0
0
0
0
0
0
0
0
0
0
0
0
0
0
0
0
0
0
0
0
0
0
0
0
0
0
0
0
0
0
0
0
0
0
0
0
0
0
0
0
0
0
0
0
0
0
0
0
0
0
0
0
0
0
0
0
0
0
0
0
0
0
0
0
0
0
0
0
0
0
0
0
0
0
0
0
0
0
0
0
0
0
0
0
0
0
0
0
0
0
0
0
0
0
0
0
0
0
0
0
0
0
0
0
0
0
0
0
0
0
0
0
0
0
0
0
0
0
0
0
0
0
0
0
0
0
0
0
0
0
0
0
0
0
0
0
0
0
0
0
0
0
0
0
0
0
0
0
0
0
0
0
0
0
0
0
0
0
0
0
0
0
0
0
0
0
0
0
0
0
0
0
0
0
0
0
0
0
0
0
0
0
0
0
0
0
0
0
0
0
0
0
0
0
0
0
0
0
0
0
0
0
0
0
0
0
0
0
0
0
0
0
0
0
0
0
0
0
0
0
0
0
0
0
0
0
0
0
0
0
0
0
0
0
0
0
0
0
0
0
0
0
0
0
0
0
0
0
0
0
0
0
0
0
0
0
0
0
0
0
0
0
0
0
0
0
0
0
0
0
0
0
0
0
0
0
0
0
0
0
0
0
0
0
0
0
0
0
0
0
0
0
0
0
0
0
0
0
0
0
0
0
0
0
0
0
0
0
0
0
0
0
0
0
0
0
0
0
0
0
0
0
0
0
0
0
0
0
0
0
0
0
0
0
0
0
0
0
0
0
0
0
0
0
0
0
0
0
0
0
0
0
0
0
0
0
0
0
0
0
0
0
0
0
0
0
0
0
0
0
0
0
0
0
0
0
0
0
0
0
0
0
0
0
0
0
0
0
0
0
0
0
0
0
0
0
0
0
0
0
0
0
0
0.000875681
-0.000705007
0
0
0
0.000368642
0
0
0
0
-0.00027903
0
0
0
0
-0.000251589
0
0
0
0
0
0
0
-0.000208372
0.000196806
-0.000183783
-0.000172793
0
0
0.000148959
0.000143229
0
0
0.000129675
0
0
-0.000119315
0
-0.000112862
-0.000220008
0
0
0
0
0
-0.000190716
-0.000186932
-0.000182943
0
0.000175178
0
-0.000168527
-0.000165144
0
0
0
-0.000152934
0
0
0
0
0
0
0
0
0.000128979
0
0
-0.0001216
-0.000118933
0
0.000114206
-0.000111487
0
0.000107084
0
0
-9.90785e-05
0
9.38934e-05
0
-8.9038e-05
-8.66049e-05
-8.39042e-05
-0.000162128
0.000157529
0
0
0
0.000134679
0.000129724
-0.000123653
0
0.000111763
0.000105852
0.000100223
0
0
0
7.43196e-05
0
0
-5.30465e-05
0
0
-3.11534e-05
0
0
8.69797e-06
1.39242e-06
0
1.53541e-05
0
-3.05638e-05
0
-4.61028e-05
-5.42026e-05
0
0
0
0
0
0
0
-9.83592e-05
0.000103296
0
0
0
0
0.000259558
0
-0.000283009
0.000299216
0
0
0
-0.00035593
-0.000367104
0
-0.000385992
-0.000394638
0.000400958
0
0
0.000427908
0
0
0
0
-0.000472846
-0.000481139
0
-0.000487959
0
0
-0.000509523
0
-0.000509922
0
0
-0.000524695
0
-0.000524606
0
0
0
0.000509221
0
-0.0005047
0
0
0
0
0
0
0
0.00100201
0
0
-0.00203414
0.00134727
0
-0.000627535
0
-0.000257648
0.000484451
0.000460507
0
0.000425104
0.000204757
0
0
0
0
0.00017379
0
-0.000326991
0
0
0.000295755
0
-0.000277216
0.000133082
-0.000127719
0.000122939
0.000118623
0
0
-0.000106499
0.000103225
0
0
-9.48427e-05
0
0
8.85057e-05
0
-8.48856e-05
0.000166357
0
0
0.000314248
0.000308724
0.00030289
-0.000149295
0.000146983
0.00043315
-0.000284581
-0.000139847
0
0.000135435
-0.000133393
0
0
0
0.000126405
0
-0.000244225
0
-0.000236983
0
0.000229899
0
-0.000224006
0.000110414
0
0.00021444
0.000106072
0.000104414
0
0.000101989
9.98883e-05
0
-9.67993e-05
0.000190201
0
9.16447e-05
0
-0.00026509
0
0.000258399
8.42918e-05
-8.34075e-05
-0.00016273
0.00015969
0
0
0
-0.000435148
-0.000142181
0.000140722
0
0.000133657
-0.000130242
-0.000128052
0
0
0
-0.000112629
0
0.000211142
0.000299132
-0.000197666
0
-8.91522e-05
0
-0.000162867
7.76119e-05
7.74322e-05
0
0.000197661
-0.000130317
-6.41003e-05
0
-5.57885e-05
-0.000153776
0
-9.55721e-05
-7.84556e-05
-7.15961e-05
0
0
0
2.73667e-05
2.53625e-05
0
2.34121e-05
2.36197e-05
0
1.83301e-05
7.19569e-06
-6.63519e-07
1.24135e-05
0
0
0
4.87455e-05
-5.3197e-05
-0.000120082
5.73912e-05
-5.06958e-05
-5.36898e-05
0
0
6.80876e-05
0
0
-0.000195311
0
-0.000109022
0.000122881
0
-0.000112558
0
0
0.000144466
-0.000277106
0.000134589
0
0
-0.000159729
0
-0.000168096
0
0
0
-0.000176939
0
0.000189603
0
0
-0.000391937
0.000377169
0
0
0
-0.00133601
0
0.000869973
-7.9513e-09
-0.00139478
0
0.000814264
0
0
4.96951e-07
-0.000267938
-0.000258586
-0.000248586
0
0
0.000231915
0.000458353
-0.000450748
0
-0.000427157
0.000206363
0
-0.000400212
-0.000196124
0.000382781
0.000187472
0
-0.000354775
-0.000342868
0
-0.000322647
0
-0.00030549
-0.000148194
0
0
0
0
0
0
-0.0002633
0.000389326
0
0
0
1.61671e-07
-0.000240886
-0.000472496
0.000468034
0.000231251
-0.000226481
-1.24219e-07
-0.000219797
0
-0.000212787
-1.2107e-07
0
0
0.000206421
0
0
-0.000196271
-0.000389355
0.000191732
0
-0.000186803
0
-0.0001825
-0.000178891
0.000355634
0.000175634
0
-0.000342704
0
-0.000508834
-0.00033426
-0.000326599
0.000319775
-0.000474118
0
0
0.00030246
0.000442813
0
-0.000144069
0
0.000426692
-6.85501e-07
7.05997e-07
-0.000269395
0
0.000257313
-7.87626e-07
0
0
0
-0.000233255
0
0
0
0
0
-0.000209475
0
-0.000192977
-0.000184931
0.000184393
0
0.000170653
0
0.000161118
-0.000153427
-0.000463885
0
-0.000424256
-0.000138502
0
-0.000266212
-0.000255027
0.000366998
0
0.000110593
0.000100308
0.000308152
0
0
0
8.35474e-05
0
0
-6.59105e-05
-6.24924e-05
0
0
-0.000102995
0
7.4893e-05
8.02118e-05
0
0
-4.0735e-05
1.82418e-06
1.80454e-06
0
-4.71228e-05
0
0
0
-6.13194e-06
0
8.06789e-05
5.34844e-05
0
5.84542e-05
0
0
0.000226082
-0.00018879
0
-0.000235333
0.000116665
0
0
0
0.000438153
0
0.000164664
0
0
0
0
0
0
0.000384073
0
0.000213404
-0.000625764
0
0
0.00045808
0.000535676
-0.000509462
-0.000512103
0.00285897
0.00179798
0.000868596
0.000337717
0
-0.000476325
0.000216259
0
0.000193859
0
-0.000364047
0
-0.000174254
-0.000342606
0.000338737
0
0.000325039
0
0
0.000304959
0
8.15936e-07
0
0
-7.62059e-07
0.000273823
0.000268235
0.000261958
0
0.00050757
0
0.00024549
0
0
-0.00023772
0
0.00023002
-3.81684e-07
-0.000450621
0.000446131
0
0
0.000215148
0
0.000209659
-0.000207232
-0.000204998
0
0.000200564
0.000198276
-0.000391981
0.000193376
0.000191345
0
0
-0.000185861
0
0
0.000359051
0.000355446
0
0
0
0
0.000335392
-0.000331153
-0.000328036
-0.000648018
0
-3.80309e-07
0
0.000309521
-3.9459e-07
0.000301547
-0.000297252
-4.18007e-07
0
-0.000286299
-0.000281604
-0.00055482
0
0.000270126
0
-0.000526303
0.000259327
-0.000254358
0.000251948
0.000497148
-0.000242587
0.000239335
0
-0.000464397
0
-0.000446029
0.000439675
0.000434099
-0.000423194
-0.000416151
0
-0.000201743
0
0
-0.000373298
0
0
-0.000349441
0
0
0
0.000633441
0
0.000598395
0.000289657
0.000288677
-1.35533e-06
0.000268947
-0.000527456
-0.000254542
0
-0.000234584
-0.000461343
0
0
0
1.28591e-06
0
0
0
0
0.000327214
0
-0.000296077
0
-0.00025725
-0.000123159
0.00022812
-0.000212738
-0.000101064
9.25187e-05
-8.24937e-05
0
-7.71005e-05
0
0
0
-9.38789e-05
0
-1.77241e-06
0
0
-2.49924e-05
0
0
-1.91974e-05
1.44659e-06
0
7.04202e-05
7.76935e-05
0
0
-0.000109996
-1.2227e-06
0
-0.000158493
0
0
0
0.000209942
0
0
-0.000219971
0
0
0.000518853
0
0
-0.000304414
-0.000680204
0.000338042
0
-0.00170501
-0.00107112
-0.000773445
-0.000600161
0
0.000845587
9.80329e-07
0
0
0
0.000325189
0
0
0
0
0
-0.000292
-0.000285582
0
0
0.00027113
-0.000532806
0
-0.00025812
0.000252439
0
-0.000731103
0.000481537
-0.000475771
-0.000234196
0
-0.000690262
0
0
0.000222113
-0.000440243
-0.000651318
0.000643457
0.000211864
-0.000419195
0
0
7.3584e-07
0
0.000398409
0.000394058
0.000390301
0
-0.000382533
0
0.000749288
0
-0.000367224
0
0.000359536
0
0
0
0
0
0
0
0.000330988
0
0
0.000319817
0
0.00031277
0.000309639
0.000305827
0
0
0.000295299
-0.000584637
0
0.000853599
0
0.000277847
0
0.000270862
0.000533712
-0.000263136
0
0.000256605
-0.000506187
0
0
-0.000485557
0
0.000471471
0
0.000455125
0
0.000882594
-0.000434618
-0.000857292
0.000420836
0.000412767
0
-8.80312e-07
0
-0.000384977
0.000376846
0
0
0.000354744
-0.000348698
0
0
-0.000325359
0
-0.000311125
0
-0.000297865
0.000289259
-0.000568708
0.000277191
0.000268674
0
0.000253518
0.000246789
0
0
0.000459433
-0.000223665
0.000431286
0
0
0
-0.000744447
0
0.000346171
0
0.000315531
0
-0.000290924
0.000275869
0.000262256
-0.000249996
0
0
-1.33579e-06
0
0
0
0.000156886
0
0.000130445
0
0.00010867
9.87543e-05
-8.7234e-05
0
5.95945e-05
-4.67842e-05
0
-2.30335e-05
2.20891e-05
0
-3.07114e-05
2.42936e-05
-3.68692e-05
0
6.40645e-05
0
0
0
-0.000112319
0
0
0
0
0
-0.000170394
0
-0.000410153
0
0.000452705
0.000467975
0
0
0.000974916
0
0
0
1.27145e-06
1.18046e-06
0.000339107
0
0
0
0
0
0.000578904
0
-0.000561284
0.000275053
0.000270451
0
0
-0.000257401
0.000253295
0
0.000244577
-0.000481369
0
0.000462628
-0.000458377
0.00045378
0
0
0.000441658
0
0
-0.000429771
0.000850856
0.000419915
-0.00083131
0.000410983
0
0
0
-0.000394401
0
-0.000386486
-0.000382478
-0.000378722
-0.000375638
0.000371389
0
-0.000364273
0
-5.7197e-07
0
-0.000700487
0
0.000343907
0
0
0.000667174
0
0
-0.000323144
0
0
0.000627264
0
-0.000613124
-0.000303165
0
0.000595228
0
-0.000580375
0.00114721
0
-0.000560451
0
0
-0.000542184
0
-0.000527865
0.000520866
0
0
0.000500787
-0.000494895
-0.00048875
-0.00048405
0
-0.000468912
-0.000460094
0
0
-0.000442569
0
0.000427758
0
-0.000415004
0
-6.9738e-07
0
0.000386885
0
0
0
0
0.000354616
0
0
0.000670718
0
0
0
0.000612342
0
0.000583271
0
-0.000563608
0.000547874
0
-0.000520257
0
0
-0.000971035
0.00047778
-0.000456554
0
0
0
0.000805154
0
-0.000379973
0
0
0
0
-0.000320456
0
0.000297298
-0.000280047
-0.000267604
0.000254442
0
0
0
0
0
0
0
-0.000160127
0
0.000139097
0
-0.000337065
0
0.000178853
8.05307e-05
-6.96439e-05
0
-8.87899e-05
0
-4.27258e-05
0
0
0
0
0
-8.96528e-05
-0.000115282
0
0
0
0
0.000217424
0
0.000538013
-0.000284357
-0.000302882
-0.000326872
-0.000345516
0
-0.000883737
0
-0.00104016
-0.000866911
0.000379818
0.000345921
0.000325197
0.000618862
0
0
-0.000572191
0
-0.00110239
0
0.000536244
0
0
-0.000512401
0
-0.000497801
0
0
0
-2.04951e-06
0
0
0
0
0
0
0.000431083
0
-0.000421622
-1.40274e-06
-0.000412345
0
0.000404158
-0.000398642
0
0
0
0
0
0
0.000374857
-0.000371667
0.000367457
-0.000729569
0
0.000715527
-0.000708657
-0.000351528
0
0.000343563
0
-0.000337436
0
0
-0.000654688
0
0.000643994
0
0
0
-0.00123567
-0.000611723
0.000605292
0.000600075
0
-0.000587414
0
0.000572686
7.73921e-07
0
0
0.000549519
0
0.00053606
0
-0.000525337
-0.000516541
0
0
0
0.000490572
0.000484255
0.000480671
0
0
0.000459892
0.00045422
0
0
0
-0.000854346
0
0.000413982
0
-0.000402432
0
0.000779065
0.000763155
-0.000749924
0
0
0.000718369
0
0.000693854
1.12512e-06
-0.000668558
0
0
-0.000625305
0
0
-0.000589648
0.000577489
-0.00112696
0
0.000537135
0
0
0.00100892
-0.000496534
0
0
0
0
-0.000421205
0.000413703
0.000399173
0
0
0
0.000363811
0.000700293
0
-0.000973482
0.000305308
0.000294752
0
-0.000545707
0
0
0
0
-0.000429022
0
0
0
0
0
-7.82972e-07
0.000269879
-0.000251801
0.000240991
0
-0.000193679
0
0.000138735
0.000120216
0
0
5.9178e-05
3.69193e-05
2.09594e-05
6.20779e-07
3.2578e-05
0
0
0
-0.000109518
-0.000130246
0
-0.000353131
1.80805e-06
2.42415e-06
0.00022156
0.000497511
-0.00246359
0
0
0.0019151
0.000803995
3.58249e-06
-0.000650541
3.14473e-06
-0.00058863
0
0
0.000545495
0
0.000526602
0
0
0
0
0.000495694
0
0.000479153
0
0
0.000459441
0.00044944
0.000444153
0.000440367
0
0.000433721
0.000428244
0.000424221
-0.000418569
0
0.00040954
-1.49983e-06
-0.000404224
-0.000400777
0
0.00039139
0
0
-0.000763324
-0.000756909
0
0
-0.00110512
0.00109648
0
-1.62158e-06
0
-0.000703103
0.00069683
0.000689961
0
0
0
-0.000667162
0
0.00065397
0
0
-0.000635076
0
0
0
0.00122134
0.000604011
0
8.73028e-07
0
0.000581467
-0.000575038
0.000568929
-0.000562584
0
0.000550246
7.468e-07
0
0
0.000529847
0.000523154
0.00051802
0.000510245
-0.000502902
0
0
0
0
-0.00094849
0
0
-0.00136316
0
0.000878134
0
0.000854175
0
0.000833213
0
0.000803409
0
-0.000780671
-0.00153861
0.000755225
0
-0.000736114
-0.000724277
0
-0.00070182
-0.000686494
0.000675001
-0.000660694
0.000651965
0.000634256
0
0
-8.42453e-07
0
0.00057351
0.000565469
0
0
0.000522137
-0.00051478
0
0
0
0.000467548
0.000457151
0
-0.000434255
0
0
0
0
-0.000381499
-0.000370482
-0.000709315
0.000686389
0.000658478
0.000634751
0
0.00117679
0
0
0
0
0.000467822
0
0
-0.0004071
0
0
-4.61655e-07
-0.000646672
-0.000307063
-0.000293745
0.000274854
0.00049574
-0.000226167
3.32083e-07
0
0
0
-0.000117501
-9.47335e-05
-7.68891e-05
3.4479e-07
0
0
0
0
4.89818e-05
0
0
0.000104625
0.000125832
0.000133116
-0.00015586
-0.000177394
0.00224171
0.00143501
0
-0.000856236
0
4.06416e-06
-0.000620575
-0.000584865
0
-0.0005486
0
0
0
-0.000503489
0
0
0.000489695
0
0
-0.000470983
0
-0.000458769
0
-0.000883955
0.000436705
2.22538e-06
2.15253e-06
-0.000424072
-0.000419803
-0.000834949
1.86025e-06
0
0
-0.000806
0.000397926
0.000395037
0.000392214
0
-0.0011529
0.000764886
0.000758776
0.000750355
0.000744196
0
-0.00073287
0.00145102
-0.00071914
-0.000714793
0.00141559
0
0
0
0
-0.000677112
0
0
0.000658544
0
-0.00129464
0
0.000636254
0
0
0
0
-0.00060597
0
-0.000594482
8.8844e-07
0
-0.000577332
0.000571532
-0.000565494
0
0
-0.00109252
-0.000540434
0
0
-0.00157727
0
-0.00154612
-0.000507815
0.00050129
0.000994971
0
0
0
-1.14405e-06
-0.000934035
0
-1.07761e-06
0
-0.000881785
-0.000868259
0.000855952
0
-0.000833067
0
0.000807453
0
0.000785845
0.00077293
-0.000761606
0
0.00148247
0
0
0
0
0
0.000670363
-0.000658857
-0.000640159
0
0
-6.83361e-07
0
0.000583104
-0.00114527
0
0.00109195
-0.00158903
0
-0.00103219
0
0
-0.00047819
-0.000468862
0.000901711
0.000888629
0
0
0
0
0
0
0.00146073
0
7.35693e-07
-0.000667319
0.000638962
-0.00061635
0
0
0
0
0.000500788
0
0.000458203
0.000878037
-0.000417321
0
0.000383515
0.000359284
0.00034849
0.000334208
-0.000312015
-0.000285277
0.000267789
-0.000492194
0
0
-0.000180715
0.000157486
0
0.000233085
-0.000101744
0
0
0
2.75691e-05
-4.80316e-06
0
0
0
-0.000147167
-0.00016844
0.000216293
0
0
-0.0012897
0
-0.000794381
0
-0.000616791
0.000580549
-0.000562097
0
0.000528493
0
0
0
0.000485778
-0.00048472
0
-0.000946171
0.000469568
0
0.000453954
0
0.000436765
0.000432434
0.000851228
-0.000845053
-0.000418505
-0.00124918
0.000412173
-0.000824826
0.00122625
-0.000404323
0
-0.000801621
0.000788462
0.000785403
0
0
-0.000766277
0.000756399
-0.00150708
-0.00149537
0
0
0
-2.05504e-06
1.96714e-06
0.000712487
0.000704693
-0.00139948
0
0
0
-0.000677146
-1.4223e-06
0
0
0
0
-1.19136e-06
0
-0.0012615
0
0
0
0
0
0.000598323
0.00118314
-0.000586092
0
-0.00115391
0.00114086
0
-0.0011173
0.0011087
0.0016376
0
0
0
0.00104783
0.00103634
0.00204782
0
-0.000999904
1.15899e-06
-0.000979918
-0.000966713
0
0.00189899
0.00187309
0
0.000906046
0
0
0.000871642
8.62416e-07
-0.000853113
0
0
-0.001625
0
7.27528e-07
0
0.000764678
0
-0.000744374
0
0
-0.0007098
0
0
0
0.00066428
0.000645391
0
0.00124931
0.000611799
-0.00119618
-0.000589393
-0.000579827
0.00113519
9.24924e-07
0.00107914
0.00106476
0.00207396
-0.00101541
0
-0.000976347
-0.000948274
-0.000915463
7.85427e-07
0
0
0
0
0
0
-0.0014875
0
-0.00141775
0
-0.00131184
0
0.000616013
0
-0.000574133
0
-0.00105745
0
-0.000484751
6.68337e-08
0.000882894
0
0
0
0
-0.000357308
0
0
0
0.000828607
0.00049868
0
0.000208167
-0.000183762
-0.000329385
-0.000290436
-0.000261492
-0.000204027
0.000184486
0
1.55265e-07
-0.000122908
0
0
0
2.24557e-06
3.10315e-06
-0.000146241
0
-0.00189503
0.00117502
0
0.000745031
0
0.00059531
0
0.00054022
0
-0.000517244
0
0
0
0.000477672
0.0004678
0
0.000454094
-0.000447389
0
0
0
0
-0.000419196
-0.000415075
0.000411115
0
0.000808001
-0.000813737
0.00162082
-0.000803268
0
0
0.00078554
0
-0.000772189
0.000769725
0
0.00150947
0
0.000743406
0.000738117
-0.000735501
0
0
0.000714945
1.94512e-06
-0.000702947
0.000699326
-1.70976e-06
0
0
0.000677344
0.000670558
0.000665111
0.000660864
0
0
0
0.000638455
0
-1.08341e-06
0.000624358
-0.00061868
0
0.00121497
-0.00120356
-0.00179017
-0.00177304
0
0
0.00115024
-0.00113834
0
0.00111571
-0.0011045
-0.00109131
0
0
-0.00106402
0
-0.00103399
-0.00102119
-0.00101341
0.00100116
-0.000988277
0.000975073
0.00192582
0
-0.000947299
-0.000937476
0
0
0
0.000886362
0
-0.000865639
0.000856248
0
0
0.000816116
0
-0.00158384
0
0
0
-0.000749899
0
0
0.00213973
0
0
0
-0.00200067
-0.000651906
0
-0.00126714
-0.0012417
0.00242554
-0.00119172
0.00116731
6.99278e-07
-0.00113279
0
-0.00108173
-0.00105194
0.00103389
0
-6.16894e-07
0.00192249
0
-0.000919652
0
0
0
0
0
0
0.000751237
0
0.000724802
-0.000703465
0.000674786
0
-0.000634221
0
-4.3978e-08
0
1.67201e-08
0
0
-0.000487987
-0.000465197
0
0.000857154
0
0
0
0
0.000663698
0
-0.000580764
-5.28479e-07
-0.000513479
0
0
0.000374735
0.000330618
0.000305015
3.85473e-07
-0.000226006
0
-0.000150297
0.000227788
0
0
2.34418e-05
5.19917e-05
2.60139e-06
0
0
0.00174956
-0.00107273
0.000812588
0
0
5.25271e-06
0
0
0
-4.33004e-06
0
0
0
-0.000460118
-0.000913719
0
0
0
-0.000882271
-0.000875305
0.000863704
0.000849918
0
0
0
0
0
-4.4611e-06
-0.000796958
0
0
0
0
0
0
-0.000758164
0
-0.000749424
0
0
0
0.000728458
0
0
0
1.86963e-06
0
-0.00138977
0.000688232
0
0
-0.000672605
0.000668829
0
-0.000657064
-0.000653048
0
0
0
0
0.000627721
-0.000622439
0.000616798
-0.00122487
-0.00242344
0.00119927
0.00119117
0.00118047
0
0
0
0
-0.00113016
0
0
0
0.00108626
0
-1.06896e-06
0
0.00104251
0
0.0010175
0
0
0
-0.00097287
0
0
-0.000939578
-0.000926738
-0.000916255
0
6.01425e-07
0
0.000869822
0
0
-0.000832808
0
0
0.000792533
0.00078342
0
0
0.000753354
-0.00148522
0
-0.00143619
0
0
-0.00136028
0.00134196
0.00131884
0
0
0.0012499
-0.0012249
0.00119987
-0.00117575
-0.00115858
-0.0011427
-0.00110631
0
0.0010671
0.00104692
0
0.00100171
4.17995e-07
0.000955068
0
0
0
0
0
0
-0.000797305
0
-0.000746924
0
0.00071682
0
0
-0.000649848
0
0.00122424
0
0.000563564
0
0
0
0
0
-0.00176178
0.000830441
0.000807119
0
-0.000737903
-0.000702037
0
0
-8.06694e-07
0.000538874
0
0.000434073
0
-0.000354368
0
0.000559329
0
0.000219699
0
-0.000151191
0
0
-5.96889e-05
1.4546e-05
2.13124e-06
4.19453e-05
0
0
0
-0.000707113
0
0
-0.000532009
0
-0.000505098
0
-0.000483293
0
0
0
0
0.00088704
-0.000883163
0
0
0.000854732
0.000850754
6.18429e-06
-0.000834054
0
0
0
0
0
0.00158565
0
0
0
0
-0.000768583
-0.000763967
0
0
-0.000748516
0
0
0.00073224
0
0
0
0
0
1.73494e-06
0.000696874
0.000689568
0
0.000680561
0
0
-0.000665309
0.00132293
0
0.000650929
0
0
0
0
0
0
-0.00123491
0.00122358
0.00121235
0.00120053
-0.00118987
0
0
0
0
0.00114055
0.00112968
-0.00111788
0.00111097
0
-0.00217942
0
0.00106507
0.00105669
-0.00209254
0
0
-0.00100587
0.000998998
-0.00098906
0.000981334
0
0
-4.82593e-07
0.000930129
-4.35798e-07
0
3.97691e-07
-0.000879736
3.51431e-07
0
0
0.000836361
0
0
0.00159469
0.000787607
0
0
0
0.00149261
0
0
0
0
0.00273748
-0.0013483
4.13335e-07
0.00130669
0
-0.00125193
0
0.00120778
0.00118356
0
0.00114953
0.00222884
0
-0.00107469
-0.00210807
0
0
-0.0019737
2.40988e-07
0
0
0
-0.000878469
0
0
0.00161632
0.000783424
0.000763104
0
0
-0.000708736
0
-0.000657723
0
-0.000620241
0
-0.00114386
-0.00110426
0.00104887
0
0
0
0.000900731
-8.77785e-07
-0.000832452
0
0.000755136
0
0
0
-0.000589069
0
-0.00052033
-0.000456146
0
0.000375121
-0.000359714
-9.32645e-07
-0.000272052
-8.11223e-07
0
0.000177975
0
0
0
-5.43226e-05
1.67569e-06
-1.73575e-05
0
0.00152304
0.000899094
0
0
0
0
0
0.000493592
0
-9.74301e-06
0.000954625
0
0
0
0
0.00175558
0
0
0
0
-0.00165646
0
0
0
-0.000802296
0
0
-0.000779408
0
-0.000777631
0
0
0.000756652
0.00150649
0
0
0.000737048
0
-0.000731226
-0.000724114
0.000721825
0
0
0
0
-0.000696891
-0.000691382
0
0
-0.000676181
0
0
0
-0.00131754
0
0
-0.00129099
0
-0.00127254
0
0
0
0.00123339
0.00122622
-0.00121655
1.11045e-06
0.00119191
0
0
0
0
-0.00113852
-0.00112916
0.00111709
-0.00110915
-0.00109992
0.00109013
0
0
4.83391e-07
-4.45342e-07
-0.00103398
0.00102362
-3.64812e-07
-0.00100064
0.00197993
-0.000979179
0
-0.000954243
0.000940635
0
0.000917664
0
0.000892547
-0.000881555
-0.000869962
0.00171828
0
0
-0.00165231
0
-0.00160466
-0.0015796
0
-0.00154378
0
0
0.00147526
0
0
0
1.42854e-07
0.00135854
-0.00133378
-0.0013092
0
0.00251759
-0.00123532
-0.00121767
0.00119555
0
-0.00115224
-0.00112018
-0.00109846
0
0.00106108
0
0
0.0019838
-0.000962551
0
0
0
0.000883556
0
0
-0.000816557
-0.000793899
-0.00154852
0.00151829
-0.00146532
0.000717271
0
0.00132815
0
0
0
0.00114998
0.00221893
-0.00106607
-0.00103247
0.00099848
0.000958927
-0.000914465
-1.11461e-06
0
0
0.000766928
0
-0.000673463
0
0
0.000575194
0.00108046
0
0
-0.000805167
0.000387118
-0.000318571
0.000294789
-0.000268382
-0.000237238
-0.000398079
0
0
0
7.55464e-05
-5.32473e-05
-1.67399e-05
0
-0.00143366
-0.000810073
0
0
0
0
0
0
0
0.000897231
-0.000887472
0
0
0.00087373
0
-0.00170799
0.000846353
0
0
0
0.000807005
0.000806477
0
0
0.000787314
-0.00078446
0
0
0.000768133
0.000761601
0
0
0
-0.000743798
0
0
0.000734392
0.000730556
0.000725889
0
-0.00071599
0
0
0
0.00139557
0
0.00137726
0
0
0.0013501
0
0.00133451
-0.0013248
0
-0.00130534
-0.00129607
0.00128597
0
0.00253561
0
0
-0.00124009
0
7.97351e-07
0.00121096
6.74718e-07
0
0
0
0
-0.00115008
0
0.00112771
0
0
0.00109568
0.00108508
0
0
-0.00105223
0.00208523
-5.8215e-08
-0.00102282
0.00100915
-0.00099997
-0.000988851
-0.00097498
0
0.002853
0.00188064
0
0
0
-0.00357511
0.0017621
-0.00173813
-0.00171343
0
0
0.00164562
0
0
0.00158181
0
0.00154103
0.00151941
0
-0.00147019
0
0
0
-0.00276214
-0.00135652
0
0
0
-1.644e-07
0.00247691
-0.00121718
-0.00119579
-0.00117105
0.00230173
0.00112293
0.00110123
0
0
0
0
-0.00198627
-0.000969149
-0.000948822
0
0
0
0
0
0
0
0.00155117
-0.00151134
0.00146123
0
0
0
0.00128874
0
0
0
-0.0011189
0
0.00208209
-0.00100925
-0.000969255
0.000920949
-1.32428e-06
0
0
-0.00154115
0
0.00135467
0.000644743
0
-0.000564114
-0.000544392
0
0
0.000838493
-0.000392256
-0.000340864
0
0
0.000247439
0.000211339
-0.0001802
0
0
0
0
0
0
0
0.00156739
0
0
0.00104677
-0.000948129
0
-0.000836798
0
0
0
0
0
-0.00080832
0
0.000794373
7.0803e-06
0
0.000779041
0
0.000765166
-0.000755279
0
0
0
0.000740472
-0.000739587
0
-0.000726076
0
0
-0.000715741
0
0
0
0.000699727
-0.000693595
-0.000689368
0
0
0
0
0.00134201
0.00133305
-0.00264648
0
-0.00130547
0
0
-0.00128075
0
-0.00126377
0.00251116
0
0.00247404
0.00123004
0
0
-0.00120187
0
0
0.00117422
-0.00116536
-0.00115667
-0.00114726
-0.00227522
-0.00113037
0
0
0
0.00108988
-0.00107919
0
0
0
0
-2.56463e-07
0
0
0
-0.00197081
3.64607e-07
0
0.00191544
0.00095076
0
0.00276137
0
-0.00180174
-0.00178327
0.0017712
0
0
0.00169284
0
0.00165357
0
0.001599
-0.00157543
0
0
-0.00153097
-7.54975e-07
0
-0.00144795
-0.00143174
0.00141257
0
-0.0013767
0
-0.00132404
0.00130196
0.00129239
0
0
0
-0.00117545
-0.0023467
0.00229615
0
0.00110688
-0.00220174
-3.26221e-07
0.0010494
-0.00102843
0.00100462
0
0
0.000939816
0.000922718
0.000905696
0
0
0
0
0
0
0.00150278
-0.00147092
-0.00143249
0.00138863
0
0
0
-0.00123387
-0.0011969
0
0.00111062
0
0
-0.0020089
0
0
-0.000887221
-0.00169372
0
0
1.60943e-06
-0.000702399
-1.64334e-06
-1.67059e-06
-0.000575265
-0.000543217
0.000519097
0
0
-0.000413533
0.000383881
0.000688076
-0.000308065
0
0
-0.000420392
0.000551622
-0.000292193
-0.00026219
0
0.000153022
0
0
0
-0.00337554
-0.0012951
0
-0.00216069
-1.09182e-05
0.000961669
-9.95652e-06
-0.000934707
0
0
0.000893105
0
0.000880561
0
0
-0.00169845
0
-0.000835766
0
-0.000824342
0
0
0
0
0
0.00159637
0
0
-0.000789805
0
0.00155832
0
0
0
0.000764102
0
0
0.00149925
0
0
-0.00147465
1.48872e-06
1.3423e-06
0.00144423
0.00143735
0
0
0
0
0
0
-0.00274224
-0.00135876
-0.00269819
0
0
0
0
-0.00129493
0
-0.00127339
0.00126571
0
4.90262e-07
0.00246066
0.00245713
0
0.00120308
0
0
0.00116918
-0.0011672
0
0
0
-7.73385e-07
0
0
-0.00106749
0.00106274
0.0031781
0
-0.00418362
0.00207596
0
-0.00197054
0
0
0
-1.5757e-06
0
0
-0.00181819
0
0
0
-0.00169972
0.00337173
-0.0016628
-0.00166037
0.00166954
-0.00161303
0
1.08746e-06
0.0015457
-0.00152094
0.00152749
0.00149608
0.0014743
7.81422e-07
0
0
0.00134686
0
-0.0012896
0.00123266
0.00125435
-6.04092e-07
0
0
0.00120699
-5.11526e-07
-0.0011403
0.00111832
-0.00107904
0
0
0
0
0
0
0
0
0
0
-0.0016276
-0.00160156
0.00319977
0.00307738
-0.00149099
-0.00143897
0
0
0
0.00262316
0
-0.00118345
0
0
0.00107705
0.00104694
0
0.00192176
0.00183604
0
0
0.000792056
0.000756783
-0.000705157
-1.82985e-06
1.84387e-06
1.84489e-06
-1.86802e-06
0
0
0
0
-0.000374131
0.000333423
0
0
0.000457024
-0.000412872
2.03853e-06
0.000278537
0
-0.000199226
-0.000152945
0
0
0.00174849
0.0013109
0
0.00218922
0.00203768
9.22732e-06
0.000957604
0.0019108
-0.000949909
-0.000946133
7.51475e-06
0
-0.000922233
0.000919176
0.000914837
0.000905764
0
0
0
0
0
0
0
0
0.000874197
-0.000867529
0
0.00086114
0.000855525
0
-0.00169627
0
0
0
-0.00166045
0
0
-0.00163515
0.00162858
0
0.00160922
-0.00319464
-0.00158572
0.00157631
1.71908e-07
0.00155473
-0.00154579
0.00153125
0
0
0
0.00149199
5.86751e-07
0.00146824
0
0
0.00143193
0.00140521
9.37959e-07
0
0.0027407
0.00136309
0
0.00135722
-0.00267961
-0.00132971
-0.00131075
-0.00130446
0
0.00129185
0
0.00125843
0
-0.00123661
-0.00120346
-1.23466e-06
0
-0.00118533
0.00116972
0
-2.26916e-06
0.00223665
0.00225531
-0.00225461
0
-0.00214446
0
0
-0.00207767
-0.00210357
0
0.0020796
0.00389043
0
0
0
-0.00184724
-0.00183302
0.00350196
0.0035225
0.00176761
0.00171557
-0.00173337
0.00170438
-0.00171586
0
-0.00167655
0
-0.00152625
0.00143648
0
0
-0.00140207
0
0.00283252
-8.11064e-07
0
-0.00132646
0
0
0.00127349
-0.00125646
-0.00123922
0.00243227
0.00234262
0
0
0
-0.00218523
0
0
0
0
0
0
0.00358536
0
-0.00352365
-0.00165856
0
0.00160231
0.00151793
0
0.00147086
-0.00144125
0
0
0
0
0.00115808
-0.00223582
0
-0.00104622
-0.000994238
0
0
0
0
0.000758863
-0.00143866
0.000678371
0.00128273
-0.000593462
-0.000553688
0
0
0
0
0
0
0
0
0
0.000692718
0
0
-0.00023481
0.000174271
0
0
0.0018383
0
0
-0.00108111
-0.00100996
-0.00198573
-0.000980988
-0.000988997
0.000991988
0.00196527
-0.000972176
0
0
-0.00197464
-0.000982694
0
0
0
0
0
0
0
0
-0.000957443
-0.000952342
0.000950246
0
-0.000940524
0
0.000933119
0.000928879
0
0.000919679
0
0
0
0
0
-0.00177505
0.00176158
0
0.00173512
0
-0.00342659
-0.00169898
-0.00168644
0.00335036
-0.00166317
0
0
-0.00161454
0
0.00318457
0.00158522
0
0
-0.00309857
-0.0015163
0.00149932
0
-0.00148483
-0.0014673
0
0
0.00145754
-0.00142893
0.00140085
0
0
-1.61877e-06
0
0.0013468
-0.00132187
0.00131276
1.59487e-06
-0.00257049
0
0.00127536
0
0
-0.00251385
-0.00243216
0
-0.00242051
0.00227071
0.00227678
0
0
0.00445016
0
0
-0.00221383
-0.00206385
0
-0.00205247
-0.0020574
0.00394987
0
-0.00188922
-0.001898
-1.70238e-06
-1.64043e-06
0.00186734
0
0
0
-0.00178477
-0.00171214
0
0.00153699
-0.00162803
0
0
0
-0.00147745
-0.00144972
0
0
-0.00139682
0
-0.00132045
0
0.00133788
-0.00262215
-0.00253494
0
-0.00232595
0
9.52112e-07
0
0
-0.00209838
0.00206959
-0.00201338
0
-0.00387591
0
0.00185506
0.00174507
-0.0017761
-0.00172745
-0.00166052
0
-0.00155529
-0.00150915
-0.00143436
0
0
0
-0.00125571
0.00119576
0.00114873
0.0011151
-0.00105154
0
0
0
0
-0.00081121
1.9271e-06
-0.000719779
-0.000681528
0
1.98913e-06
-0.000542182
0.000511197
0.000453938
0
0
0
0
-0.000521067
0
-0.000404657
0
0
0.000245615
0
0
0
-0.00178779
0
0
0.0011342
0
0.00106729
0.00105393
0.00107574
0
-0.00107489
-0.00107986
0
0.00108326
0.00108005
0
0
0
0
0
0
0
-0.00106636
0
0.00211478
0
-0.00104774
0.00104172
-0.00103691
0.00103169
-0.00102416
0
0
-0.0010041
-0.000996414
-0.00098847
0
0
0
0.000959825
-0.00190299
0.00189278
0
0
1.58824e-06
0
0
-0.00358229
-0.00178127
-0.00175981
0
0.00172101
0
-0.00170775
-0.00169766
0
0
0.00164969
0
0
0
0
0.00155145
-0.00156055
0.0015665
0
2.10826e-06
0
0.00151019
-0.00153452
-0.00149512
0
-0.00142619
0.00142063
0
1.89938e-06
1.88987e-06
0
0
0.00136809
0
-0.00132997
0
0
0.00260569
-3.10955e-06
0.00242618
0
0
-0.00237845
0
0
0
0
0
0.00437698
0.00220447
-0.00211249
0
0.00201093
0.00205233
-0.00401543
-0.00197276
0
0.00190357
0
0
0.00189686
0.00186371
0
-0.00343189
0.00175227
0
-0.00163589
0
0
0
0
0.00151725
7.57505e-07
0.00146975
0
0
0.0013628
0
0.00133902
0
0.00251449
0
9.57833e-07
0
0
0.00221954
-9.2868e-07
0.0021887
0
0.00413549
0
-0.00195445
-0.00185941
0.00187763
1.40552e-06
0
0
0.00165539
0.00159196
0.00153425
0.0014489
0
-0.00136541
-0.00132708
0.00125841
-0.00122692
-0.00116627
0.00110455
0
0
0
0.00089945
-0.000856304
0.000807302
0.000760989
0
0
0.000625224
1.96616e-06
-0.00108329
-0.000477234
0
0
0.000352335
0
0.000569618
0.000252731
0
-0.000356325
0
0.000261845
0.000207318
0.000192877
0
0
-0.00124751
0
-0.00110574
0.0011044
0
0
5.41495e-06
0
0
0.00119212
0
-0.00120995
-0.00121398
0.00121557
0
0
0.00121106
0
0
0
-1.3479e-07
0
-0.0023474
0
0
-0.00114468
0.00113592
-0.00112548
0
0
0
0
0.00107225
0.00106208
0
0.00104313
0
-0.00102624
0.001014
-0.00201794
0
-0.000990991
0.0029446
0
0.00192507
2.46565e-06
2.48394e-06
0.00374016
0
-0.00182228
0
0
-0.00179933
0
0
0
-0.00173013
0
0.00168649
0
-0.00164955
0.0016664
-2.43802e-06
0
0.00162701
0
-0.0016202
0.00161769
0.00158227
0
0
0.00150167
0
0.00145587
0.00144841
-0.0014569
0
-0.00143565
0
0.00279198
0
0
0.00135938
-0.00388363
-0.00255939
-0.00127601
0
0
0.00247181
0
0
0.00236367
0.0023839
-2.57083e-06
0
0
-0.00228855
-0.00220106
-1.98715e-06
1.89549e-06
0
0
-1.62259e-06
0
-0.00204875
0
0.00197574
0
1.24422e-06
0.00182688
0.00181892
0.00175971
0
0
-0.00163597
0
-0.00159853
7.32807e-07
-0.00153902
0
0
-0.0014271
0.00142367
-0.00140302
0.00137198
0
0
0.00389745
0.00127577
0
0
-0.00233147
0
0
-9.8684e-07
0
0.00202051
-0.00193333
0
0.00185953
0
0.00175703
-0.00172804
0
0
-1.50635e-06
0
0.00287888
0.00274914
-0.0013091
0
-0.00121095
0
0
0
0
-0.000945973
1.73778e-06
-0.000842381
0
0
0
-0.000651187
0.000603132
0.00112902
0
-0.000452816
-0.000422007
-1.99852e-06
-0.000344134
0.000308846
-0.000267393
0
0.000604302
0.00015539
-0.00030882
-0.000339021
-0.000212758
0
0
0.000595643
0
0
-0.00183516
0
0
-0.00132918
0
0
0
0
0
0.00140573
-0.00140464
-0.00139942
0
-5.2453e-07
0
0
0
0.00130814
-0.00128869
0.00253747
0
0
0
0
0
0
0
0
0.0011407
0
0
0
-0.00109983
0
0.00107673
-1.3691e-06
-0.00105869
0
1.40344e-06
-1.42283e-06
0
-0.00202731
0.00200849
0.00298776
-0.00197394
0
0.0019279
0.000958585
0
2.85736e-06
0
-0.00187233
0
0.00182895
0
-0.00178481
0
0
0
-0.00347362
0
0
0
0
-0.0016401
-0.00164993
0
0
-0.00156541
0
-0.00153327
0
0.00304613
0
0.00149692
0
-0.00143516
-0.00143724
0
-0.00137408
0.00133744
0
1.65268e-06
0.00133883
0.00133693
-0.00131382
0
0.00128148
-0.00250739
-0.00249
-0.00246096
-0.00120327
0
0.00240148
0
-0.00229005
1.91705e-06
-0.00217634
0
-0.00213603
0
0.00206898
0
-1.43978e-06
0
1.23169e-06
-1.12741e-06
-0.00190328
0
-0.00183071
0
0.00177391
0
-0.00170873
0.00324778
-0.00161974
0
0.00158637
0
-0.00301438
0
-0.00143946
0
0
-0.00130331
-0.00131033
0
0.00126483
0
0
0
-0.00226457
0
0
0.00200972
0.000998965
0
0
-0.00183745
0
0
-0.00167606
-0.00160185
0
-0.00149771
-0.00143031
0.00136051
0
0.00125826
0
0
0
0
0
0.000930607
1.56732e-06
0
0
0
0.000678248
0
-1.79524e-06
0
0.000479564
0.000447374
-0.000799609
1.91606e-06
-0.000336951
0
0.000246389
-1.46455e-06
-0.000185202
0
0.000130402
0
0
0
0.000622513
0.000633695
0
0.00143775
0
0
0.000814472
0
0
0
0
0
0
0
0.00229217
0
-0.000729194
0.00143472
0.00141058
0
0
0.00133598
-0.00262336
-0.00129128
0
0
-0.00124476
0
0
0.00120168
0
-0.00118268
0
-0.0011597
0
0
-0.00112825
-0.0011184
-0.00111022
0.00110081
0
0.00108089
-0.00213506
0
0
0
-0.00103503
0
0
0
-1.50334e-06
0.000989676
0.00196247
0
0.000969113
0.000953423
0
0.000945661
0
-0.000910073
0
0
0.0018076
0.00179112
-0.00176718
0
0
0.00169521
0
0
0.00165871
-0.00159933
0.00157376
0.00159315
0
-0.00156938
0.00156205
-0.00311247
0
0
0.00149831
0
-0.00141705
0
-0.0013893
0.00137295
-0.0013757
-0.00139751
-1.54254e-06
0
-0.00133664
0
0
0.00128013
1.2279e-06
-0.00125976
0
0
-0.00119353
0.00351846
0.00112748
0
0
0
0
-0.00110529
-0.00213822
-0.00210449
0.0020771
-0.00205798
-0.00199999
0
0.00382029
0.0018708
-0.00184228
0
0.0017904
-5.83246e-07
0.00170101
0
-0.00317886
0
0.00157101
-0.00152951
0
0
0
0.00134287
0.00134476
0
-2.59282e-07
0.00128583
0.00123867
0
0
0.00111797
0
-0.00105218
-0.00102452
0
0
0
0.000916957
0.000887747
0.00172028
0
0
-0.000766662
0
-0.00141344
0.000682092
0
0
0
0
0.00107047
-0.00101814
0.000962154
0.000913128
-0.000850875
0
-0.000745087
0
0.000640994
-0.000593808
0
-0.000506526
0
0.000413506
0.000379592
0
0.000286748
-1.53054e-06
-0.000413382
0
0.00018196
0
0.000141093
0
-0.00077504
0
-0.000781012
0
-0.000922875
0.000978922
0.00098053
-0.00095952
0
0
0.000861135
0
0
0.000786093
0
-0.000753809
0.000731826
-0.000717311
-0.00142691
-0.000708264
0
0
0
0.00197908
0.00130564
0
0
0.00190475
0
0
-0.00122797
0
0
0
0.00118755
0
0
0.00115838
-0.00114745
0
0
0
0.00111212
0.0022002
0.00109381
0
-0.00107558
0.00106541
0
0
0.00103663
-0.00103256
-0.0020521
0.00101303
0
0.000998268
-0.00098951
-0.000980745
-0.000978713
0
0.00094955
0.000941529
0
0.000936196
-0.00277092
0.00276584
0
0
0
0
0
-0.00257181
0.00165415
-0.00163748
-0.00082244
0
0
-0.00242163
0.00160353
0.00158611
0
-0.00156515
0
0.00298801
0.00149559
0.00292537
0
0
0
-1.51745e-06
0
-0.00138502
-0.00135069
0
-0.00133502
0.00126573
1.12665e-06
0
0.00125384
0.0012224
-0.0012146
8.53599e-07
0
0.0011435
0
0.00108296
0.00220442
0
0.00108354
0
0
0.00103237
-0.000984506
-0.00197521
-0.00192126
0.00189772
0
0
-0.0017968
0
0
0.00164043
0
0
0.00159141
0
0
0
-0.00141934
-0.00139218
0
-0.00269656
-0.00261695
-0.00128081
0
0
-0.00235408
0
0.00110676
-0.00105996
0
0
0.000978447
-0.000941671
-0.000912399
0.000876812
0
0
0.00157263
-0.000757283
0.000726031
-0.000701081
0.000670508
0.000643558
0
0
-0.00109769
0.00157148
-0.000997197
0
0.00132921
0.000411831
0.000770162
0
-0.000993918
0
0
0.000533523
0
0
0
-0.000358681
-0.000301417
-0.000277089
0.000215619
0
-0.000178253
0
-0.000277988
0
0.000860879
0.000457927
0.000511687
0.000527062
-0.000507792
-0.000984259
-0.00139253
0
0
0.000398502
-0.000383532
0
-0.000364374
-0.000722868
0
0
-0.000709047
0
0
-0.000698923
0
0
-0.000666098
-5.38058e-07
0
0
0
-0.000641908
0
0
0
0
0
0
0.000600596
0
0
0
0.00117212
0
0
0
-0.00171023
-0.00112473
-0.000560306
0
0.00110188
-0.00109282
-0.000545347
0
-0.00160513
0
0.0010549
-0.00156985
0
0
0
1.38896e-06
0
0
0
-1.34721e-06
0
-0.000958183
0.000944592
-1.29529e-06
0
0
0
0
0
0.000883616
0
0.000858803
0.00169533
-0.000851133
-0.000832719
0.000832043
0.000823212
-0.000806175
0
0.00240392
0
-0.00155073
-0.00229678
-0.0015106
0
0
0
-0.00214712
0.000708266
0.00141772
0.00069473
0
0.00068264
0
0.00130505
0
-0.000645948
0
-0.000623204
0.00180786
-0.00121773
-0.00118841
0
-0.00112633
-5.50341e-07
0.00111039
0.00109915
0
-0.00107023
0.00104486
0.00101338
0
0
0.000975199
0.000940404
0
0.000931417
-0.00090271
-0.000877492
0
0
0
0
0
-0.000786796
-0.000762533
0
0
0
0.000692545
0.00134797
0
0
-0.000629031
0.00121789
0
0
0.00109437
0
0
-0.00149157
0.000484321
0
-0.000447005
-0.000427482
0
-0.000807553
0.000769519
-0.00148473
-0.000714203
-0.000692887
-1.98141e-07
0
0
0
-0.000530688
0
0
-0.000455472
-0.000849989
0
0.000362588
4.52722e-07
0
0.000286099
-0.000275923
0
0
0
0.000374198
0
0
0
0
0
0
0.000162091
0
-0.000235131
-0.000238567
-0.000624341
-0.000393094
0.000377201
-0.000184796
0.000181754
-0.000173983
0
-0.000336707
-0.000331291
0
5.09963e-07
-0.000330786
0
0
0
0
0.000338289
0.000342084
0
0
0.000330661
-0.000329385
0
0
0
0
0
0
0
0
0
0
-0.000913337
0
0
0.000300427
0
0
0
0
0.00029081
0.000286079
-0.000569894
0
0
0
0.000556347
0
0.000547496
0
0.000269006
0.000534213
0
-0.000526086
0
0.0010324
-0.000511662
0
0
-0.000997917
0
0.000489294
0.000485705
-0.00144781
-0.00047933
0
-0.000467421
0
0
-0.000453761
0.000446366
-0.000889417
-0.000874943
0.00131264
0.000860016
0
-0.000847523
-0.000414072
0.000412075
-0.000409753
0
0
0.00117884
0
0
0
0.000377623
0.000742403
-0.000731189
0.000360542
0.00107116
0
-0.000697473
0
0
0
-0.000659209
-0.000323081
0.000638741
-0.000620503
0.0012393
0
-0.000605686
0
-0.00114628
-0.00170219
0
0
0.000544756
0.000531121
0
0
0.000503325
-0.000989192
-0.00146528
0
-0.000947592
0.000912536
0.000891537
-0.000439995
0
0
0
0
0.00120081
0.000781374
0
-0.000377648
0
0.00105991
0
-0.000338297
0
0.00063903
0.000310553
0
0
0
-0.000261544
0
0.000249978
-0.000736303
0.000231549
-0.000440551
0.000420859
-0.00040726
0
0
0.000773053
0.000720472
0.000367135
-0.000633515
0
0
0
0
-0.000273773
0
0
0.000634965
0
-0.000353679
0.000329986
0
-0.000268146
0.000273158
8.78601e-05
0.000103235
0
-0.000100577
0
-6.70041e-05
0
0
0
5.52622e-06
-3.03436e-05
0
0.000119804
-0.000116577
0.00012278
0
0
0.000144379
0.000147925
0.000146395
0
0
0
0
0.00029816
0.000312589
0
0
0
0
-0.000324981
-0.000328368
0
0
0.000324774
-0.000325761
0
0
0
0
0
0
0
0
0
0
0.000308916
0
0
-0.000304824
0
0
0
0
0.000294582
-0.000290526
0
0
0
0
0
0
0
0
-0.000275357
0
0
0.000539349
0
0
0.00052508
0
0
0
0
-0.000504589
-0.000500988
0.000496007
0.000492788
0
0.00048173
0
0
0.000468387
-0.00046297
0
0
-0.000450291
0
0
0
-0.000429619
-0.000425428
-0.000421709
0
0
-0.000407319
0
0
0
-0.000387147
0
0
-0.000370309
-0.000368286
0
0
0
0
0
0
0.000331866
0
0
0
0
0.000624442
0
0
0.000584395
0
0
0.000557025
-0.000542249
0
0
-0.000516893
0
0.000504531
0
0
0
0
0.000449226
0
0
0
0
-0.000404228
0
0
0.000389942
0
-0.0003539
0
0.000347861
0
0
-0.000318844
0
0
0
0.000249767
0
0.000249307
0.000244428
-0.000219399
0
0
0.000393423
0
0
0
0
-0.000387793
0
0
0
0
0
0.000266496
0
0
-0.000193293
0
0
0
0
0
0
-5.93079e-05
-9.29497e-05
0
9.11599e-05
0
5.42893e-05
0
0
0
-4.34038e-05
0
-6.58054e-05
0
-0.000129883
-0.000175067
0.000215547
0
0.000251385
0.000264491
-0.000267753
-0.000270264
0
-0.000286596
0
0
0
0.000314479
-0.000311245
0
0
0
0
0
0
0
0
0
0.000322477
-0.000318149
0
0
0.000312422
0
0
0
0.00031111
0
0
0
-0.000608301
0
0
0
0
0
-0.000578338
-0.000578447
0
0
0
0
0
0
0
0
0
0
0
-0.00053513
0
0.00052394
0
0
0
0
0.000502366
0
0
0
0
0
0
0
0
0.000457865
0.000453046
0
0
-0.000438885
0
0
0
0
0
0.000818178
0.000808575
0.000797178
0
0
0
0.000749476
0
-0.000733353
0
0
0.00070159
0
0
0
0
0
0
0
0.000608144
0
0
0
0.000576821
0
-0.000553792
0
0
0
-0.000506151
0.000495491
0
0
0
0
0
0
0
0
0
0
0.000781468
-0.000786775
0
0
0
0.000725795
0
0
0.000616099
0.000604077
0
0
0
-0.000555889
0.00050322
0
-0.000505616
0
0
0
-0.000409222
0
0
0
0
0
0
0
0
0
-0.000211735
0
-0.000222599
0.000195931
0
0.000173529
0
0.000143884
0
-0.000103249
0
0
-4.59477e-05
-4.56831e-05
0
-4.51638e-05
0
3.51345e-05
0
0
0
0
0
0
0
0.000164926
-8.51562e-05
-0.000217093
0.000140095
0.000171695
-0.000614045
0
0.000229644
-0.000716829
0.000247875
-0.000251051
0
0.00025992
0
-0.000521549
0
-0.000288795
0.000286732
0
0
-0.000587985
0
0
0
0.00059656
0
0
-0.000306915
-0.000302155
0
0
-0.000302463
0
0.000599409
0
-0.000300729
0.000604137
0.00118688
0
0.000589819
-0.00117802
0
0
0
0
0.000565758
0.00170052
0.00113055
0
0
0
0
0
0
0
0
0
0
0.00053011
0
0.000518524
0
0
0
0
-0.000498532
0
-0.000981661
0
-0.00096226
0
0
0
0
-0.00136426
-0.00135075
0
-0.000885361
0.000437955
0
0
0.00169447
-0.00167028
0
-0.000815956
-0.000806472
-0.00079238
0
0
0
-0.00224341
0
0.0021927
0
0.001423
-0.00209388
0
0
0
0
0
0
0
0.000609826
0
0
0.00117123
-0.000572877
0
0.000548896
0
-0.00105613
-0.00105298
-0.000507891
-0.00149201
0.000967154
0.000959148
-0.000937606
0
0.000896865
0.000870596
-0.000858259
0
0
0
-0.00078339
0.000774425
-0.0014655
0
0
-0.00209886
0.00135546
-0.00128819
-0.000616562
0.000602569
0
0.00117031
-0.00109618
-0.000548378
0.000512905
0
-0.000495027
0.000891157
0
0
-0.000412748
0
-0.000747321
0.000682713
0
0
0
0
0
-0.000588326
0.000228912
0
0.000222342
-0.000201046
0
-0.000174058
0
0.000150802
-0.000230943
0.000110702
0.0002149
0.000175936
6.09489e-05
-5.98608e-05
9.1969e-05
-2.35665e-07
0
-3.80731e-05
0
0
-2.76904e-05
-6.34303e-05
0
-0.000162982
0
0.000129534
0.000227419
-4.32689e-06
0
0
0.000435267
0
-0.000902941
0.000942642
0
0.000481064
0
0
0
0.000501958
0.00103879
0
0
0
0
0.0016576
0
0
0
-0.00169629
0
-0.00112499
0.00117591
0.00173905
0
0
0
0
-0.00173165
0
0
0.000585466
-0.00115157
0
0
0.00229146
-0.0011451
0.0011376
0
0
0
-0.00112135
-0.0011054
0
0
0
0
0
0
0
0.00104554
0
0
0
0.00205273
-0.00102642
0
0
0
0.00197943
-0.00197557
0
0.000977935
0
0.000961057
0
0
0
-0.0018297
0.00269394
0.00267836
-0.00178483
-0.000876544
0
0
0
-0.00336879
1.81379e-06
0.00163964
0
0.00160049
0
0
0
-0.00149874
1.34877e-06
0
-0.00145119
0
-0.00141673
1.01612e-06
0.00137367
0
0
0
0
0
-0.00248198
0.00121714
0.00239247
0
-0.00346487
0
0
0
0
0.00315172
-0.00103751
-0.00100987
0.00099228
-0.000964468
-0.000950827
-0.000930342
0
0.00089277
-0.000865067
0.0008483
0
0
-0.00158723
-0.00155546
0
0.00146574
0
0.00139645
0.00135924
-0.00132353
0.00128917
0
-0.00119983
0
-0.00114169
0.00110021
-1.3357e-06
1.32833e-06
-0.000984914
0.000956599
1.37955e-06
0
0
-1.37524e-06
0
0.00074646
0.000717129
0
0.00132421
0
0.00119942
0
0.000553969
0
0
0
0.000827534
0
0
0.000654831
0.000310297
0.000779315
0
0.000228513
-0.000193649
0
0.000435675
-0.000115751
-9.97964e-05
0
0
0
0
2.92622e-05
3.6175e-05
0
0.000113169
0
1.59887e-06
-0.000706515
0.000369761
0
0
0.000866172
-0.000870529
0.0013772
-0.00144492
0.000955246
0.00095884
0
0
0
0.00100116
-0.000999597
-0.00102368
0
0
0.00105884
-0.00104511
0
0
0
0.00107683
0
0.00107459
-0.0011319
-0.00111576
0
0
0
0
0.00111153
0
0
-0.00113433
0.00111443
-0.00111631
0
0.00111372
0.001115
-0.0011153
0
-0.00217859
0
0.00220054
0
0
-0.00217659
0
0
0.00212968
0.00210926
0.00211461
-0.00308248
0
0.00207006
-0.00205732
-0.00201951
0
0.00203304
0
0.0019948
-0.00195477
0.00195729
0
0
0
0
0
0
0
2.14338e-06
-2.10597e-06
-0.00176945
0.00176349
0.00172871
-0.00171597
0
0
0.00167183
0.00165177
-0.00163163
-0.003215
-0.00158998
0
0
0
0.00149454
0.00147761
-0.00291464
-0.00286912
0
0.00280762
-0.00136744
0.00135214
0
0
0
0
0
0.00247292
-0.0024174
-5.12355e-07
0
2.82508e-07
0.00224076
0
0
-0.00212341
-0.00208099
0.0020409
0.0019899
0
0
0
0.0018343
0
-0.00175918
0
0
0
0
0.00155881
0.0015283
0.00149233
0
0.00281603
-0.00137092
0.00266526
-0.00259287
0
0
0.00236855
0
0.00223245
-0.00216213
0.00104372
-0.00302302
-0.000972543
0.00187493
0.000896764
0
0.00165633
-0.000801931
-0.0015269
-0.00146282
-0.0013972
0
-0.00126905
0
-0.00115055
0
0
-0.000957739
0
0
2.93118e-06
0
0
-0.000627968
2.55536e-06
-0.000525551
0
2.25984e-06
0
0.000329211
-0.000280311
0
0.000374628
0
0.00010871
0
0
-8.31697e-06
0
-0.000170449
0.000215655
0.000265374
-0.000451278
0.00179926
0
-0.000912052
0
2.9162e-06
-3.75141e-06
-0.000906319
0.000924825
-0.00186172
-0.00192361
-0.000967078
0
0
5.83434e-06
0.00098278
0.00098598
0
0
-0.00101666
0
0.00101624
0
0
0
0
0.00208968
0
0
0
0.00217438
0
0
-0.00216722
0.00221833
0
0
-0.00108125
0.00108909
-0.00216988
-0.00215319
0
0
0
0.00212943
0.00214336
-0.00215204
-0.0021298
0.00212346
0.0021305
0
0
-0.00420011
-0.00207132
-0.00207645
0.00404718
0
-0.00203803
1.7026e-06
0
0
-0.00200435
-0.0019602
-0.00196166
0
0
-0.00191753
-0.00190531
0
0.00188034
0
0
0
0.00177293
-0.00176229
-0.00349689
0
0
0.00507262
0
0
0
0
0
0.00318306
0
0
0
0
0
0.00292847
0.00287707
0.00282836
0.00277452
-0.00276505
0.00542014
-1.53066e-06
0
0
0
0
0.00246453
0
0
-0.00233068
0
0.00447904
7.20676e-08
0
0
-4.6615e-07
0.00205213
0.00200725
-0.0019573
0
0.00377466
-0.00368911
0
0
0
0
0.00329557
0
0
0
0
-0.00145808
0
-0.00276073
0
-0.00521866
0.00507147
0
0
-0.00230756
-0.00223543
-0.0021683
0.00420549
0
0.00392145
0.00188375
-0.00181575
-0.0034731
0
-0.00159934
0.00154125
0.00147552
0.00140862
0
0
0
-0.00115896
0.00110061
-0.00103832
0.000983844
-3.81753e-06
0
0
-0.00075325
-0.0006998
0.00130267
0
0.00055631
0.00099669
0
-0.000401894
0.000706228
-0.000300534
0.00051365
0
-0.00015868
-0.000224576
-7.87355e-05
7.48632e-05
-1.30941e-05
7.39761e-05
0
0.000219728
-0.000257489
-0.000306991
-3.96435e-06
-0.00097138
-0.000951621
0.00186046
0
-0.000915327
-3.49904e-06
0
0
0.00186994
0.000948294
0.00092999
0.000947787
0
-0.00192686
0.000975345
0.00194122
-0.00191739
0
0
0.00196535
-0.000971154
0
0
0
0.00205384
-0.00203651
-0.00209106
0
0
-0.00211102
0
0
0.00210037
-0.00214428
0
0
0
-0.00211625
-1.34535e-06
0.00207713
0
0
0
0.00208701
-0.00209621
0
0.00417098
-0.00207218
0
0.00206901
0
0.0020616
0
0
-0.00199975
0
-0.00200234
0.00198431
0
0.00392472
-0.00392886
-0.00192577
0
0
0
0.00188937
0.00186128
0
-0.00185345
0
0
0
0
-0.00347746
0.00346832
0
-0.00331859
-0.00333314
0
0
0
0
0
0
0
0
0
0
0
-0.00290172
0
0.00278827
-0.00275268
0
-0.00534269
-0.00262
0.00257825
0.00251941
0.00249595
0
-0.00484436
0
0
0
0
0.00219861
-0.00217073
0
0
0.00205411
-0.00201507
0.00197613
0.00192018
0.00377181
-0.00371345
0.0036182
0
0
0
0
3.85081e-06
0.00315035
0
-0.00300785
0
0.00285568
-0.00277511
0.00270262
0
0.00254442
-0.00247078
0
0.00231807
0
0.00216463
0
-0.00406879
0
-0.00189545
0.00181968
0
-4.86295e-06
0
0.00154214
0
-0.00142196
-0.00136105
0
0
0
0.00110634
-0.00104395
0.00295956
0.000928507
0.00257231
0
-0.00150889
0.00141821
-0.000660527
-0.00242453
0.00110644
-0.00100426
-0.000897334
0
0
-0.000620746
-0.000521788
6.02734e-06
0
0
0.000162988
-9.21472e-05
-1.39151e-05
-2.04792e-06
0
0
0
0
0
0.000373377
0
0.000963268
-0.0009224
0
0
0.000923239
0.00185707
0
-0.00281741
0.00190045
0.00183783
0.000933358
0
-0.000951318
-0.00188537
1.11024e-05
0.00373908
0
-0.00188632
-0.00189517
0
0
0
0
-0.00197233
0
0.00197926
-0.00197372
-0.00201326
0
-0.00200802
0
0
-0.00207304
-0.0020563
0
0
0.00205131
0.00203717
-0.00201475
-0.0020633
0
0
7.17563e-07
0
0
1.89495e-07
0
0
-0.00199464
0
0
0.00394941
0.00397319
-0.00395277
0
0.00195123
0.00385448
0
-0.00382536
0.00378629
0.00375271
0
0
0
0.00369211
0.00366036
0
0
0
-0.00350712
0.00347576
0
0.00339966
-0.00339787
0
0.0065441
-0.00326961
0
0
0
0
0
0
-0.00302091
-0.00296804
0
-0.00293599
-0.00289617
0.00286924
0
-0.00547145
0.00270557
0
0.00262945
0
0.0025556
-0.00249544
-0.00247027
-0.00484765
0.00239326
-0.00467846
0.00460133
0.00448171
0
-0.00432348
0
0
0
0
0
2.59442e-06
-0.00377081
-0.00369727
0
0
0
0
-0.00332178
0
-0.00314564
-0.00307717
0
-5.05239e-06
0
-0.00278056
0.00269816
-0.00262805
0
0
0
0
-0.00449139
0.00216989
0
0
0.00196375
-0.0019063
0
-0.00174502
0.00336406
-0.00162019
0
-0.00147254
0.00284455
0.00406911
-0.00130804
0
0
0.00224042
-0.0021089
-0.00199236
-0.00185624
1.02673e-05
-0.00161817
0
0.00140867
-0.00131059
0.00120866
0.00111054
-0.000988906
0
0
0
0
0.000535931
0.000418942
7.00178e-06
0
0
0
7.529e-06
6.12418e-05
-0.000270366
0
0
0.000318927
-0.000379935
0
0
0
0
-0.00184278
-0.00189085
0
0
-0.00182363
0.00181055
0.00184848
-0.00375646
-0.00180685
-0.00180975
0
-1.16984e-05
-0.00185617
1.11294e-05
-0.00367421
0
0.00183802
0
0.00185491
0
-0.00191254
0
0.00188897
0
0.0018995
0.00193236
0.001966
0.00198951
-4.43618e-06
0
-0.00195266
0.00197288
-3.26465e-06
0
0
0
-0.00198186
0
0.0020016
0.00194891
-0.00388255
-0.00194795
0
0
-0.00193563
-0.00381633
-0.00383498
0
0
0
-0.00381683
-0.00380648
0.00384614
0
0
-0.00369027
-0.00376556
0
0
0
0
0
0
-0.00359643
-0.00357705
0
0
0
0.00340445
-0.0033778
0
0
0.00327887
-0.00327443
-0.00320325
0.00317289
-0.003155
0
0.0031139
0
0.00302079
0.00299208
0.00591369
0.00584774
0.00290549
0.00285754
0.00282133
-0.00840494
0
0.00266291
-0.0026399
0.00520633
-0.00514357
0
-0.00502912
0
0
0.00952396
0
-9.92334e-07
-0.00894111
-0.00439239
0
0
-0.00416393
0.00408711
0
0
0.00387697
-0.00377941
-3.56724e-06
0
0.00354913
0
0.00336585
0
-4.8732e-06
0
0
0
0
-5.69013e-06
-0.00278729
0
0
0
0
0
0
0
0.00217056
0.00210933
0
0
0.00380307
0.0055015
-0.00352827
0
-0.00323
0.00309661
0
0
-0.0054152
-0.00258182
0.00247629
0.0023645
0
-0.00210314
0.00198514
0.00377363
0.00176447
-0.00162556
0
0
0
0
0
0
0.000894348
-0.000818267
0
0
-0.000523488
-0.000426171
0
-0.000248442
0.000168593
0
0
8.19002e-05
-0.0003071
0.000447804
0
-0.000344255
-0.00078722
0.000462518
-0.00100734
0
0.00193507
-0.00188891
0.00183097
0.0018439
0
0
-0.00179877
-0.0017855
0.0018451
0.00185481
0
0
0
0.00183429
0.00183204
-0.00363502
-1.05262e-05
0
0
0
-0.00179186
0
-8.1621e-06
0
6.94589e-06
-0.00186679
6.2417e-06
-0.00188564
0
5.24808e-06
0.00186167
0
0.00187719
0
-3.59853e-06
0
0
0
0.00189193
0
0.00384013
-0.00185772
0.00371425
0
0
0
0
-1.75282e-06
-1.44894e-06
0.00371321
0
0
0
0
0.00369354
0
0
0
0.00362876
0
0
0
0
0
0
0
-0.00341489
0
0
0
0
0
0.00324491
0
0
1.27675e-06
0
0
1.19272e-06
-0.00305607
-0.00301386
0
-0.00295625
-0.0029164
-0.00287914
-0.00286588
-0.00282628
0.00556362
0
0.0107973
0
0.0051681
0
-0.0101412
0.00502269
0
0.00488373
0
0
-0.00462793
0
0.00447753
0.00874243
0
0
-0.00413192
0.00809551
-0.00793149
-0.00391224
-0.00383289
-0.00377149
0
0.00360691
0
-0.00345797
0
-0.00656164
-0.00322807
0.00314001
0.00306387
0
0
0.00286246
0.0027662
0.00270025
0.00263168
0
0.0049584
0
0
0
-0.00435935
0
-0.00405816
0
0
1.2924e-05
-0.00351064
0.00676144
-0.00324433
0
0
0
0.00272171
0.00518348
0.00247868
0
1.30037e-05
0
0
0.00189322
-0.00177325
-0.00164547
0
0
0
0
-0.0011135
-0.00100965
0.000918859
-0.000780079
0.0014079
0
0
-1.00653e-05
0
-0.00024261
-0.000160042
-6.89166e-05
0
0
-0.000171957
0.000246886
0.00031196
0
0.000444678
0.000493728
0
-1.23958e-05
0
-0.00182804
0.0017661
0.00178477
-0.00176338
0
0
0.00175655
0
-0.00177839
0
0
-0.00177223
0
0
-0.00178
0.00174112
0.00173726
0
0
0
0.00176215
0
-8.29674e-06
0
-0.00174785
0.00177441
6.38698e-06
-5.89165e-06
0
-0.00181569
-0.00179544
0
-0.00361171
0
0.00180951
0.00360437
0
0.00356558
0
0
-0.0035975
0
0
0.00365225
0
-0.00363654
0
0.00716695
0.00349626
-0.00703392
0
0.00350789
0
0
-0.00711438
0
0
0
0
-0.00343738
0
0
0
0
0
0
0.00326482
0
0
-0.00322537
0
0
-0.00313488
0
0.00311267
3.77245e-07
0.00608636
0
0.00298506
0.00290936
-0.0058013
-0.00579704
0
0.00563956
0
0
-0.00545623
-0.0107676
0
-0.00522837
0
6.46654e-07
0
0.00491587
0.00486625
-0.00478563
1.88005e-06
0
0
0.00446705
0.00440081
0
-0.00853329
0
0
0.00401648
-0.00393247
0.00770514
0.00379584
0.00370621
0
0
0.00350744
-0.0034416
0.00336082
0
0.003188
0.00313839
0
6.40111e-06
0.00290772
0
-0.00276212
0
0
-0.00765774
0
-0.00479172
0.00464926
0
0
0.00419531
0
0
0
0
-0.00701676
-0.00338079
-0.00323835
0.00620189
0
0
0
-0.00258436
-0.00246464
-0.0047111
-0.00224289
-0.00209813
0.00201518
0
-0.00176409
-0.00166022
-0.00154085
0.00141421
0.00130648
0
0
-1.26385e-05
0.000885762
-0.000788512
0
-0.00058809
0
0
0.000304978
0
0.000129319
4.03111e-05
0
0
0
0.000539567
0.000692986
-0.000852745
0
0
0
-0.00129618
0.00137142
0
0
0
3.92652e-06
-4.53965e-06
0
0.00168984
0
0
0
0
0
0.00342498
0
0
0.00332215
0
-0.00168364
0
0
0.00168216
-0.00167649
0
-8.46466e-06
0
-0.00168946
0
-0.00167093
0.00163997
0
0
0.00168955
0
0.003422
0.0035006
0
-0.00341285
0
-0.00336599
-0.00340579
-0.00341749
0
0
0
-0.00345944
0.00344731
0.00700706
0
3.12989e-06
0.00323963
-2.60888e-06
0
-0.00325191
0
0
0.0033722
-0.00333645
0
0
0
0.00328852
0
0
0
0
0
0
0
0.00310289
0.00308453
0.00305623
0
0
0.00606284
0
-0.00299056
0.00300393
-0.00572938
0
0
0
0.00552712
0.0110451
0
8.0764e-07
0.00539309
0
0.00525208
0.00514259
0
0.0050667
-0.00498294
-0.00486972
0
0
-0.00466322
-2.64451e-06
-0.00454115
0
-0.00433281
-0.00427112
-0.00421857
-0.00419501
0.00414799
0.00394909
0.00390384
0
0.00381826
-0.00371839
0
0
0
0
-0.00340507
0.00336847
-0.00322533
0
0.00615358
0
-0.00586685
-0.00863364
-0.00280044
0
0
0
0.00513496
0.00497171
0
0
-0.00444641
0
0
0
0
0.00378464
0.00363727
0
0.00335212
0.00322941
-0.00312683
-0.00296885
0
0
0
0
0
-1.48778e-05
0.00211962
0
-0.00188929
0
0.00165984
0.00152879
0.0014093
-0.00128531
-0.00238993
0
0
-1.34829e-05
-0.000791506
0
-0.000576254
0
0
0
0
0
-6.58355e-05
0
-0.000255713
0
0
-0.000787466
-0.00183515
-0.00106029
0
0
0
0.00303572
0
0.00170366
0
0
-0.00185473
-3.88271e-06
0
-0.0018252
0
0
-0.00179017
0
-0.00180886
9.14161e-06
0
0
-0.00342099
0
-9.42033e-06
0
0
-0.00175717
0
0
-0.00175739
0
0.001651
-0.0034151
0
-0.00354032
0.00356775
0
0
0
0
-0.00353835
0
0
0
0
-6.95863e-06
0.00728445
0
-0.00352099
0
0
-0.00347649
-0.003481
0.00334679
-0.00330256
-0.00326682
-3.36427e-06
0
-0.00328982
0
0
0.00344778
0.00341087
-0.00334065
-0.00335852
0.00334422
0
0
0
0
0
0
0.00315202
0
-0.00938781
-0.00314323
-0.00607127
0
0
-0.00638521
0
0
0
0.00579732
0
0
0
0.00563958
2.05293e-06
0
-0.00551601
2.57817e-06
0.00550184
0
0
0
-0.0104408
0.00516651
-0.00489401
0
0.00497068
0
0.00474911
0
0
0.00428552
0.00439978
0
0.00433354
0
4.99577e-06
-0.00398241
0
5.52733e-06
0
0.0037411
0
0
0.00716033
0
0
0.00649655
-0.00644523
-0.00628759
0
-1.50116e-05
0.0117439
0.00571713
0
0
0
-0.0106354
0
0
0
0
0.00437843
0.00427392
0
-0.00398965
-0.00385724
-0.00369336
0
0
0.00324684
0.00631386
0
0
0
0
0.0025162
0.00235467
0.00451093
-0.00214904
0.00199908
0
-0.00173698
-0.00158499
0
0
0
0.00115608
0
0
0.00248619
0.00216607
0
0.00153184
0.000828832
0
0
-0.000257244
0
-2.30992e-05
0
0.000478151
0
0
0.000976303
0.00226367
0.00129266
0
0.00157549
0.00172366
1.46436e-05
0
2.57875e-05
0
-0.00137713
0
0.00154352
0
0
0
0
0.0015063
0
0.00157975
8.84445e-06
0
-0.00144502
0.0013907
0
-9.31411e-06
0
0.00298711
0
0
0
-1.64443e-05
0
0
0.00273192
0
0.00312643
-0.00304378
0
0
0
0
0
0
0
0
-0.00305731
0.00307082
-0.00314534
0
0.00290327
0
0
0
-0.00274551
4.26057e-06
-0.00258708
0
-4.21563e-06
0
-3.43965e-06
0
-0.00289604
-0.00295994
0
0.00282011
-2.86766e-06
-0.0029859
0
0
-0.00279913
0
0
0.00559073
-0.00263648
0.00536384
0.00549779
0
0.00496813
0
0
0
-0.00562111
0
-0.00539192
-0.00496257
0.00516062
0.00506514
0
-0.00494115
-0.00489876
-0.00484782
-0.004814
3.63456e-06
-0.00479165
0.00478959
0
0.00450411
0.00456266
0
-3.53217e-06
0.00404016
-0.00437921
0
-0.00418854
0.00423223
-0.00395393
0
5.34611e-06
-0.003946
0
0
5.63739e-06
0.00352482
0
-0.0070045
0
-0.0033847
0
0
-0.0130151
0
0.00614876
1.44686e-05
0.0117739
0
0
0.00549685
1.61013e-05
-0.0101975
0
0
0.00510572
-1.74124e-05
0.00445523
0
0
0.00404606
-0.00783433
-0.00770331
0
0.00364017
0.00358684
0
0
-0.00293822
1.66742e-05
-0.0028226
0
0
-0.00237221
0
1.69331e-05
-0.0039619
-0.00402709
-1.67981e-05
-0.00170611
0.00160536
0.00146583
0
0
-0.001181
0
0
0
0
-0.00126969
2.92017e-05
0
-0.000669587
-0.000473889
0.000310272
0
-8.72155e-05
0
-0.000817545
0
0
0
0
-1.44821e-05
-0.00145324
0
0.0017491
-0.00190667
-0.0020726
1.77567e-05
-0.00224139
3.06947e-05
0
-1.92943e-06
-0.00127427
0
0
0
0
0
0
0
-0.0013412
-0.00266396
0
0.00132408
0
0
-0.00133658
0
-0.00265438
0
0.00255778
0
0.00260483
-0.0025109
-0.00248932
-0.00252335
0
-0.00261765
0
0
-0.0025733
0
0
0
0
0
0
0.00532891
0
0
0
0
0
0.00252679
0.00244157
0.0049431
-0.00238316
0.00236815
-0.00248166
0.00246758
0
0.0024902
0
0.00253148
0
0
0
0.00270511
0.00279034
-0.00264348
0
-0.00255944
0
0
6.7894e-06
0
-0.00990488
0
-0.00495758
0
0
0
0
0.00492208
0
0.00468289
-0.0043426
4.04999e-06
4.53029e-06
0
0
0
-4.64346e-06
0.00865737
4.90051e-06
0
-0.00847617
0
-0.0039368
-0.00394573
0
0.00731456
5.24564e-06
0.00381136
0
0.00743226
-0.00383056
0.0035027
0
-0.00348642
0.00343141
0
0
-0.0061807
6.56252e-06
0
0.00312371
0
-0.00605833
0
0
0.00605129
0
-0.00556969
-0.0053231
1.65874e-05
0
0
-0.00487999
-0.00466131
0.00451656
0
-0.00443729
-0.00443492
0.0041204
-0.00758895
0
0
-0.00363076
0.00693864
0.00340794
0
0
-0.00320504
0
0
0.00527799
-0.00508385
0
0
0
0.00207535
0
-0.00394836
0.00336386
0.00171511
0.00324434
0.0014735
-0.00133962
0.0012491
0
0
0.000964635
0.00165478
0
0
0
0.000877321
-0.000611631
0.00046468
0
0
8.37185e-05
0
0.000421308
0
0.00151576
0.000960995
0
0
0
-0.00163109
0
0.0019358
-0.002233
0
-0.002528
-0.00518827
0.00262379
-0.00270294
0
0.00108364
-7.13211e-07
0
0
0
-0.00113364
0
-0.00114427
0
0.00233509
0.0011575
0
0
0
0
0.00228364
0
0
0
1.81277e-05
0
0.00234139
0.00227147
-1.69527e-05
0.00226552
0.00230186
0.00456632
0
0
0.00228838
0
0
0
-0.00222842
0
0
-0.002256
0
0.00230864
0
0
0
-0.00450639
7.80617e-06
-0.00453613
0
0
0.0022784
0
0
0.002196
0
0
0
0
0
0
-0.00228521
0.00452634
-0.00457341
0.00453499
0
0.00439823
-0.0087874
0.00434563
0.00430348
0
0.00876183
0
0
0
-0.00413665
0
0.0041143
0
0.00397658
-0.0040387
-0.00410557
0
0.00410163
0
0.00394961
-0.00782395
-0.00394684
0
-5.83135e-06
0
0.00360375
0.00353921
0
-0.00341213
-0.0035828
-0.00683886
0
6.64905e-06
0
0
0
-0.00308998
0
0
0
-7.10482e-06
-0.00554887
0
-0.00567047
-0.00558908
0.00533729
0
0
0
0.00516694
0
0
1.78541e-05
0.00459864
0.00450768
-1.72854e-05
0.00413264
0
0
-1.90095e-05
0
0
0.00345927
0
0
0.00332725
-0.00307391
0
0
0
0.00267873
0.00266539
0
-0.00233476
0.00223751
-0.00221294
0.00205392
0
0.00183006
0
0.0016278
-0.00147456
0.00143826
-0.00135763
-0.00122552
0
-0.00101224
0
0
0
3.39919e-05
0.00109721
0
0
-0.000470106
0
-0.000102202
2.65526e-05
-0.000204664
0
0.000534072
-0.000820895
-0.000952129
-2.46053e-05
-0.00141468
0
0
-0.00172796
0
0
-0.00237281
0
-0.003153
0.0030457
0.00315866
0.00318127
0
0
-0.000892965
8.47974e-07
0
0
0
-2.44402e-06
0
0.000950641
0
5.26622e-06
0
0
0.000963244
0.00095632
0
-0.000965008
0
0
0
-0.0019338
0
1.61118e-05
0
0.00189513
0
-0.00193527
1.54041e-05
0
0.00198137
0.00196122
0
0
0
-1.2981e-05
0
0
0
-0.00196177
-0.00195944
0
0.00196301
-0.00196209
0.00196333
-0.00197235
0.00200509
0
0
0
0
0
-0.00388464
0
-0.00193525
0
0
0.00194452
0
0
-0.0019452
0.00388773
0
0.00384454
-0.00382293
0.00758003
-0.00372717
-0.00367966
0
-0.00370802
0
-0.00356902
0
0.00360307
0
-0.00356769
0
0.00365774
0.00359916
0
0
6.71022e-06
0.00345928
0
0.00691898
-0.00336957
-0.00324818
0.00661615
0
-0.00644196
0
0
0
0
0.00301077
0
-0.00291752
-0.00291935
0.0029386
0.00282679
0.00285379
0.00280702
-0.00273002
0
0.00260041
0.00257465
0.00257905
0.00762632
0.00513252
-0.00489765
-0.00474906
0
0
1.75273e-05
-0.00442635
-0.00436246
1.87025e-05
-0.0041965
-0.00390282
0.00383292
-0.00393573
0
0.00373024
0.00718425
0
-0.00342264
0
0
-0.00284973
-0.00298027
0.00282725
0.00267827
0
0
-0.00236574
-0.0024412
0
0
0.00213047
0.00202859
-0.00190749
0
-0.00170111
0
0
-0.00145144
1.79098e-05
0
0
0
0.000974938
0
0.000790791
0
3.32381e-05
-0.000980572
0
0.000648518
0
0.000287492
0
-0.000124117
2.73006e-05
0
-0.00057809
0
2.32387e-05
-0.0012671
0
0
0.00159481
0.00400942
-0.00237131
0
-0.00278814
0
0.00400927
0.00354449
-0.00379835
-0.00372395
0
0
0.00130969
0.000714656
0
0
0
0.00158985
-0.000798568
0
0
-0.000804914
0.000807505
0
-0.000802312
-0.0016127
0
0.000806764
0
0
0
0
0.000813611
-0.00325882
0
-0.00162369
0
0
-0.0032775
-0.00166643
-0.00166367
-0.00165896
-0.00168232
0.00167826
0
0.0032625
0
0
0
0.00161475
0.00163842
0
-0.00164617
0.0016485
-0.00166489
0
-0.00165667
0
0
0.00166953
0
0
-7.75764e-06
0
0.00164195
0
0
-0.00328505
0
0
-0.00164047
0
0
-0.00495148
0.00163619
-0.00318708
-0.00159101
0.00317873
0.00319629
0
-0.00317336
-9.03263e-06
0
0
0
0
-0.00308832
-0.0062178
-0.00300375
0.00299236
0
7.5586e-06
7.64096e-06
0.00305648
-0.00295168
0.00289132
0.00285197
-0.00569068
0
0.0027388
0
0.00264601
0
0
-0.00267664
0
0
-7.8753e-06
-0.0049258
-0.00248415
0.00249795
8.07054e-06
0.00233022
0.00234119
0
-0.00229928
8.59913e-06
-0.00442607
0
0.00427299
0.00416037
0
0
-0.00382415
-1.81283e-05
0.00378715
-0.0075753
-0.00356648
0
-0.00345383
0
0
-0.00326377
-0.00301352
0
0.00297726
-0.00287318
0
-1.83703e-05
0
1.83703e-05
1.80765e-05
0
0
0
0
0
0
-0.0018531
0.00184203
0.00173104
0
0
0
-0.00127115
-1.72783e-05
1.73146e-05
0
0.00107363
0
-0.0017462
0
-0.000709656
0
-0.00153929
0
0
-0.000385596
0
2.57005e-05
-3.82801e-05
0.000255454
2.53601e-05
-0.000538372
0
-0.0012359
0.00119
0
0.0015654
0
-1.45462e-05
-0.00245266
0.00282854
0
0.00652545
0.00323576
0.00430062
-0.00368925
0.00423952
0
0
0
-0.000562175
0
0
0.000643976
-0.00065165
-0.00131306
0.000656434
0.000659656
0
0
-0.00132011
0
0.000665836
-4.2588e-06
0
0
0
0
0
-0.000678995
-0.000674487
0.00134921
-0.000677419
0.00134129
0
0.000680742
0.00135619
0.00136081
-0.000686998
0
0.00135565
-0.0013635
0
-0.00274616
-0.00137489
0
-0.00138119
-0.00138802
1.00413e-05
0.00138393
0
-0.00138605
0.00277545
0
0.00277553
0
0
-0.00138114
0
0
0.00137689
0.00137982
-0.00137407
0.00137465
0
0.00137495
0
-0.00137688
0.00136978
0
0
0.00135955
-0.00135546
0
0.00134655
0
-0.00269317
0
0.00400069
0.00267137
0
0
0
0
0.00389244
0.00260004
0
-0.00510632
0
-0.0024899
-0.00248665
-0.00250036
0
0.00245874
0
0.00241337
0
0
0
-0.00231708
0.00230588
0.00231011
0.0022641
0
0
0.00212075
0.0042197
0
-0.00418636
-0.00203282
0
-0.00199506
0
0.00197205
-0.00192881
0.00375301
0
0
0.00179177
0.00171414
0
0.00168711
0.00329197
0
0.00318875
0.00155581
0
0.00446414
0
0
0
0
0.00272301
0
0.00251725
0.00237871
0.00223312
0
1.63012e-05
-0.00198191
0
0
0.00170212
0
0
0
0.00155021
-0.00155059
-0.00134402
-0.00131583
0
0
0.000942516
0.00104721
-0.00195758
0
-0.000805908
0
0.000660101
-0.000582568
0
0
0.000197872
-0.000259662
0
0
0
0.000394777
-0.000782747
-0.000954964
0.00039555
0.0010237
0
0.00166004
0
0.00141215
-0.00120126
0.00278492
-0.00257504
0
0
0
-0.00404521
-0.00341741
-0.00411374
0
0.00523873
0
0
0
0
-0.000258659
0
-0.00106097
-1.4032e-06
0.00107258
0.000541072
1.96085e-06
0
0
0.00109991
0
-0.000547032
0.00110176
0
0
0
0
0
0.00112369
0.000562997
0
0.000558433
0
0.000566582
-0.000563465
0
-0.000569593
-4.71223e-06
0
0
0
-0.000571936
0.00113563
0.00113691
0
0.00114102
0.00114315
-0.00114336
-0.0011444
0
0.0011452
-0.0011472
0
-0.00172453
-0.000577565
0
-0.00115473
0
0
0.00115376
-0.00229909
-5.94071e-06
-0.00114477
-0.00115057
0
0
-5.14996e-06
-0.00114594
0.00114526
0
0
0
0
0.00113249
0
0
-0.00112026
-0.00111325
0
0
0
0
0
-0.0021736
0
-0.0010725
0.00212931
0.00106881
0
-0.00105504
-0.00104997
0
-0.00206446
-0.00103389
-0.00101501
0
0
0
0
-0.000962798
-0.00192007
0
0
0
0
-0.00180486
0
-6.20973e-06
0
0.00170056
-0.00168409
0
0.00163182
0
6.70985e-06
-0.00154611
0
-0.00148515
6.84926e-06
0
-0.00278934
0.00141818
0.00137539
0
0.00275973
0
-0.00255528
0
0
-0.00105359
-0.00108719
-0.00105384
-0.00106312
0
-0.00199929
0
0.000916258
-0.00153789
0
0
0
-0.00103053
0
0
0
-0.00116555
-0.0011947
0.000882005
0.000806994
0
0
0
-0.000772124
0.00112054
0
0
0
0
0.000172265
7.89906e-05
0
-0.000284438
-0.000173963
0
0.000593497
-0.000948803
0.000781731
0.00155691
0.000541272
9.89376e-06
-0.00095561
-0.00138416
0.00120972
0
-0.00185306
0
-0.00589965
0
0
0
-0.00135498
0
0
0
0
-0.00582247
0.00277977
0
0
0
0.000734378
0.000370657
0.000735693
0.000360671
-0.000714442
-0.000723393
-0.00110918
0
0.000379101
-0.000761565
0
0
-0.00114496
0
0
0
0
0
2.92419e-06
-0.000778896
0
0
0
-0.000778048
0.000778367
-0.00077819
0.000778091
0.000780423
0
0
0
0.000775931
0
0
0
0
0
0
-0.000791605
0
-0.000789142
0
-0.000790686
0.00156939
0.000784506
-0.000786827
0.000784764
0
0
-0.000787193
0.00236278
0.000780325
0.000787816
0.00237826
0
0
0.00158719
0.00158741
-0.00159315
0
-0.00157191
-0.00157218
-0.00157731
-0.00314466
0
0
-2.89622e-06
0
-0.00153955
0
0
0
0
0.00149563
0
0.00144799
0
-0.00149606
0
0.00293647
0.00147362
0
0.00144864
0.00145872
0.00140512
0
0
0.00138966
0.00137251
-0.00134615
0
0
0
0
0
0
-0.00121512
0.00250998
0
-0.00119992
0.00352782
0
-0.00220373
0
-0.00455549
0.00213838
-0.00205844
0
-0.00403044
0
0.00192665
5.61887e-06
-0.00188473
0
-0.00376674
0
0.00184736
0
0
0.00128982
0.00129134
-0.00121796
-4.57207e-06
0
0
0.00118027
-0.00109617
0
0.00101456
0
0
0
0
0.00115478
0
0.00091234
0.000773298
-0.00121866
0
0.000734105
0
0
0.000900474
-0.000466152
0
0
-3.40427e-06
0
0.000228726
0.000647887
-0.000191735
8.49417e-06
0.000380676
0
-0.00116376
0.00168897
-6.99459e-06
-0.00128328
-0.000496081
0.000753618
7.41995e-06
6.39307e-06
-6.23286e-06
0
0
0
0.0024295
-0.00185638
-0.00171259
0
0.00207079
0
0
0
-0.00299509
0
-0.00606984
0
0
-0.000431473
-0.000437971
-0.000451426
0
0.000444124
0
0
0.00044777
0
-0.000455161
0
0
-0.000458284
-8.40592e-07
-0.000455831
0
0
-0.000453098
0.000453992
-0.000908675
0
0
-0.0004559
0
0
-0.000906175
0.000902997
0
-0.000456954
0
0.000915798
-0.000917309
0
0
0
0
0
0
0
-2.46655e-06
0
0.000916662
0
0.00183341
-0.00184581
0
0.000929398
0.000936192
0
0
1.90927e-06
-0.00184438
-1.79443e-06
-0.000928411
-0.000929234
0.000920741
0
0
0
0.000950874
0.000940484
0.00186458
0.00185482
0.00184975
0.00277139
0
0
0.00182499
0
0.000921941
-0.000913278
-0.000909226
0
0
-0.00178081
0
0.0017527
0
0.00181848
0
1.56193e-06
-0.00173913
0.00165623
1.52833e-06
0
0.00168515
0
0
1.48467e-06
-0.00163186
-0.00160323
0
0.00163615
-0.00167594
0.00163991
0
0.00161765
0.00151765
-0.00150325
0
-0.00281909
-0.00279783
0
0
0
0.003725
0
0.00372199
0
0.00246855
0
0.00117537
-0.00355898
0
-0.000959609
0.00301899
0
0
0
0
0
-0.00172517
0
0.00346173
0.00154142
0
-0.00160427
0
0
-0.00142517
0
0
0
0
-0.000944393
-0.00124956
4.32007e-06
-3.77303e-06
0
0
4.67165e-06
0
0
0
0
0
0.000120104
0.000195843
0
-3.69955e-06
-0.00115012
0.000141103
0.000633121
-0.00038421
0
0.000512682
0
-0.0019514
0
0.000716159
0
0.0014567
0.00192858
-0.000841192
0
0
-0.00180136
0
3.3385e-06
0.00212424
0
-0.00254893
0
0
-0.00308313
0.00686395
0
-2.43625e-05
0
0.000259744
0.0010178
0
0
0
0
0.000525226
0
0
0.000524442
0
0
0
0.000539558
0.00107269
-5.8954e-07
-0.000526544
0
0.000533781
-0.000534496
0
0
0
0.000527554
0
0
0
0.000533446
0
0.00106705
0
-0.00106794
0.00106864
-0.000537566
0
0
0
-0.000535146
-0.00053114
-0.000536564
0.00106137
0
0
0
-0.000543378
0.00109219
0
0
0.00110059
0
0.00108594
-0.00108336
0.00108315
0.00108358
0
0.00105353
-0.00105544
0
-0.00109546
0
-0.00111572
-0.00110069
0.00109842
0
0
-0.00107899
-0.00107793
0.00110199
0
0
0.00108957
0.00107818
0.00212184
0.0010411
0
0.00210656
0.00103259
-0.0010684
-0.00109913
-0.00106466
0
-0.00309033
0.00202526
-0.00294896
-0.00207114
0
-0.0018752
0
0.000963272
-0.000946883
0
0.00368199
0.0018214
-0.00184627
0.00349587
-0.00172723
0
-0.00179795
0.0016542
0.00171383
0
0.0016151
0.00175833
0
0
0
-0.00127841
0
-0.00127242
0.00143818
0
0
-0.00133789
-1.47005e-06
0
0.00100775
-0.00103321
0
-0.00112575
0
-0.000954429
0.000846031
0.00213801
0
-0.00333947
-0.00276645
0
0
0
0
0
-0.000714878
0
0.000968683
0
0
0.00122712
-0.0013768
0.00180978
0
-0.000978129
3.62691e-06
0
0.000298962
0
0.000795109
0
3.48241e-05
-0.000252798
0
-0.000191854
0.000691865
0
-0.00020154
0.000258691
0.000583253
0
0.000786884
0
0.000710086
0
-0.000716824
0
0
-0.000858704
0
0
0.00217452
0
0.00121877
0
0
0.00416877
0
0
0.00165692
-0.0036745
-0.00174629
0.00528286
0
5.36417e-07
-0.000317149
0
0
0
0
-0.000625657
0
-0.000299317
-0.000601401
0.000307551
0
0
0
-0.000617016
0.000932771
0.000621324
0
0
0
0.000626397
-0.000620671
0
0
0
0
0
-0.000608941
0
-0.000616119
0
0.000620017
-0.000622105
-8.2398e-07
0
0
0
0.00126493
0.000612805
0.00061503
0
0
0
0
7.1203e-07
0
0
0.000645298
-0.00130173
0.000642181
-0.00122123
0
0
0
-0.000638791
-0.00123008
0
0
0.00196574
0
0
-0.00131345
-0.00128889
0
0
0.00124198
0.00124064
-0.00129745
0
0
0
-0.00119601
3.74795e-07
3.42437e-07
0
0
-0.00123087
-0.00126869
0.00127186
-0.0011932
0
0.00239353
0
0.00113813
0
0.00112265
0
0
-0.00224164
-0.00107861
0
-0.00210207
-0.00309767
0
-0.00168173
0
-0.000819993
0.000981421
-0.00175462
0
0
0
0
0
0
0.00086828
0
0
0.00135795
-0.00264246
0
0.00142321
0
-1.07659e-06
0.00145069
0.00120898
0
0
0.00208974
0.000878812
0.00103842
-0.000948305
0
0.0010601
-1.39391e-06
0.000880444
0
0
0
0
-0.000944528
0.00083583
0
-0.000906168
0
0
0
-0.000552627
-0.000896404
0.000658084
0.00095579
-0.000897705
0
-0.000555943
0
-0.000367371
0
0
0.000305207
0
0
-0.000587195
0
0
-0.000751098
-0.00043891
0
-0.000862183
0
-0.000545816
0
0.00157725
0.000778994
0
0
0
-0.00106118
0
-0.00120709
0.00126002
0
0.0012731
-0.00142624
0
0
0.00170753
0
0.00188854
-0.00185689
0
-0.000365528
-0.000355051
0.000360334
0
0
0
0
0
0.000344517
0
1.34836e-07
0
0
0
0
1.25655e-07
0
-0.000366847
0
0
-0.000735286
0.000713005
0.000350692
0
-0.00034981
-0.000339948
0.000335443
-0.000351703
0
0.000354014
0
-0.000354695
0.000715893
0.00072076
0
0
0
5.1971e-07
0
0.000713556
0
-0.00070922
0.000724035
0
-0.000761719
0
0
-0.000715782
0
-0.000699976
0
-0.000726997
0
0
-3.27647e-07
0
0
0
-0.000760414
0
0
0.00145578
0.000681257
0
0
-0.00136747
0
0.000705723
0
0
0
0.000642064
-0.00125659
-0.00190593
0
0
0
-0.00069779
0
0.00132607
0
-0.00265077
0
0
0.00124699
-0.00123722
0.00111832
0
0.00119097
0
0
0
0.00115047
0
0
0
0.000911999
2.63296e-07
0
0
0
0.000996735
-0.00100886
0
0
-0.00199927
0
0
-0.00248959
0.00154911
0.000736774
-0.00268183
0
0.00141016
-0.00149147
-0.00138845
0
0
-0.000548481
-0.00135546
0
0.000580611
-0.000681701
-0.0011577
0.00121767
0
0
0
0
0
0.00081214
0
0
0
0
0.000636973
0
0.000504478
0
-0.000566324
-0.000486997
0
0
0
0
1.20496e-06
0
0
-5.96591e-05
0
0
0.000282422
0
0.000175325
0.000346589
0
0
0
0
0
0
-0.000704655
-0.000616875
0
0
0.000553602
0.000924481
0
1.26917e-06
0.00115561
0
-0.00120663
0
0
0
0
0
0
0
0
0.000208866
0.000205713
-0.00040936
0
0
0
0.000212
0.000418929
0
-0.000392063
1.48852e-07
0
0
0
-0.000416396
-0.000428119
0
0.000402172
0.000405319
0.000409793
-0.000423252
0.000398253
1.71385e-07
-0.000379762
0.000401011
-1.74786e-07
-0.000403069
0.000401764
-0.000408236
2.50865e-07
0.000398564
-0.000402943
0
0
-0.000409463
0
0
-0.000801812
0.000421978
-0.000822888
0
0.000835196
-0.000432205
0
0
0
0
-0.000381498
0.000382119
0
0.000380042
0.000786739
0.000855121
0
0.00165557
-0.000892464
-0.000810872
0
-0.000815942
0
0
0
-0.000738986
0
0
0
-0.000796797
-0.000777579
0
0.000758944
0
0.000724553
0.000681072
0.00138922
0
0.000674125
0
0.000792197
0.000732358
-0.00142799
0.000726808
0.00150472
0
0
-0.00137988
0
-0.000650142
0.000627027
0
0
-0.000666479
0
0
-0.00061416
0
0
0.000583804
-0.00243564
0
-0.00103855
0
-0.0011193
-3.67643e-07
-0.00107701
-0.0011753
-2.72005e-07
0
0
-5.37836e-07
0
-0.00165007
0.00104316
-0.000925455
0.000769887
0
0
0.000819535
0
-0.0014406
0.000601094
-0.000741966
4.60403e-07
-5.02919e-07
0.000680283
-0.000674987
0
0
-0.000594792
0
-0.000511456
0.000453159
0
0
0.000476234
0
-0.000431243
0
-0.000341255
0.000255158
0
0.000649017
0
0
-0.000522958
0
-0.000510426
0.00037929
0
-0.000208878
0.000222788
-0.000168918
0
0
1.89484e-05
0
0
0
0
0
0
0
0
0
0
0.000204556
-0.00035891
0.000241649
0.000287178
0.000709169
-0.000746056
0
0
0
0
0
0
0
0
0
0
-0.000237963
3.18559e-08
0
0
-0.000242929
0
4.14288e-08
-0.000477601
0
0.000471231
-0.000231676
0.000232125
-0.00023394
0
0.00046955
0
0.000234674
0
-0.00046149
-0.000460549
0.00046974
-0.000457848
-0.000451364
0.000436922
0
0.000223894
0
0
0.000220246
2.18121e-07
-0.000431049
0
0
0
-2.00602e-07
-0.000466519
0
0.000466529
-0.000465726
0
0
0
1.74595e-07
0
0
0
0
0.00042784
-0.0004423
0
1.95416e-07
0
-0.000940074
0
-0.000946616
0.00105821
0.000962347
0
0.000913814
0
0
0
0
0
0
0
0.000441714
0.000419306
0.000436092
-0.00131458
0.000432168
0
-0.000812812
-0.000815958
0
-0.000822575
0
0
-0.00085963
0.000849294
2.21416e-07
0
0
0.000850124
0
0.000812288
-0.00157283
-0.000759556
0.000732125
0
0.000781502
-0.000786741
0
0.000698675
0
-0.000722144
2.38087e-07
0.00219508
0
0.000663113
0
0
0.00204175
0.00135641
0.00143144
0.000685101
0
0
0.00127178
0
0.000546173
0
0.00126774
-0.00155844
-0.000555808
0
-0.00110395
-0.000539598
0.00106692
0
0.00200597
-0.00189767
0.000970055
-0.00093267
0.00186604
0
-0.000844761
0.000884966
0
0.000817061
-0.000736306
0.000787286
0
5.61724e-07
0
-0.000703656
0
0.000602616
-0.000996042
0
0
0
-0.000482389
0.000943712
0
0
-0.000827057
0
0
-0.000373087
0.000657215
0.00029815
-0.000357113
0.000301173
0
0.000303566
0
0
0
-0.000254278
0
-0.000208628
0
0
0.0003102
0
0.000539484
0.000366372
0
0
0
0
0
0
0
-0.000192814
0.000248824
-0.000343117
0
0
0.00012663
-0.000277203
-0.000148978
0
0.000140813
0
-0.000271378
-0.000138681
0
0
-0.000265838
-0.000274211
0.000549425
0
-0.00025699
0
4.39485e-08
0
0
-0.000269429
0
-0.000264792
0.000259689
0
-0.000262942
-6.90921e-08
0.000274543
-0.000270132
0.000271274
-0.000814385
0
0
0.000267354
0
0.000578901
0.000557356
0
-0.000569534
0
0
0
0
-0.000555615
0
0
-0.000297398
0
0
-0.000283741
0
-0.000554469
0
0.000279768
0
0
0.000642439
0
0
0
-0.000545409
0
0
0
0
0
0
0.000567488
-0.000539447
-0.000578117
0.000575556
-0.00112433
0
-0.000549761
-0.000526726
0
0
0
0.000574816
0
-0.000566276
-0.00118428
0
0
-0.00112636
-0.000531293
-0.00109359
0.00156331
0
-0.00102254
0.000504134
0
0.000550681
0
-0.000493835
0
0.00105097
-0.000988423
-0.0010547
0
0.00199843
0
0
-0.000983066
0
0
0.00193681
0
-0.000942931
0.000942612
0
0.00173456
0.0009241
-0.000937359
0.00085706
0.000868108
-0.000829757
-0.000867878
0.000851361
0
0
-0.000805484
0.000762944
0
0
-0.00232826
0
0.00141913
0
0
-0.000711699
0
-0.00203769
0
-0.0013391
0
0
0
0.0005863
0.000553107
-0.000601903
0
0.000564658
0.00106804
0
0
0
0
-0.00100263
0
-0.000944723
0.000886846
-0.000888794
0.000894162
-0.000889325
0
-0.000859513
0
0
0
-6.44086e-07
0
0.000757066
0
0
0
0
-0.00193026
-0.00175448
0
-0.000547927
0
0
0
0.000428233
0
-0.000648099
0.000521182
-0.000398888
0
1.10371e-05
-0.000354799
0
0.000362456
-0.00017399
0.000174821
0
0
0.000182155
0
0
0
0
-0.000185873
0
0.000165333
0
-0.000327545
0
0.000178364
0.000360837
0
0.000364312
-0.000362837
0
0.000182681
0.000181183
-0.00039255
0.000382756
-0.000188377
0.000379012
0
0
-0.000364268
0.000195649
0
0
0
0
0
0.000183377
0
0
0
0
0
0.000419192
0
0
0.000835693
0
0
0
-0.00040113
0
0
-0.000881983
0.000425374
0
0
0.00124795
0
0
0
0.000423238
-0.000421067
0
0
0
0
0
0.000854267
0
0.00129179
0.00123554
0.000431482
0
0
-0.000431483
0
-0.000438253
0
0.000443538
-0.000426023
0
0.000412547
0
-0.000409712
0
0.000822117
-0.000810038
0
0.00175113
0.000835954
0.00083286
-0.00083304
0
0.000807183
0
-0.000801749
-0.00165756
0
0
-0.000819926
0
-0.000804173
-0.000805388
0
0.000798533
-0.00158334
0
-0.00152983
-0.00154775
0.00235911
-0.00076855
0
0.00147096
0.00226647
0
0
0
-0.00214154
0.00140026
0
0
0.00141271
0
0
-0.000683584
-0.000672562
0.000667768
0
0.00190649
0
0
0
0
0
3.73169e-07
0.00231372
0.00117704
0
-0.00114429
0
0
0
0
0
0.00208586
0
0
-0.00196055
0
-0.000959785
-0.000959276
0.00093092
0
0.000919593
0.000873366
0
0.00175021
0
0
-0.000793004
0
0.000758439
0
0.00145551
0.000702685
0
0.000676649
0
0
-0.00061439
-0.0011875
0.000568977
-0.00054301
0.00101792
0
0.000860486
-0.00147723
0.000318551
0
-0.000307726
0.000301124
0
0
0
-0.000151991
0
-0.000151384
-0.000145185
0
-0.000309552
0.000152687
0.000433887
0
-0.000143472
0
-0.000303209
0.00015136
-0.000151753
0
0
0
0.000310764
0.000462207
0.00016378
0
0.000158114
0
0
0.000155187
0
-0.00032469
0
0.000164069
0.000164132
-0.000166279
0.000164979
-0.000327724
0
0
-0.000164757
0
-0.000177577
0.00017338
0
0
-0.000699202
0
-0.000344387
-0.000342612
0
0
-0.000356776
0
-0.000706035
0
0.000351834
-0.000720637
0
0
0
-0.000730151
0.000717267
0
0
0
-0.000355836
-0.000366826
0
0
-0.000367556
-0.000723803
-0.000740567
0
0
-0.000736247
0
-0.000743106
0
-0.00111885
0.000724036
0.000370905
0.000712768
0
-0.000711159
0
-0.00142844
0
0
-0.00147452
-0.00143929
0
0.00143123
0
-0.00141884
0
0.00139888
-0.0007101
0
0
0.00212436
0
0.000699138
-0.00140123
-0.000686009
0.00138654
-0.000683819
0
0
0
-0.00204907
0.00133936
-0.000654097
0
-0.00197404
0
0
0
0.00124596
0
0
0
0
0.000608611
0
0.00117663
0.00116909
0.00175862
0
-0.00114251
0
0
0.000561248
0.000551898
-0.00054143
-0.00214368
-0.00212595
0
0
-0.0010362
-0.00102146
0
0
0
0
-0.00096227
-0.000948177
0
-0.000923848
0
0.00179744
0.00177883
-0.00262168
-0.000861773
-0.00170869
-0.00167755
0
-0.000818994
-0.000796675
0
0.00152197
-0.000747998
-0.00220556
0
0
0.00137222
0
0.000654685
0
0
0.00118682
0.000575888
-0.00164834
0.00105662
-0.00149302
0.000469946
-0.0017108
0.0018603
0
0
0
0
0
0
0
0.000185349
0
0.000185402
0.000183988
0
0
-0.000183892
-0.000183394
0
0.00018238
0
0
-0.000183921
0.000184535
0
0
0
0
-0.000186311
-0.00018883
0
0.000188099
0
0
-0.000188562
0
0
0
-0.000191837
-0.000191599
0.000192968
-0.000192594
0
0
0
0.000193365
0
0.000195677
-0.000194533
0
0
0
0
0.000388578
0.000387403
0
0
0.000388647
0
0
0
-0.00038514
0
0
0
0
0
0
0
0
0
0.000375341
0.000375286
0
0
-0.00037116
0
0
0
0
0
0
0
0
0.000353674
0
-0.000347499
0
0
0
0
0
0
0
0
0
0
0
0
0
0
0
0.000580272
0
0
-0.000555853
0
0.000537933
0
0.000516546
0
0.000496814
0
0
0
0.000455866
0
0.000431226
0
0.000410105
0
0
0
0
0
0
0
0
-0.000297782
0
0
0
-0.000243835
0
0
0
0
-0.000175656
-0.000161213
0.000146653
0
0
0
0
0.000151651
0.000122339
0
0
0
0
-2.27346e-05
-5.1868e-05
0
-0.000110063
0
0
0
-0.00022622
-0.000255109
0
0
0
-0.00037105
-0.000399869
0
0
-0.00048674
-0.000517179
0
0
0
0
-0.000666209
0
0
0
0.000797066
-0.000834435
0
0.00091573
0.000962855
0
0.0011378
-0.0673543
0.0618913
0
0
-0.108028
0.103882
0.0996385
0.0978367
0
0.0919334
-0.0885799
-0.167173
0
-0.149442
0
0
0
-0.000452291
0
0
0
0.142394
-0.111441
-0.13418
-0.0434449
0
-0.000285739
0.0266679
0.0505063
-0.0480926
-0.000377304
0.0452527
-0.000367794
0
0
0.0499272
0.091855
0
0.166238
-0.0867434
0.0795703
0
-0.14019
0
0.0609092
-0.0503708
-0.0897281
0.0722944
0.00133213
0.027588
0
-0.0305635
-0.0157732
-0.0307994
0.027996
-0.000294404
-0.0263992
-0.000296561
0
0.0301513
0
0
0
-0.0528312
0.0557088
-0.0514426
0
0.000579553
0
-0.0820735
0.0332694
0.00107208
0
0.0309724
0
0
0.000140375
0
-0.00996206
0
-0.0205098
0
-0.0387399
0
-0.0187261
0
0
0
-0.033422
0
0
0
0.000511422
0
0.0277982
0
0.0405196
0
0
0
0
0.00742063
0
8.98445e-05
0
0
-0.0129493
0.0265176
0
0.0128731
-0.014628
0.0127417
0
0.000447875
0
-0.0218507
0
0.0214471
0
0
0.0143306
0
0
0
0
0
0
0
0.0103405
0.00514444
-0.0102255
0.0101124
-0.019632
0
-0.0098727
0.0103971
-0.000196529
0
0.00962725
0
0.0162505
0
0
0.01333
0
-0.0215934
-0.00987831
0
0.0120754
-0.00810852
0
0
0
-0.00380478
-0.00383366
0.00390774
0
0.000164908
0
0
0
-0.00718265
0
0.00708407
0
0
0
0
-0.020734
0
0.00857257
0.00742439
-0.00666991
-0.00887752
0.00679605
-0.00257928
0
-0.00267564
0.0027439
0
0.0028764
0.00568986
0.00549034
0
0.00566154
-0.00532243
0
0
0
0
0
0
0
0.0082034
0
0
0.00512821
0.00510614
0
0.00537212
0.00182268
0.00186673
0.00199599
-0.00207762
-0.00190837
0
-0.00446646
-0.0039124
-0.00430058
-0.00444336
0.00414545
0
0
0.00397195
0.00388637
-0.0037116
0
-0.00681526
0
0
0.00499813
-0.00400584
0
0
-0.00238842
0.0010948
-0.00139523
0
0
0.00284566
0
-0.00170592
0.00157193
0.00346341
-0.00324368
0
-0.00314836
0
-0.00316536
-0.000131007
0.00012836
0
0.000255296
0.00478982
0
-0.00421378
-0.002843
0
0
-0.00197934
-0.000663955
0
0.00095149
0
-0.00106863
0
0.0013467
5.65705e-05
-0.00244701
0.00259483
0
0.000123279
0
0
-0.00248847
0.00240525
0
0.0043146
-0.00396743
-0.00320918
0
0.0023557
0
0
0
0
-0.000726537
-0.000603569
0
0
0
0
5.15279e-05
0.0018666
0
0
0.000113536
0
0
0
0
0
0
-0.00293165
0.0026067
0
0
0
0
0
0
3.18837e-05
0.000292086
0.000492588
0
-0.000492956
0
0.000590085
0
0
0
0.00010473
0
0
0
0
0.00121887
-0.00125464
0.00244196
0
-0.00182888
-0.00116264
0
0.000177885
0
0
0.000348037
-0.000176025
-0.000655923
0
0.000589574
0
0
0
0
0
0.00108182
0
-0.000958542
0
0.000964619
-0.00101375
0.00203449
0
0
0.00151686
0.000153034
0
0.000123734
-0.00127094
0
-5.47005e-05
0
0.000256534
0
-3.32034e-05
-0.000288082
0.000263532
0
0.000432825
0
0
0
0.000713818
0
-0.000773587
0
-0.00155456
0.000585381
-0.000516249
-0.000477761
0.000139751
0
-0.000433998
0.00239799
0
-4.95647e-05
2.58397e-05
0
-1.14036e-05
-9.64806e-05
3.18053e-05
-0.000167373
0
-0.000301812
0
0
0
0
0
0
0
7.94721e-05
-0.000467934
0.000437987
0.000631202
0.00030705
0.000400363
0
-0.00113897
0
0
-9.98971e-05
4.07089e-05
-6.08131e-05
-4.58857e-05
5.08644e-05
-1.22174e-05
0
-9.4366e-05
0
0
0
0
0
-0.000185944
0
7.29512e-05
-0.000309328
0
-0.000198434
0
-0.000325996
0
0
0.000189953
0
0
-8.97221e-05
0.000117551
-0.000121843
-8.65031e-05
-8.94172e-05
-1.00529e-05
2.04301e-05
0
-8.32706e-05
0
0
0
0.000103165
0
0.000369025
0.000265612
3.88515e-05
5.83805e-05
0
0
0
-0.000492952
-0.000193469
0
0
0
-0.000190216
-9.40178e-06
0.000128034
0
-8.69173e-05
0
-0.000125414
3.06019e-05
0
0
0
0
0
-5.93491e-05
0
-2.47171e-05
-4.94348e-05
0
0
0
0.00048259
0
0
-0.000294318
0
0
0.000147691
0
0
0
0
-2.59398e-05
2.20519e-05
0
0
0
8.03446e-05
-0.000132519
4.5587e-05
0
0
9.245e-05
0.000261659
0
0
-0.000447121
0
0.000142151
0.00034791
0.000200307
0
-0.000109732
0
0.000139678
0
0
0.000385595
5.38711e-05
0
0
0
-9.01048e-05
0.000140161
0.000114323
0
0
-0.000125899
-0.000288515
0
-0.000602332
1.41746e-05
0
-1.0259e-07
0
-0.000215053
0
9.59407e-05
0
6.68056e-06
0
0
-0.000137969
0
0
0
-3.83969e-05
0.000139559
0
2.05056e-05
7.59565e-05
0
0.000120654
0
0
0.000607826
0.000432885
0
-0.000356856
0
0
0
0
5.93682e-05
-0.000158516
0
0
0
6.34593e-05
0
-1.02098e-05
1.40619e-05
-0.000142895
0
-0.000160175
4.67629e-05
0
-0.000281974
-0.000124107
0
0
0
-0.000115641
0.000178189
0
0
0
-9.99898e-05
-3.15061e-05
7.63164e-05
0
0
-5.05562e-05
-5.62766e-05
0
9.13846e-05
-2.06845e-06
-8.2663e-05
0
6.24674e-05
0
0
0.000140602
2.34862e-05
0
-0.00030094
-0.000222236
0.000130417
0
6.04949e-05
0
0
8.47903e-05
-4.76523e-05
-6.27559e-05
0
0
-6.85175e-05
0
0
0.000145661
-1.53489e-05
-4.68086e-06
0
0.000118592
-0.000372412
0
-2.16665e-05
0
0
0.000215117
0.000393503
0
2.22319e-05
-7.55039e-06
0
0
0
0.000193716
0
8.47984e-05
0
0
-8.48476e-05
0
-0.000619632
-4.71541e-05
6.70741e-05
0
0
0.000687901
0
-8.10554e-05
0
0
0
-0.000164743
0
4.30527e-05
0
0
0
0
0
0
-0.000211814
0
0
0.000153598
0
0.000310194
0
-0.00012368
0
0
0
0
-0.000177371
0
0
0
0
0
-0.000159697
0
0
0
0
0
-0.000348898
0
-0.0001692
0.000226462
0
0
0.000312036
0
-0.000324174
0
-0.000551775
-0.000505707
0
0
-0.000325748
0
0
-0.000208663
0
-0.000144002
0
0
0
0
-0.000692737
-0.000292525
0
-0.000162192
-0.000182467
0
0
-0.000676079
0
0.000263724
0.000544117
-0.000520359
0.000441503
0.000628181
0
0.000265269
0
0
0.000196833
0
0.00022699
-0.000422417
0
0.000471329
-0.000511895
-2.32828e-06
0.000467282
0
0.000366189
0
0
0
0.00107728
0
0
-0.000318392
0.000720268
0
-0.000441445
0.00072859
0
0
0
0
0.000425051
-0.000464437
0.000471011
0
-0.000503007
0.000514293
0.000499842
0
0
-0.000863354
-0.000864524
0.000846476
0
-0.000714203
0
0.00111396
0
-0.00103276
0
0
-0.000622315
0
0
0
0
-0.000486922
0.00101178
0
0.00107767
0
-0.00109923
0
0.00104747
0
0.000965327
0.0018566
-0.000863992
0
0
0
-0.00123808
0
0.00194363
0
0
0
0
0
0.000145916
0.000603591
0
-0.000556553
0
-0.00118143
0.00119056
-9.90856e-06
-0.00120439
-0.00113041
0
0.00106833
-0.00101854
0.00186627
0
0
0
0.00135746
0
-0.00105461
0
0
0
0
0
-9.39415e-05
-0.000610981
0
0
0
-0.00133953
1.26391e-05
-1.17876e-05
0.00266113
-0.00122526
-0.00232787
-0.00114848
0
-0.00414801
0
0
0
-0.00148221
0
0
0
0.00172337
0
0
0
-4.90058e-05
-0.00064827
0
0
0
0.00304675
-0.00150153
0.00147349
0.00147693
0.00132968
0.00262053
0
0
0.00230996
0
-0.0020291
-0.00187421
0
0
-0.00276938
0
6.1989e-05
0
0.00124849
0
0.000100959
0.000678413
0
0.00173734
0
-0.00168767
0
0
-0.00324457
0
0
-0.00284708
0
0.00259704
0
-2.96981e-05
0.00205689
0
0
0.00304612
0
-0.00214223
-0.0019538
-0.00137199
0
0
0.00149684
0
2.57853e-05
0
0
0
-0.00379269
0.0036574
-0.0034731
0
-3.13932e-05
0
-0.00287302
0
0.0024947
0
0
0
0.00350579
-0.00305612
0.00257155
0.00438995
0.00335461
0
0
-0.00320316
0.00231661
-0.00455848
0
0
0
-4.40338e-05
-0.00812394
0.00389475
0
0.00356901
0
0
0
0
0
0
-0.00435986
-0.00386447
0.00337617
8.77162e-05
-0.00252341
-0.00369014
0.00301634
0
0.00172756
-0.00517369
0.00772549
-0.00513068
0
0.00488484
-5.05211e-05
-4.55082e-05
0
0
0
0
0.00744586
0
0
-0.0059731
0
0.00490612
0
0
-0.00336048
0.00622017
0.00440825
-0.00348127
0
0
0.00290433
-0.00575597
0.00569092
0
-0.00546789
0.00532421
-5.15464e-05
0.0049577
0
-0.00901853
0.00901749
-0.0164608
0
0
-9.73492e-05
0
0
-0.00527039
0
0
-0.0147714
0.000202465
0
0.00164524
0
0
0
-0.00649483
0
0.00629671
-0.00616333
-5.78049e-05
-0.00561644
-0.01119
0.0104282
-0.0106009
0.0182232
0
-0.00851273
0.00832904
0
0
0.00690431
-0.0111037
0
0.00969909
-0.00680028
-0.00544974
-0.00515207
-0.00268473
0
-0.00806876
0.00709751
0
8.18942e-05
0.00681048
0.00669949
0.0134087
0.0261881
0
0
-0.00997291
0
-0.000111537
-0.0102501
0.00864133
0
0.0170091
0.0146224
0
-0.012539
0
0.00696057
0.00361709
-7.34596e-05
0
0.00983305
0
0
8.57535e-05
0
0.0154102
-0.0155286
-0.0150384
0
0.0147421
-0.0106102
0
-0.00011274
0.011902
-0.00920148
0
-0.0193953
0.0177357
0
-0.000208616
0
0
-0.00455015
0.0103903
0
0
0
0
8.47205e-05
0
-0.0176908
0.0174944
0
-0.0178676
-0.0178571
0.0119486
0
0.0258736
-0.013841
-0.0211945
0
0
-0.0385307
0.017489
0.0300849
0
0.00938331
0.0049015
-0.00734052
-0.0116234
0.0119312
0
-0.0120421
-0.0219584
0
0.0194312
-0.0186865
0
0.018876
0
0.0140445
0
-0.0141064
0.0445723
0.0466677
0
-0.0235345
0.0202635
-0.0185614
0.000200759
-0.0126435
-0.0200084
0.0106653
0
-0.0001989
-0.0126749
-0.0125402
-8.88571e-05
0.0112414
0
-0.0203346
0
0
0
-0.0187358
-0.0159483
0
-0.0296243
-0.0295265
-0.0255713
0
0.0237999
0
0
0.000197347
-0.000163122
0.0106553
0.000184839
-0.00846339
0.014825
0.0141768
0.0126315
0.0119772
0
0
0
0
0
0.0187642
0.0188842
-0.0175157
0
0.0613751
0
0
0
0
0
0
0.000195247
0.0136312
0
-0.0117537
-8.31732e-05
0
-0.0146159
0
0
0
0.022734
0
-0.0206841
0
0.000107266
0
-0.000104903
0
-0.0650896
0
0
0
0.0260667
-0.0242299
0
-0.0188227
0.0148815
0
0
-7.74177e-05
0
0
0
0
0
0.000117877
0
-0.000108208
-0.0218258
-0.0207813
0.020455
-0.000103626
0
0.068912
0
0
0
0.000182649
0.0255834
0.0227268
0.0206967
-0.0159569
-0.0272386
-0.0139176
0.0107262
0.0168032
-0.0151244
0
-0.0258253
0.0252891
-0.0227197
0
0.0425165
0.0223316
0
-0.0208351
0.0189845
0
-0.0711613
-0.0349143
0
-0.0317741
0.000181046
-0.0274393
-0.0476929
0.000205803
0
0.0293759
0.014723
0.0118815
-0.0158313
0.0141966
0
0.023286
-0.0458046
-0.0212936
0
-0.039246
0
0
0
-0.018357
0
-0.000217758
-0.000230933
0
0.0325622
-0.0293654
0.0284839
0.0244503
-0.0238136
-0.0358314
0
0
0.000102414
0
0
0
0.0172949
0.0164868
0.015987
0
0.0301506
0
-0.0165787
0
0.0310866
0
0.0319566
0.0319353
0
0
0
-0.0284719
0
0
0.0346597
0
-0.0146121
-0.0279331
0
0.00443622
-0.00537951
-0.00419975
0
0
0.00582719
-0.00502817
0
0.016495
0
-0.00885037
0
0
-0.0225645
-0.0212385
0
0
0.0473306
0.019178
0.044262
0
0
-0.00018604
0.0144245
0
0.0157142
-0.0181738
0
-0.0165079
0
0.0130192
0
0
0.00717324
0.00452255
-0.0069608
0
0
0.00789324
0.00317606
-0.0101256
0
-0.0141259
-0.0080737
-0.0326942
0
0
0.00713416
0
0
-0.0294716
0.0581364
0
0.0505898
0.0475328
0
-0.0392214
0
0
-0.00016209
0.0451508
0
0
0.0218156
0
-0.00987938
0
0
0
0
0.00500489
0
0.00643827
0
0
-0.0529341
-0.103068
0
0
-0.16935
0.0757416
0.000219187
0
0
-0.000196348
-0.0913213
0
0
0
-0.051551
0
-0.0334439
0
0
0.0246318
-0.000683431
0
0
0.0159465
0
-0.127102
0
0
0.221698
-0.213077
-0.000106419
-0.198197
0
-0.183771
0.17663
-0.337012
0
0
0
-0.267031
0
0.000148449
0
0
-0.308215
-0.00029515
0
0.100773
-0.0714897
)
;

boundaryField
{
    inlet
    {
        type            calculated;
        value           uniform 0;
    }
    outlet
    {
        type            calculated;
        value           nonuniform List<scalar> 
57
(
4.05916e-17
-2.1806e-17
0
0
0
5.47312e-18
-4.73229e-18
-4.22113e-18
1.9246e-18
1.7942e-18
0
0
0
1.51127e-18
-2.94381e-18
1.4409e-18
0
6.96147e-19
-6.89292e-19
6.79495e-19
-3.51773e-21
-6.71943e-19
0
3.29854e-19
-4.95561e-19
1.65248e-19
0
1.8026e-19
-1.90344e-19
0
0
-7.61513e-19
7.81953e-19
7.86253e-19
-8.14145e-19
-1.66293e-18
3.47261e-18
-1.82512e-18
0
0
2.27623e-18
2.54896e-20
-8.15749e-18
5.80518e-18
0
6.97815e-18
1.06408e-19
1.1232e-19
-9.48013e-18
-1.09429e-17
-1.2952e-19
2.95758e-17
-1.7543e-17
0
0
-3.86432e-17
6.99966e-17
)
;
    }
    upperWall
    {
        type            calculated;
        value           uniform 0;
    }
    lowerWall
    {
        type            calculated;
        value           uniform 0;
    }
    frontAndBack
    {
        type            empty;
    }
}


// ************************************************************************* //
