/*--------------------------------*- C++ -*----------------------------------*\
  =========                 |
  \\      /  F ield         | OpenFOAM: The Open Source CFD Toolbox
   \\    /   O peration     | Website:  https://openfoam.org
    \\  /    A nd           | Version:  8
     \\/     M anipulation  |
\*---------------------------------------------------------------------------*/
FoamFile
{
    version     2.0;
    format      ascii;
    class       volScalarField;
    location    "2.2";
    object      gradTy;
}
// * * * * * * * * * * * * * * * * * * * * * * * * * * * * * * * * * * * * * //

dimensions      [0 -1 0 1 0 0 0];

internalField   nonuniform List<scalar> 
400
(
-5796.04
-5796.04
-5796.04
-5796.04
-5796.04
-5796.04
-5796.04
-5796.04
-5796.04
-5796.04
-5796.04
-5796.04
-5796.04
-5796.04
-5796.04
-5796.04
-5796.04
-5796.04
-5796.04
-5796.04
-200.408
-200.408
-200.408
-200.408
-200.408
-200.408
-200.408
-200.408
-200.408
-200.408
-200.408
-200.408
-200.408
-200.408
-200.408
-200.408
-200.408
-200.408
-200.408
-200.408
-3.51358
-3.51358
-3.51358
-3.51358
-3.51358
-3.51358
-3.51358
-3.51358
-3.51358
-3.51358
-3.51358
-3.51358
-3.51358
-3.51358
-3.51358
-3.51358
-3.51358
-3.51358
-3.51358
-3.51359
-0.0412828
-0.0412828
-0.0412828
-0.0412828
-0.0412828
-0.0412828
-0.0412828
-0.0412828
-0.0412828
-0.0412828
-0.0412828
-0.0412828
-0.0412828
-0.0412828
-0.0412828
-0.0412828
-0.0412828
-0.0412828
-0.0412828
-0.0412829
-0.000365048
-0.000365048
-0.000365048
-0.000365048
-0.000365048
-0.000365048
-0.000365048
-0.000365048
-0.000365048
-0.000365048
-0.000365048
-0.000365048
-0.000365048
-0.000365048
-0.000365048
-0.000365048
-0.000365048
-0.000365048
-0.000365048
-0.000365049
-2.58972e-06
-2.5897e-06
-2.58972e-06
-2.58976e-06
-2.58967e-06
-2.58971e-06
-2.58979e-06
-2.58982e-06
-2.5897e-06
-2.58972e-06
-2.58971e-06
-2.58982e-06
-2.58978e-06
-2.58982e-06
-2.58979e-06
-2.58971e-06
-2.58979e-06
-2.58977e-06
-2.58971e-06
-2.58981e-06
-1.53411e-08
-1.53366e-08
-1.54188e-08
-1.53422e-08
-1.53633e-08
-1.5361e-08
-1.54188e-08
-1.5411e-08
-1.54188e-08
-1.532e-08
-1.53999e-08
-1.53866e-08
-1.54088e-08
-1.53855e-08
-1.54088e-08
-1.54088e-08
-1.54332e-08
-1.53988e-08
-1.54299e-08
-1.54787e-08
-1.08802e-10
-1.02141e-10
-1.04361e-10
-4.32987e-11
-8.99281e-11
-8.99281e-11
-6.32827e-11
-1.05471e-10
-9.54792e-11
-1.03251e-10
-8.54872e-11
-1.14353e-10
-9.21485e-11
-1.14353e-10
-9.4369e-11
-8.32667e-11
-1.05471e-10
-9.4369e-11
-9.10383e-11
-6.43929e-11
-3.55271e-11
-5.55112e-12
-3.33067e-12
0
-1.11022e-12
-1.11022e-12
-3.33067e-12
5.55112e-12
0
-3.33067e-12
0
-3.33067e-12
0
-4.44089e-12
2.22045e-12
0
0
0
-2.22045e-12
0
-1.55431e-11
0
0
4.44089e-12
0
-3.33067e-12
0
-4.44089e-12
0
0
-1.11022e-12
0
-3.33067e-12
1.11022e-12
-3.33067e-12
-3.33067e-12
0
-1.11022e-12
1.11022e-12
-1.9984e-11
0
0
0
4.44089e-12
2.22045e-12
-1.11022e-12
3.33067e-12
-1.11022e-12
-3.33067e-12
0
0
1.11022e-12
0
0
-2.22045e-12
0
3.33067e-12
0
1.11022e-12
1.11022e-12
-2.22045e-12
0
2.22045e-12
-4.44089e-12
2.22045e-12
2.22045e-12
2.22045e-12
0
2.22045e-12
2.22045e-12
0
0
0
0
0
0
1.11022e-12
0
0
-2.22045e-12
8.43769e-11
7.66054e-11
5.77316e-11
9.21485e-11
1.09912e-10
9.54792e-11
1.09912e-10
1.02141e-10
8.54872e-11
8.99281e-11
9.76996e-11
5.88418e-11
9.88098e-11
1.05471e-10
9.88098e-11
8.88178e-11
5.9952e-11
9.88098e-11
5.9952e-11
2.03171e-10
1.53699e-08
1.53322e-08
1.54066e-08
1.54143e-08
1.54055e-08
1.54055e-08
1.54055e-08
1.52933e-08
1.54055e-08
1.54066e-08
1.53144e-08
1.53144e-08
1.52922e-08
1.53555e-08
1.52922e-08
1.52933e-08
1.53555e-08
1.52967e-08
1.53577e-08
1.53366e-08
2.58982e-06
2.58977e-06
2.58984e-06
2.58982e-06
2.58978e-06
2.5898e-06
2.58978e-06
2.58965e-06
2.5898e-06
2.5898e-06
2.58967e-06
2.58977e-06
2.58965e-06
2.58973e-06
2.58965e-06
2.58966e-06
2.58979e-06
2.58981e-06
2.58978e-06
2.58959e-06
0.000365049
0.000365048
0.000365048
0.000365048
0.000365048
0.000365048
0.000365048
0.000365048
0.000365048
0.000365048
0.000365048
0.000365048
0.000365048
0.000365048
0.000365048
0.000365048
0.000365048
0.000365048
0.000365048
0.000365048
0.0412829
0.0412828
0.0412828
0.0412828
0.0412828
0.0412828
0.0412828
0.0412828
0.0412828
0.0412828
0.0412828
0.0412828
0.0412828
0.0412828
0.0412828
0.0412828
0.0412828
0.0412828
0.0412828
0.0412828
3.51359
3.51358
3.51358
3.51358
3.51358
3.51358
3.51358
3.51358
3.51358
3.51358
3.51358
3.51358
3.51358
3.51358
3.51358
3.51358
3.51358
3.51358
3.51358
3.51358
200.408
200.408
200.408
200.408
200.408
200.408
200.408
200.408
200.408
200.408
200.408
200.408
200.408
200.408
200.408
200.408
200.408
200.408
200.408
200.408
5796.04
5796.04
5796.04
5796.04
5796.04
5796.04
5796.04
5796.04
5796.04
5796.04
5796.04
5796.04
5796.04
5796.04
5796.04
5796.04
5796.04
5796.04
5796.04
5796.04
)
;

boundaryField
{
    front
    {
        type            calculated;
        value           nonuniform List<scalar> 
20
(
-11198.2
-11198.2
-11198.2
-11198.2
-11198.2
-11198.2
-11198.2
-11198.2
-11198.2
-11198.2
-11198.2
-11198.2
-11198.2
-11198.2
-11198.2
-11198.2
-11198.2
-11198.2
-11198.2
-11198.2
)
;
    }
    back
    {
        type            calculated;
        value           nonuniform List<scalar> 
20
(
11198.2
11198.2
11198.2
11198.2
11198.2
11198.2
11198.2
11198.2
11198.2
11198.2
11198.2
11198.2
11198.2
11198.2
11198.2
11198.2
11198.2
11198.2
11198.2
11198.2
)
;
    }
    left
    {
        type            calculated;
        value           nonuniform List<scalar> 
20
(
-5796.04
-200.408
-3.51358
-0.0412828
-0.000365048
-2.58972e-06
-1.53411e-08
-1.08802e-10
-3.55271e-11
-1.55431e-11
0
-2.22045e-12
8.43769e-11
1.53699e-08
2.58982e-06
0.000365049
0.0412829
3.51359
200.408
5796.04
)
;
    }
    right
    {
        type            calculated;
        value           nonuniform List<scalar> 
20
(
-5796.04
-200.408
-3.51359
-0.0412829
-0.000365049
-2.58981e-06
-1.54787e-08
-6.43929e-11
0
-1.9984e-11
1.11022e-12
-2.22045e-12
2.03171e-10
1.53366e-08
2.58959e-06
0.000365048
0.0412828
3.51358
200.408
5796.04
)
;
    }
    top
    {
        type            calculated;
        value           nonuniform List<scalar> 
400
(
-5796.04
-200.408
-3.51358
-0.0412828
-0.000365048
-2.58972e-06
-1.53411e-08
-1.08802e-10
-3.55271e-11
-1.55431e-11
0
-2.22045e-12
8.43769e-11
1.53699e-08
2.58982e-06
0.000365049
0.0412829
3.51359
200.408
5796.04
-5796.04
-200.408
-3.51358
-0.0412828
-0.000365048
-2.5897e-06
-1.53366e-08
-1.02141e-10
-5.55112e-12
0
0
0
7.66054e-11
1.53322e-08
2.58977e-06
0.000365048
0.0412828
3.51358
200.408
5796.04
-5796.04
-200.408
-3.51358
-0.0412828
-0.000365048
-2.58972e-06
-1.54188e-08
-1.04361e-10
-3.33067e-12
0
0
2.22045e-12
5.77316e-11
1.54066e-08
2.58984e-06
0.000365048
0.0412828
3.51358
200.408
5796.04
-5796.04
-200.408
-3.51358
-0.0412828
-0.000365048
-2.58976e-06
-1.53422e-08
-4.32987e-11
0
4.44089e-12
4.44089e-12
-4.44089e-12
9.21485e-11
1.54143e-08
2.58982e-06
0.000365048
0.0412828
3.51358
200.408
5796.04
-5796.04
-200.408
-3.51358
-0.0412828
-0.000365048
-2.58967e-06
-1.53633e-08
-8.99281e-11
-1.11022e-12
0
2.22045e-12
2.22045e-12
1.09912e-10
1.54055e-08
2.58978e-06
0.000365048
0.0412828
3.51358
200.408
5796.04
-5796.04
-200.408
-3.51358
-0.0412828
-0.000365048
-2.58971e-06
-1.5361e-08
-8.99281e-11
-1.11022e-12
-3.33067e-12
-1.11022e-12
2.22045e-12
9.54792e-11
1.54055e-08
2.5898e-06
0.000365048
0.0412828
3.51358
200.408
5796.04
-5796.04
-200.408
-3.51358
-0.0412828
-0.000365048
-2.58979e-06
-1.54188e-08
-6.32827e-11
-3.33067e-12
0
3.33067e-12
2.22045e-12
1.09912e-10
1.54055e-08
2.58978e-06
0.000365048
0.0412828
3.51358
200.408
5796.04
-5796.04
-200.408
-3.51358
-0.0412828
-0.000365048
-2.58982e-06
-1.5411e-08
-1.05471e-10
5.55112e-12
-4.44089e-12
-1.11022e-12
0
1.02141e-10
1.52933e-08
2.58965e-06
0.000365048
0.0412828
3.51358
200.408
5796.04
-5796.04
-200.408
-3.51358
-0.0412828
-0.000365048
-2.5897e-06
-1.54188e-08
-9.54792e-11
0
0
-3.33067e-12
2.22045e-12
8.54872e-11
1.54055e-08
2.5898e-06
0.000365048
0.0412828
3.51358
200.408
5796.04
-5796.04
-200.408
-3.51358
-0.0412828
-0.000365048
-2.58972e-06
-1.532e-08
-1.03251e-10
-3.33067e-12
0
0
2.22045e-12
8.99281e-11
1.54066e-08
2.5898e-06
0.000365048
0.0412828
3.51358
200.408
5796.04
-5796.04
-200.408
-3.51358
-0.0412828
-0.000365048
-2.58971e-06
-1.53999e-08
-8.54872e-11
0
-1.11022e-12
0
0
9.76996e-11
1.53144e-08
2.58967e-06
0.000365048
0.0412828
3.51358
200.408
5796.04
-5796.04
-200.408
-3.51358
-0.0412828
-0.000365048
-2.58982e-06
-1.53866e-08
-1.14353e-10
-3.33067e-12
0
1.11022e-12
0
5.88418e-11
1.53144e-08
2.58977e-06
0.000365048
0.0412828
3.51358
200.408
5796.04
-5796.04
-200.408
-3.51358
-0.0412828
-0.000365048
-2.58978e-06
-1.54088e-08
-9.21485e-11
0
-3.33067e-12
0
0
9.88098e-11
1.52922e-08
2.58965e-06
0.000365048
0.0412828
3.51358
200.408
5796.04
-5796.04
-200.408
-3.51358
-0.0412828
-0.000365048
-2.58982e-06
-1.53855e-08
-1.14353e-10
-4.44089e-12
1.11022e-12
0
0
1.05471e-10
1.53555e-08
2.58973e-06
0.000365048
0.0412828
3.51358
200.408
5796.04
-5796.04
-200.408
-3.51358
-0.0412828
-0.000365048
-2.58979e-06
-1.54088e-08
-9.4369e-11
2.22045e-12
-3.33067e-12
-2.22045e-12
0
9.88098e-11
1.52922e-08
2.58965e-06
0.000365048
0.0412828
3.51358
200.408
5796.04
-5796.04
-200.408
-3.51358
-0.0412828
-0.000365048
-2.58971e-06
-1.54088e-08
-8.32667e-11
0
-3.33067e-12
0
0
8.88178e-11
1.52933e-08
2.58966e-06
0.000365048
0.0412828
3.51358
200.408
5796.04
-5796.04
-200.408
-3.51358
-0.0412828
-0.000365048
-2.58979e-06
-1.54332e-08
-1.05471e-10
0
0
3.33067e-12
1.11022e-12
5.9952e-11
1.53555e-08
2.58979e-06
0.000365048
0.0412828
3.51358
200.408
5796.04
-5796.04
-200.408
-3.51358
-0.0412828
-0.000365048
-2.58977e-06
-1.53988e-08
-9.4369e-11
0
-1.11022e-12
0
0
9.88098e-11
1.52967e-08
2.58981e-06
0.000365048
0.0412828
3.51358
200.408
5796.04
-5796.04
-200.408
-3.51358
-0.0412828
-0.000365048
-2.58971e-06
-1.54299e-08
-9.10383e-11
-2.22045e-12
1.11022e-12
1.11022e-12
0
5.9952e-11
1.53577e-08
2.58978e-06
0.000365048
0.0412828
3.51358
200.408
5796.04
-5796.04
-200.408
-3.51359
-0.0412829
-0.000365049
-2.58981e-06
-1.54787e-08
-6.43929e-11
0
-1.9984e-11
1.11022e-12
-2.22045e-12
2.03171e-10
1.53366e-08
2.58959e-06
0.000365048
0.0412828
3.51358
200.408
5796.04
)
;
    }
    bottom
    {
        type            calculated;
        value           nonuniform List<scalar> 
400
(
-5796.04
-200.408
-3.51358
-0.0412828
-0.000365048
-2.58972e-06
-1.53411e-08
-1.08802e-10
-3.55271e-11
-1.55431e-11
0
-2.22045e-12
8.43769e-11
1.53699e-08
2.58982e-06
0.000365049
0.0412829
3.51359
200.408
5796.04
-5796.04
-200.408
-3.51358
-0.0412828
-0.000365048
-2.5897e-06
-1.53366e-08
-1.02141e-10
-5.55112e-12
0
0
0
7.66054e-11
1.53322e-08
2.58977e-06
0.000365048
0.0412828
3.51358
200.408
5796.04
-5796.04
-200.408
-3.51358
-0.0412828
-0.000365048
-2.58972e-06
-1.54188e-08
-1.04361e-10
-3.33067e-12
0
0
2.22045e-12
5.77316e-11
1.54066e-08
2.58984e-06
0.000365048
0.0412828
3.51358
200.408
5796.04
-5796.04
-200.408
-3.51358
-0.0412828
-0.000365048
-2.58976e-06
-1.53422e-08
-4.32987e-11
0
4.44089e-12
4.44089e-12
-4.44089e-12
9.21485e-11
1.54143e-08
2.58982e-06
0.000365048
0.0412828
3.51358
200.408
5796.04
-5796.04
-200.408
-3.51358
-0.0412828
-0.000365048
-2.58967e-06
-1.53633e-08
-8.99281e-11
-1.11022e-12
0
2.22045e-12
2.22045e-12
1.09912e-10
1.54055e-08
2.58978e-06
0.000365048
0.0412828
3.51358
200.408
5796.04
-5796.04
-200.408
-3.51358
-0.0412828
-0.000365048
-2.58971e-06
-1.5361e-08
-8.99281e-11
-1.11022e-12
-3.33067e-12
-1.11022e-12
2.22045e-12
9.54792e-11
1.54055e-08
2.5898e-06
0.000365048
0.0412828
3.51358
200.408
5796.04
-5796.04
-200.408
-3.51358
-0.0412828
-0.000365048
-2.58979e-06
-1.54188e-08
-6.32827e-11
-3.33067e-12
0
3.33067e-12
2.22045e-12
1.09912e-10
1.54055e-08
2.58978e-06
0.000365048
0.0412828
3.51358
200.408
5796.04
-5796.04
-200.408
-3.51358
-0.0412828
-0.000365048
-2.58982e-06
-1.5411e-08
-1.05471e-10
5.55112e-12
-4.44089e-12
-1.11022e-12
0
1.02141e-10
1.52933e-08
2.58965e-06
0.000365048
0.0412828
3.51358
200.408
5796.04
-5796.04
-200.408
-3.51358
-0.0412828
-0.000365048
-2.5897e-06
-1.54188e-08
-9.54792e-11
0
0
-3.33067e-12
2.22045e-12
8.54872e-11
1.54055e-08
2.5898e-06
0.000365048
0.0412828
3.51358
200.408
5796.04
-5796.04
-200.408
-3.51358
-0.0412828
-0.000365048
-2.58972e-06
-1.532e-08
-1.03251e-10
-3.33067e-12
0
0
2.22045e-12
8.99281e-11
1.54066e-08
2.5898e-06
0.000365048
0.0412828
3.51358
200.408
5796.04
-5796.04
-200.408
-3.51358
-0.0412828
-0.000365048
-2.58971e-06
-1.53999e-08
-8.54872e-11
0
-1.11022e-12
0
0
9.76996e-11
1.53144e-08
2.58967e-06
0.000365048
0.0412828
3.51358
200.408
5796.04
-5796.04
-200.408
-3.51358
-0.0412828
-0.000365048
-2.58982e-06
-1.53866e-08
-1.14353e-10
-3.33067e-12
0
1.11022e-12
0
5.88418e-11
1.53144e-08
2.58977e-06
0.000365048
0.0412828
3.51358
200.408
5796.04
-5796.04
-200.408
-3.51358
-0.0412828
-0.000365048
-2.58978e-06
-1.54088e-08
-9.21485e-11
0
-3.33067e-12
0
0
9.88098e-11
1.52922e-08
2.58965e-06
0.000365048
0.0412828
3.51358
200.408
5796.04
-5796.04
-200.408
-3.51358
-0.0412828
-0.000365048
-2.58982e-06
-1.53855e-08
-1.14353e-10
-4.44089e-12
1.11022e-12
0
0
1.05471e-10
1.53555e-08
2.58973e-06
0.000365048
0.0412828
3.51358
200.408
5796.04
-5796.04
-200.408
-3.51358
-0.0412828
-0.000365048
-2.58979e-06
-1.54088e-08
-9.4369e-11
2.22045e-12
-3.33067e-12
-2.22045e-12
0
9.88098e-11
1.52922e-08
2.58965e-06
0.000365048
0.0412828
3.51358
200.408
5796.04
-5796.04
-200.408
-3.51358
-0.0412828
-0.000365048
-2.58971e-06
-1.54088e-08
-8.32667e-11
0
-3.33067e-12
0
0
8.88178e-11
1.52933e-08
2.58966e-06
0.000365048
0.0412828
3.51358
200.408
5796.04
-5796.04
-200.408
-3.51358
-0.0412828
-0.000365048
-2.58979e-06
-1.54332e-08
-1.05471e-10
0
0
3.33067e-12
1.11022e-12
5.9952e-11
1.53555e-08
2.58979e-06
0.000365048
0.0412828
3.51358
200.408
5796.04
-5796.04
-200.408
-3.51358
-0.0412828
-0.000365048
-2.58977e-06
-1.53988e-08
-9.4369e-11
0
-1.11022e-12
0
0
9.88098e-11
1.52967e-08
2.58981e-06
0.000365048
0.0412828
3.51358
200.408
5796.04
-5796.04
-200.408
-3.51358
-0.0412828
-0.000365048
-2.58971e-06
-1.54299e-08
-9.10383e-11
-2.22045e-12
1.11022e-12
1.11022e-12
0
5.9952e-11
1.53577e-08
2.58978e-06
0.000365048
0.0412828
3.51358
200.408
5796.04
-5796.04
-200.408
-3.51359
-0.0412829
-0.000365049
-2.58981e-06
-1.54787e-08
-6.43929e-11
0
-1.9984e-11
1.11022e-12
-2.22045e-12
2.03171e-10
1.53366e-08
2.58959e-06
0.000365048
0.0412828
3.51358
200.408
5796.04
)
;
    }
}


// ************************************************************************* //
