/*--------------------------------*- C++ -*----------------------------------*\
  =========                 |
  \\      /  F ield         | OpenFOAM: The Open Source CFD Toolbox
   \\    /   O peration     | Website:  https://openfoam.org
    \\  /    A nd           | Version:  8
     \\/     M anipulation  |
\*---------------------------------------------------------------------------*/
FoamFile
{
    version     2.0;
    format      ascii;
    class       volScalarField;
    location    "2.2";
    object      gradTx;
}
// * * * * * * * * * * * * * * * * * * * * * * * * * * * * * * * * * * * * * //

dimensions      [0 -1 0 1 0 0 0];

internalField   nonuniform List<scalar> 
400
(
-2.12097e-08
-2.14717e-08
-4.31877e-10
-1.09912e-10
6.21725e-11
9.21485e-11
1.25455e-10
-3.33067e-12
-5.88418e-11
-3.9968e-11
-1.17684e-10
1.33227e-11
0
-7.32747e-11
9.76996e-11
-1.9984e-11
3.33067e-12
4.67404e-10
2.11975e-08
2.08067e-08
-4.56302e-10
-4.84057e-10
-1.34337e-10
-5.55112e-12
5.55112e-11
5.10703e-11
7.77156e-12
-9.54792e-11
8.99281e-11
5.44009e-11
-1.42109e-10
1.77636e-11
1.11022e-10
-7.99361e-11
-6.99441e-11
-3.9968e-11
3.05311e-10
2.12319e-08
1.21653e-06
1.19565e-06
-3.9968e-11
-8.88178e-12
-9.99201e-12
-7.10543e-11
1.11022e-10
7.10543e-11
-2.77556e-11
0
-2.88658e-11
2.66454e-11
-6.88338e-11
1.88738e-11
-1.11022e-12
-1.52101e-10
1.04361e-10
6.99441e-11
-1.33227e-11
8.53762e-10
4.3141e-08
4.23572e-08
2.22045e-11
3.33067e-12
-6.88338e-11
3.33067e-11
4.996e-11
-9.65894e-11
1.09912e-10
6.88338e-11
-1.55431e-11
1.15463e-10
-9.65894e-11
-9.32587e-11
0
7.43849e-11
1.09912e-10
4.44089e-12
0
-9.32587e-11
6.57252e-10
7.4829e-10
-4.10783e-11
-2.44249e-11
-6.66134e-12
-7.21645e-11
0
9.99201e-11
1.26565e-10
-5.9952e-11
-1.04361e-10
0
1.06581e-10
8.43769e-11
0
1.11022e-11
-1.35447e-10
7.77156e-12
7.21645e-11
-9.54792e-11
2.66454e-11
9.4369e-11
-3.55271e-11
4.55191e-11
0
-5.44009e-11
2.33147e-11
5.55112e-11
4.32987e-11
0
-8.54872e-11
-2.33147e-11
6.77236e-11
8.88178e-12
0
0
1.88738e-11
2.55351e-11
-9.99201e-12
0
7.88258e-11
4.44089e-11
-1.9984e-11
-2.10942e-11
-6.10623e-11
-1.77636e-11
5.10703e-11
-2.44249e-11
1.44329e-11
3.21965e-11
-4.44089e-12
-8.88178e-12
7.77156e-12
8.88178e-12
0
2.22045e-12
-2.66454e-11
5.55112e-12
8.88178e-12
-1.22125e-11
-1.11022e-11
-3.33067e-12
-3.10862e-11
-3.33067e-11
-4.44089e-12
0
3.33067e-12
0
-3.33067e-12
0
3.33067e-12
-3.33067e-12
0
0
1.11022e-12
0
-4.44089e-12
0
1.11022e-12
3.33067e-12
0
-4.44089e-12
-1.44329e-11
-1.66533e-11
-2.22045e-12
-1.11022e-12
4.44089e-12
1.11022e-12
-1.11022e-12
0
-2.22045e-12
0
-1.11022e-12
2.22045e-12
0
0
3.33067e-12
-3.33067e-12
-2.22045e-12
0
2.10942e-11
2.33147e-11
1.11022e-12
0
0
1.11022e-12
2.22045e-12
-1.11022e-12
2.22045e-12
3.33067e-12
-4.44089e-12
-3.33067e-12
0
0
0
2.22045e-12
0
-2.22045e-12
0
2.22045e-12
0
-2.22045e-12
0
-1.11022e-12
2.22045e-12
0
-3.33067e-12
0
-1.11022e-12
0
1.11022e-12
-1.11022e-12
-1.11022e-12
0
1.11022e-12
0
-1.11022e-12
0
0
1.11022e-12
2.22045e-12
1.11022e-12
0
0
4.44089e-12
4.44089e-12
-4.44089e-12
0
2.22045e-12
-3.33067e-12
-3.33067e-12
0
1.11022e-12
0
-1.11022e-12
0
0
3.33067e-12
0
0
1.11022e-12
-2.22045e-12
2.22045e-12
3.33067e-12
-2.22045e-12
0
3.33067e-12
0
-3.33067e-12
0
3.33067e-12
-3.33067e-12
-3.33067e-12
0
1.11022e-12
0
-1.11022e-12
1.11022e-12
0
0
0
-1.11022e-12
-6.66134e-12
-2.66454e-11
1.9984e-11
5.55112e-11
0
0
8.88178e-12
-2.88658e-11
-1.44329e-11
1.22125e-11
-2.9976e-11
-1.11022e-12
4.55191e-11
0
-1.66533e-11
-3.55271e-11
9.99201e-12
0
1.06581e-10
1.42109e-10
-3.66374e-11
3.9968e-11
8.10463e-11
0
-5.55112e-12
0
-1.17684e-10
0
1.17684e-10
-9.4369e-11
-9.54792e-11
-2.22045e-11
4.21885e-11
1.11022e-12
-6.43929e-11
6.43929e-11
4.44089e-12
1.11022e-12
3.88578e-11
-2.44249e-11
-6.10623e-11
-1.44329e-11
7.21645e-11
0
-2.55351e-11
-5.55112e-12
-1.40998e-10
0
1.37668e-10
-1.21014e-10
-5.66214e-11
-1.66533e-11
0
1.11022e-12
-8.10463e-11
1.03251e-10
1.57652e-10
-1.66533e-11
-1.15463e-10
-4.10783e-11
-8.19345e-10
-8.28226e-10
5.32907e-11
-1.88738e-11
8.77076e-11
-8.88178e-12
-1.56541e-10
6.66134e-11
1.03251e-10
5.44009e-11
4.55191e-11
0
-1.55431e-10
0
5.44009e-11
-1.09912e-10
4.77396e-11
0
-6.32827e-11
4.66294e-11
-4.24716e-08
-4.31988e-08
-6.78346e-10
-7.77156e-12
-4.77396e-11
3.33067e-12
5.66214e-11
2.22045e-12
-5.66214e-11
-1.22125e-10
-4.66294e-11
1.79856e-10
8.88178e-12
0
-8.32667e-11
-7.77156e-11
1.15463e-10
-1.77636e-11
1.21014e-10
1.5099e-10
-1.19576e-06
-1.21658e-06
-2.10498e-08
-2.9643e-10
-4.88498e-11
0
1.46549e-10
1.46549e-10
-4.21885e-11
-6.32827e-11
5.10703e-11
0
-1.5099e-10
0
4.88498e-11
-8.10463e-11
1.22125e-11
2.22045e-12
6.50591e-10
7.27196e-10
-2.07645e-08
-2.11309e-08
-5.39568e-10
0
6.10623e-11
0
-5.44009e-11
-1.14353e-10
1.67644e-10
-3.33067e-11
-5.55112e-11
-1.77636e-11
6.43929e-11
-2.22045e-12
-1.82077e-10
1.44329e-11
7.77156e-12
4.15223e-10
2.15017e-08
2.1072e-08
)
;

boundaryField
{
    front
    {
        type            calculated;
        value           nonuniform List<scalar> 
20
(
-2.12097e-08
-2.14717e-08
-4.31877e-10
-1.09912e-10
6.21725e-11
9.21485e-11
1.25455e-10
-3.33067e-12
-5.88418e-11
-3.9968e-11
-1.17684e-10
1.33227e-11
0
-7.32747e-11
9.76996e-11
-1.9984e-11
3.33067e-12
4.67404e-10
2.11975e-08
2.08067e-08
)
;
    }
    back
    {
        type            calculated;
        value           nonuniform List<scalar> 
20
(
-2.07645e-08
-2.11309e-08
-5.39568e-10
0
6.10623e-11
0
-5.44009e-11
-1.14353e-10
1.67644e-10
-3.33067e-11
-5.55112e-11
-1.77636e-11
6.43929e-11
-2.22045e-12
-1.82077e-10
1.44329e-11
7.77156e-12
4.15223e-10
2.15017e-08
2.1072e-08
)
;
    }
    left
    {
        type            calculated;
        value           uniform 0;
    }
    right
    {
        type            calculated;
        value           uniform 0;
    }
    top
    {
        type            calculated;
        value           nonuniform List<scalar> 
400
(
-2.12097e-08
-4.56302e-10
-3.9968e-11
2.22045e-11
-4.10783e-11
-3.55271e-11
-1.9984e-11
-3.10862e-11
-1.44329e-11
1.11022e-12
0
0
2.22045e-12
-6.66134e-12
-3.66374e-11
-6.10623e-11
-8.19345e-10
-4.24716e-08
-1.19576e-06
-2.07645e-08
-2.14717e-08
-4.84057e-10
-8.88178e-12
3.33067e-12
-2.44249e-11
4.55191e-11
-2.10942e-11
-3.33067e-11
-1.66533e-11
0
-1.11022e-12
0
3.33067e-12
-2.66454e-11
3.9968e-11
-1.44329e-11
-8.28226e-10
-4.31988e-08
-1.21658e-06
-2.11309e-08
-4.31877e-10
-1.34337e-10
-9.99201e-12
-6.88338e-11
-6.66134e-12
0
-6.10623e-11
-4.44089e-12
-2.22045e-12
0
2.22045e-12
4.44089e-12
-2.22045e-12
1.9984e-11
8.10463e-11
7.21645e-11
5.32907e-11
-6.78346e-10
-2.10498e-08
-5.39568e-10
-1.09912e-10
-5.55112e-12
-7.10543e-11
3.33067e-11
-7.21645e-11
-5.44009e-11
-1.77636e-11
0
-1.11022e-12
1.11022e-12
0
4.44089e-12
0
5.55112e-11
0
0
-1.88738e-11
-7.77156e-12
-2.9643e-10
0
6.21725e-11
5.55112e-11
1.11022e-10
4.996e-11
0
2.33147e-11
5.10703e-11
3.33067e-12
4.44089e-12
2.22045e-12
-3.33067e-12
-4.44089e-12
3.33067e-12
0
-5.55112e-12
-2.55351e-11
8.77076e-11
-4.77396e-11
-4.88498e-11
6.10623e-11
9.21485e-11
5.10703e-11
7.10543e-11
-9.65894e-11
9.99201e-11
5.55112e-11
-2.44249e-11
0
1.11022e-12
-1.11022e-12
0
0
0
0
0
-5.55112e-12
-8.88178e-12
3.33067e-12
0
0
1.25455e-10
7.77156e-12
-2.77556e-11
1.09912e-10
1.26565e-10
4.32987e-11
1.44329e-11
-3.33067e-12
-1.11022e-12
2.22045e-12
-1.11022e-12
2.22045e-12
-3.33067e-12
8.88178e-12
-1.17684e-10
-1.40998e-10
-1.56541e-10
5.66214e-11
1.46549e-10
-5.44009e-11
-3.33067e-12
-9.54792e-11
0
6.88338e-11
-5.9952e-11
0
3.21965e-11
0
0
3.33067e-12
0
-3.33067e-12
0
-2.88658e-11
0
0
6.66134e-11
2.22045e-12
1.46549e-10
-1.14353e-10
-5.88418e-11
8.99281e-11
-2.88658e-11
-1.55431e-11
-1.04361e-10
-8.54872e-11
-4.44089e-12
3.33067e-12
-2.22045e-12
-4.44089e-12
1.11022e-12
-3.33067e-12
3.33067e-12
-1.44329e-11
1.17684e-10
1.37668e-10
1.03251e-10
-5.66214e-11
-4.21885e-11
1.67644e-10
-3.9968e-11
5.44009e-11
2.66454e-11
1.15463e-10
0
-2.33147e-11
-8.88178e-12
-3.33067e-12
0
-3.33067e-12
-1.11022e-12
0
-3.33067e-12
1.22125e-11
-9.4369e-11
-1.21014e-10
5.44009e-11
-1.22125e-10
-6.32827e-11
-3.33067e-11
-1.17684e-10
-1.42109e-10
-6.88338e-11
-9.65894e-11
1.06581e-10
6.77236e-11
7.77156e-12
0
-1.11022e-12
0
-1.11022e-12
1.11022e-12
-3.33067e-12
-2.9976e-11
-9.54792e-11
-5.66214e-11
4.55191e-11
-4.66294e-11
5.10703e-11
-5.55112e-11
1.33227e-11
1.77636e-11
1.88738e-11
-9.32587e-11
8.43769e-11
8.88178e-12
8.88178e-12
0
2.22045e-12
0
0
0
0
-1.11022e-12
-2.22045e-11
-1.66533e-11
0
1.79856e-10
0
-1.77636e-11
0
1.11022e-10
-1.11022e-12
0
0
0
0
1.11022e-12
0
0
1.11022e-12
-1.11022e-12
1.11022e-12
4.55191e-11
4.21885e-11
0
-1.55431e-10
8.88178e-12
-1.5099e-10
6.43929e-11
-7.32747e-11
-7.99361e-11
-1.52101e-10
7.43849e-11
1.11022e-11
0
2.22045e-12
0
0
2.22045e-12
0
0
0
0
1.11022e-12
1.11022e-12
0
0
0
-2.22045e-12
9.76996e-11
-6.99441e-11
1.04361e-10
1.09912e-10
-1.35447e-10
1.88738e-11
-2.66454e-11
-4.44089e-12
3.33067e-12
0
-1.11022e-12
0
-1.11022e-12
-1.66533e-11
-6.43929e-11
-8.10463e-11
5.44009e-11
-8.32667e-11
4.88498e-11
-1.82077e-10
-1.9984e-11
-3.9968e-11
6.99441e-11
4.44089e-12
7.77156e-12
2.55351e-11
5.55112e-12
0
-3.33067e-12
-2.22045e-12
0
3.33067e-12
1.11022e-12
-3.55271e-11
6.43929e-11
1.03251e-10
-1.09912e-10
-7.77156e-11
-8.10463e-11
1.44329e-11
3.33067e-12
3.05311e-10
-1.33227e-11
0
7.21645e-11
-9.99201e-12
8.88178e-12
1.11022e-12
-2.22045e-12
0
0
0
0
9.99201e-12
4.44089e-12
1.57652e-10
4.77396e-11
1.15463e-10
1.22125e-11
7.77156e-12
4.67404e-10
2.12319e-08
8.53762e-10
-9.32587e-11
-9.54792e-11
0
-1.22125e-11
3.33067e-12
0
2.22045e-12
1.11022e-12
0
0
0
1.11022e-12
-1.66533e-11
0
-1.77636e-11
2.22045e-12
4.15223e-10
2.11975e-08
1.21653e-06
4.3141e-08
6.57252e-10
2.66454e-11
7.88258e-11
-1.11022e-11
0
2.10942e-11
0
2.22045e-12
1.11022e-12
0
1.06581e-10
3.88578e-11
-1.15463e-10
-6.32827e-11
1.21014e-10
6.50591e-10
2.15017e-08
2.08067e-08
1.19565e-06
4.23572e-08
7.4829e-10
9.4369e-11
4.44089e-11
-3.33067e-12
-4.44089e-12
2.33147e-11
-2.22045e-12
1.11022e-12
-2.22045e-12
-1.11022e-12
1.42109e-10
-2.44249e-11
-4.10783e-11
4.66294e-11
1.5099e-10
7.27196e-10
2.1072e-08
)
;
    }
    bottom
    {
        type            calculated;
        value           nonuniform List<scalar> 
400
(
-2.12097e-08
-4.56302e-10
-3.9968e-11
2.22045e-11
-4.10783e-11
-3.55271e-11
-1.9984e-11
-3.10862e-11
-1.44329e-11
1.11022e-12
0
0
2.22045e-12
-6.66134e-12
-3.66374e-11
-6.10623e-11
-8.19345e-10
-4.24716e-08
-1.19576e-06
-2.07645e-08
-2.14717e-08
-4.84057e-10
-8.88178e-12
3.33067e-12
-2.44249e-11
4.55191e-11
-2.10942e-11
-3.33067e-11
-1.66533e-11
0
-1.11022e-12
0
3.33067e-12
-2.66454e-11
3.9968e-11
-1.44329e-11
-8.28226e-10
-4.31988e-08
-1.21658e-06
-2.11309e-08
-4.31877e-10
-1.34337e-10
-9.99201e-12
-6.88338e-11
-6.66134e-12
0
-6.10623e-11
-4.44089e-12
-2.22045e-12
0
2.22045e-12
4.44089e-12
-2.22045e-12
1.9984e-11
8.10463e-11
7.21645e-11
5.32907e-11
-6.78346e-10
-2.10498e-08
-5.39568e-10
-1.09912e-10
-5.55112e-12
-7.10543e-11
3.33067e-11
-7.21645e-11
-5.44009e-11
-1.77636e-11
0
-1.11022e-12
1.11022e-12
0
4.44089e-12
0
5.55112e-11
0
0
-1.88738e-11
-7.77156e-12
-2.9643e-10
0
6.21725e-11
5.55112e-11
1.11022e-10
4.996e-11
0
2.33147e-11
5.10703e-11
3.33067e-12
4.44089e-12
2.22045e-12
-3.33067e-12
-4.44089e-12
3.33067e-12
0
-5.55112e-12
-2.55351e-11
8.77076e-11
-4.77396e-11
-4.88498e-11
6.10623e-11
9.21485e-11
5.10703e-11
7.10543e-11
-9.65894e-11
9.99201e-11
5.55112e-11
-2.44249e-11
0
1.11022e-12
-1.11022e-12
0
0
0
0
0
-5.55112e-12
-8.88178e-12
3.33067e-12
0
0
1.25455e-10
7.77156e-12
-2.77556e-11
1.09912e-10
1.26565e-10
4.32987e-11
1.44329e-11
-3.33067e-12
-1.11022e-12
2.22045e-12
-1.11022e-12
2.22045e-12
-3.33067e-12
8.88178e-12
-1.17684e-10
-1.40998e-10
-1.56541e-10
5.66214e-11
1.46549e-10
-5.44009e-11
-3.33067e-12
-9.54792e-11
0
6.88338e-11
-5.9952e-11
0
3.21965e-11
0
0
3.33067e-12
0
-3.33067e-12
0
-2.88658e-11
0
0
6.66134e-11
2.22045e-12
1.46549e-10
-1.14353e-10
-5.88418e-11
8.99281e-11
-2.88658e-11
-1.55431e-11
-1.04361e-10
-8.54872e-11
-4.44089e-12
3.33067e-12
-2.22045e-12
-4.44089e-12
1.11022e-12
-3.33067e-12
3.33067e-12
-1.44329e-11
1.17684e-10
1.37668e-10
1.03251e-10
-5.66214e-11
-4.21885e-11
1.67644e-10
-3.9968e-11
5.44009e-11
2.66454e-11
1.15463e-10
0
-2.33147e-11
-8.88178e-12
-3.33067e-12
0
-3.33067e-12
-1.11022e-12
0
-3.33067e-12
1.22125e-11
-9.4369e-11
-1.21014e-10
5.44009e-11
-1.22125e-10
-6.32827e-11
-3.33067e-11
-1.17684e-10
-1.42109e-10
-6.88338e-11
-9.65894e-11
1.06581e-10
6.77236e-11
7.77156e-12
0
-1.11022e-12
0
-1.11022e-12
1.11022e-12
-3.33067e-12
-2.9976e-11
-9.54792e-11
-5.66214e-11
4.55191e-11
-4.66294e-11
5.10703e-11
-5.55112e-11
1.33227e-11
1.77636e-11
1.88738e-11
-9.32587e-11
8.43769e-11
8.88178e-12
8.88178e-12
0
2.22045e-12
0
0
0
0
-1.11022e-12
-2.22045e-11
-1.66533e-11
0
1.79856e-10
0
-1.77636e-11
0
1.11022e-10
-1.11022e-12
0
0
0
0
1.11022e-12
0
0
1.11022e-12
-1.11022e-12
1.11022e-12
4.55191e-11
4.21885e-11
0
-1.55431e-10
8.88178e-12
-1.5099e-10
6.43929e-11
-7.32747e-11
-7.99361e-11
-1.52101e-10
7.43849e-11
1.11022e-11
0
2.22045e-12
0
0
2.22045e-12
0
0
0
0
1.11022e-12
1.11022e-12
0
0
0
-2.22045e-12
9.76996e-11
-6.99441e-11
1.04361e-10
1.09912e-10
-1.35447e-10
1.88738e-11
-2.66454e-11
-4.44089e-12
3.33067e-12
0
-1.11022e-12
0
-1.11022e-12
-1.66533e-11
-6.43929e-11
-8.10463e-11
5.44009e-11
-8.32667e-11
4.88498e-11
-1.82077e-10
-1.9984e-11
-3.9968e-11
6.99441e-11
4.44089e-12
7.77156e-12
2.55351e-11
5.55112e-12
0
-3.33067e-12
-2.22045e-12
0
3.33067e-12
1.11022e-12
-3.55271e-11
6.43929e-11
1.03251e-10
-1.09912e-10
-7.77156e-11
-8.10463e-11
1.44329e-11
3.33067e-12
3.05311e-10
-1.33227e-11
0
7.21645e-11
-9.99201e-12
8.88178e-12
1.11022e-12
-2.22045e-12
0
0
0
0
9.99201e-12
4.44089e-12
1.57652e-10
4.77396e-11
1.15463e-10
1.22125e-11
7.77156e-12
4.67404e-10
2.12319e-08
8.53762e-10
-9.32587e-11
-9.54792e-11
0
-1.22125e-11
3.33067e-12
0
2.22045e-12
1.11022e-12
0
0
0
1.11022e-12
-1.66533e-11
0
-1.77636e-11
2.22045e-12
4.15223e-10
2.11975e-08
1.21653e-06
4.3141e-08
6.57252e-10
2.66454e-11
7.88258e-11
-1.11022e-11
0
2.10942e-11
0
2.22045e-12
1.11022e-12
0
1.06581e-10
3.88578e-11
-1.15463e-10
-6.32827e-11
1.21014e-10
6.50591e-10
2.15017e-08
2.08067e-08
1.19565e-06
4.23572e-08
7.4829e-10
9.4369e-11
4.44089e-11
-3.33067e-12
-4.44089e-12
2.33147e-11
-2.22045e-12
1.11022e-12
-2.22045e-12
-1.11022e-12
1.42109e-10
-2.44249e-11
-4.10783e-11
4.66294e-11
1.5099e-10
7.27196e-10
2.1072e-08
)
;
    }
}


// ************************************************************************* //
