/*--------------------------------*- C++ -*----------------------------------*\
  =========                 |
  \\      /  F ield         | OpenFOAM: The Open Source CFD Toolbox
   \\    /   O peration     | Website:  https://openfoam.org
    \\  /    A nd           | Version:  8
     \\/     M anipulation  |
\*---------------------------------------------------------------------------*/
FoamFile
{
    version     2.0;
    format      ascii;
    class       volScalarField;
    location    "2.5";
    object      gradTy;
}
// * * * * * * * * * * * * * * * * * * * * * * * * * * * * * * * * * * * * * //

dimensions      [0 -1 0 1 0 0 0];

internalField   nonuniform List<scalar> 
400
(
-5769.31
-5769.31
-5769.31
-5769.31
-5769.31
-5769.31
-5769.31
-5769.31
-5769.31
-5769.31
-5769.31
-5769.31
-5769.31
-5769.31
-5769.31
-5769.31
-5769.31
-5769.31
-5769.31
-5769.31
-226.133
-226.133
-226.133
-226.133
-226.133
-226.133
-226.133
-226.133
-226.133
-226.133
-226.133
-226.133
-226.133
-226.133
-226.133
-226.133
-226.133
-226.133
-226.133
-226.133
-4.50025
-4.50025
-4.50025
-4.50025
-4.50025
-4.50025
-4.50025
-4.50025
-4.50025
-4.50025
-4.50025
-4.50025
-4.50025
-4.50025
-4.50025
-4.50025
-4.50025
-4.50025
-4.50025
-4.50025
-0.060028
-0.060028
-0.060028
-0.060028
-0.060028
-0.060028
-0.060028
-0.060028
-0.060028
-0.060028
-0.060028
-0.060028
-0.060028
-0.060028
-0.060028
-0.060028
-0.060028
-0.060028
-0.060028
-0.0600281
-0.000602544
-0.000602544
-0.000602544
-0.000602544
-0.000602544
-0.000602544
-0.000602544
-0.000602544
-0.000602544
-0.000602544
-0.000602544
-0.000602544
-0.000602544
-0.000602544
-0.000602544
-0.000602544
-0.000602544
-0.000602544
-0.000602544
-0.000602545
-4.8514e-06
-4.85138e-06
-4.8514e-06
-4.85146e-06
-4.85135e-06
-4.85139e-06
-4.85149e-06
-4.8515e-06
-4.85138e-06
-4.85139e-06
-4.8514e-06
-4.8515e-06
-4.85147e-06
-4.8515e-06
-4.85148e-06
-4.8514e-06
-4.85148e-06
-4.85146e-06
-4.8514e-06
-4.85152e-06
-3.26228e-08
-3.26117e-08
-3.27072e-08
-3.26184e-08
-3.26406e-08
-3.26394e-08
-3.27094e-08
-3.26994e-08
-3.27083e-08
-3.25939e-08
-3.26827e-08
-3.26694e-08
-3.26972e-08
-3.26683e-08
-3.26994e-08
-3.26972e-08
-3.27283e-08
-3.2685e-08
-3.27249e-08
-3.2776e-08
-2.38698e-10
-2.27596e-10
-2.29816e-10
-1.40998e-10
-2.03171e-10
-2.09832e-10
-1.70974e-10
-2.39808e-10
-2.13163e-10
-2.28706e-10
-1.95399e-10
-2.4869e-10
-2.14273e-10
-2.4869e-10
-2.17604e-10
-1.93179e-10
-2.30926e-10
-2.16493e-10
-2.05391e-10
-1.72085e-10
-3.55271e-11
-5.55112e-12
-3.33067e-12
0
-1.11022e-12
-1.11022e-12
-3.33067e-12
5.55112e-12
0
-3.33067e-12
0
-3.33067e-12
0
-4.44089e-12
2.22045e-12
0
0
0
-2.22045e-12
0
-1.55431e-11
0
0
4.44089e-12
0
-3.33067e-12
0
-4.44089e-12
0
0
-1.11022e-12
0
-3.33067e-12
1.11022e-12
-3.33067e-12
-3.33067e-12
0
-1.11022e-12
1.11022e-12
-1.9984e-11
0
0
0
4.44089e-12
2.22045e-12
-1.11022e-12
3.33067e-12
-1.11022e-12
-3.33067e-12
0
0
1.11022e-12
0
0
-2.22045e-12
0
3.33067e-12
0
1.11022e-12
1.11022e-12
-2.22045e-12
0
2.22045e-12
-4.44089e-12
2.22045e-12
2.22045e-12
2.22045e-12
0
2.22045e-12
2.22045e-12
0
0
0
0
0
0
1.11022e-12
0
0
-2.22045e-12
1.92069e-10
1.83187e-10
1.60982e-10
2.08722e-10
2.44249e-10
2.14273e-10
2.44249e-10
2.32037e-10
1.94289e-10
2.05391e-10
2.16493e-10
1.58762e-10
2.16493e-10
2.26485e-10
2.16493e-10
2.0095e-10
1.63203e-10
2.16493e-10
1.63203e-10
3.40838e-10
3.26505e-08
3.2605e-08
3.26905e-08
3.27049e-08
3.26927e-08
3.26927e-08
3.26905e-08
3.25606e-08
3.26905e-08
3.26905e-08
3.2585e-08
3.2585e-08
3.25606e-08
3.26317e-08
3.25606e-08
3.25617e-08
3.26306e-08
3.25662e-08
3.26372e-08
3.26117e-08
4.85154e-06
4.85147e-06
4.85155e-06
4.85152e-06
4.85146e-06
4.8515e-06
4.85145e-06
4.85132e-06
4.85151e-06
4.8515e-06
4.85135e-06
4.85148e-06
4.85133e-06
4.85141e-06
4.85133e-06
4.85134e-06
4.8515e-06
4.85151e-06
4.85148e-06
4.85125e-06
0.000602545
0.000602544
0.000602544
0.000602544
0.000602544
0.000602544
0.000602544
0.000602544
0.000602544
0.000602544
0.000602544
0.000602544
0.000602544
0.000602544
0.000602544
0.000602544
0.000602544
0.000602544
0.000602544
0.000602544
0.0600281
0.060028
0.060028
0.060028
0.060028
0.060028
0.060028
0.060028
0.060028
0.060028
0.060028
0.060028
0.060028
0.060028
0.060028
0.060028
0.060028
0.060028
0.060028
0.060028
4.50025
4.50025
4.50025
4.50025
4.50025
4.50025
4.50025
4.50025
4.50025
4.50025
4.50025
4.50025
4.50025
4.50025
4.50025
4.50025
4.50025
4.50025
4.50025
4.50025
226.133
226.133
226.133
226.133
226.133
226.133
226.133
226.133
226.133
226.133
226.133
226.133
226.133
226.133
226.133
226.133
226.133
226.133
226.133
226.133
5769.31
5769.31
5769.31
5769.31
5769.31
5769.31
5769.31
5769.31
5769.31
5769.31
5769.31
5769.31
5769.31
5769.31
5769.31
5769.31
5769.31
5769.31
5769.31
5769.31
)
;

boundaryField
{
    front
    {
        type            calculated;
        value           nonuniform List<scalar> 
20
(
-11095.2
-11095.2
-11095.2
-11095.2
-11095.2
-11095.2
-11095.2
-11095.2
-11095.2
-11095.2
-11095.2
-11095.2
-11095.2
-11095.2
-11095.2
-11095.2
-11095.2
-11095.2
-11095.2
-11095.2
)
;
    }
    back
    {
        type            calculated;
        value           nonuniform List<scalar> 
20
(
11095.2
11095.2
11095.2
11095.2
11095.2
11095.2
11095.2
11095.2
11095.2
11095.2
11095.2
11095.2
11095.2
11095.2
11095.2
11095.2
11095.2
11095.2
11095.2
11095.2
)
;
    }
    left
    {
        type            calculated;
        value           nonuniform List<scalar> 
20
(
-5769.31
-226.133
-4.50025
-0.060028
-0.000602544
-4.8514e-06
-3.26228e-08
-2.38698e-10
-3.55271e-11
-1.55431e-11
0
-2.22045e-12
1.92069e-10
3.26505e-08
4.85154e-06
0.000602545
0.0600281
4.50025
226.133
5769.31
)
;
    }
    right
    {
        type            calculated;
        value           nonuniform List<scalar> 
20
(
-5769.31
-226.133
-4.50025
-0.0600281
-0.000602545
-4.85152e-06
-3.2776e-08
-1.72085e-10
0
-1.9984e-11
1.11022e-12
-2.22045e-12
3.40838e-10
3.26117e-08
4.85125e-06
0.000602544
0.060028
4.50025
226.133
5769.31
)
;
    }
    top
    {
        type            calculated;
        value           nonuniform List<scalar> 
400
(
-5769.31
-226.133
-4.50025
-0.060028
-0.000602544
-4.8514e-06
-3.26228e-08
-2.38698e-10
-3.55271e-11
-1.55431e-11
0
-2.22045e-12
1.92069e-10
3.26505e-08
4.85154e-06
0.000602545
0.0600281
4.50025
226.133
5769.31
-5769.31
-226.133
-4.50025
-0.060028
-0.000602544
-4.85138e-06
-3.26117e-08
-2.27596e-10
-5.55112e-12
0
0
0
1.83187e-10
3.2605e-08
4.85147e-06
0.000602544
0.060028
4.50025
226.133
5769.31
-5769.31
-226.133
-4.50025
-0.060028
-0.000602544
-4.8514e-06
-3.27072e-08
-2.29816e-10
-3.33067e-12
0
0
2.22045e-12
1.60982e-10
3.26905e-08
4.85155e-06
0.000602544
0.060028
4.50025
226.133
5769.31
-5769.31
-226.133
-4.50025
-0.060028
-0.000602544
-4.85146e-06
-3.26184e-08
-1.40998e-10
0
4.44089e-12
4.44089e-12
-4.44089e-12
2.08722e-10
3.27049e-08
4.85152e-06
0.000602544
0.060028
4.50025
226.133
5769.31
-5769.31
-226.133
-4.50025
-0.060028
-0.000602544
-4.85135e-06
-3.26406e-08
-2.03171e-10
-1.11022e-12
0
2.22045e-12
2.22045e-12
2.44249e-10
3.26927e-08
4.85146e-06
0.000602544
0.060028
4.50025
226.133
5769.31
-5769.31
-226.133
-4.50025
-0.060028
-0.000602544
-4.85139e-06
-3.26394e-08
-2.09832e-10
-1.11022e-12
-3.33067e-12
-1.11022e-12
2.22045e-12
2.14273e-10
3.26927e-08
4.8515e-06
0.000602544
0.060028
4.50025
226.133
5769.31
-5769.31
-226.133
-4.50025
-0.060028
-0.000602544
-4.85149e-06
-3.27094e-08
-1.70974e-10
-3.33067e-12
0
3.33067e-12
2.22045e-12
2.44249e-10
3.26905e-08
4.85145e-06
0.000602544
0.060028
4.50025
226.133
5769.31
-5769.31
-226.133
-4.50025
-0.060028
-0.000602544
-4.8515e-06
-3.26994e-08
-2.39808e-10
5.55112e-12
-4.44089e-12
-1.11022e-12
0
2.32037e-10
3.25606e-08
4.85132e-06
0.000602544
0.060028
4.50025
226.133
5769.31
-5769.31
-226.133
-4.50025
-0.060028
-0.000602544
-4.85138e-06
-3.27083e-08
-2.13163e-10
0
0
-3.33067e-12
2.22045e-12
1.94289e-10
3.26905e-08
4.85151e-06
0.000602544
0.060028
4.50025
226.133
5769.31
-5769.31
-226.133
-4.50025
-0.060028
-0.000602544
-4.85139e-06
-3.25939e-08
-2.28706e-10
-3.33067e-12
0
0
2.22045e-12
2.05391e-10
3.26905e-08
4.8515e-06
0.000602544
0.060028
4.50025
226.133
5769.31
-5769.31
-226.133
-4.50025
-0.060028
-0.000602544
-4.8514e-06
-3.26827e-08
-1.95399e-10
0
-1.11022e-12
0
0
2.16493e-10
3.2585e-08
4.85135e-06
0.000602544
0.060028
4.50025
226.133
5769.31
-5769.31
-226.133
-4.50025
-0.060028
-0.000602544
-4.8515e-06
-3.26694e-08
-2.4869e-10
-3.33067e-12
0
1.11022e-12
0
1.58762e-10
3.2585e-08
4.85148e-06
0.000602544
0.060028
4.50025
226.133
5769.31
-5769.31
-226.133
-4.50025
-0.060028
-0.000602544
-4.85147e-06
-3.26972e-08
-2.14273e-10
0
-3.33067e-12
0
0
2.16493e-10
3.25606e-08
4.85133e-06
0.000602544
0.060028
4.50025
226.133
5769.31
-5769.31
-226.133
-4.50025
-0.060028
-0.000602544
-4.8515e-06
-3.26683e-08
-2.4869e-10
-4.44089e-12
1.11022e-12
0
0
2.26485e-10
3.26317e-08
4.85141e-06
0.000602544
0.060028
4.50025
226.133
5769.31
-5769.31
-226.133
-4.50025
-0.060028
-0.000602544
-4.85148e-06
-3.26994e-08
-2.17604e-10
2.22045e-12
-3.33067e-12
-2.22045e-12
0
2.16493e-10
3.25606e-08
4.85133e-06
0.000602544
0.060028
4.50025
226.133
5769.31
-5769.31
-226.133
-4.50025
-0.060028
-0.000602544
-4.8514e-06
-3.26972e-08
-1.93179e-10
0
-3.33067e-12
0
0
2.0095e-10
3.25617e-08
4.85134e-06
0.000602544
0.060028
4.50025
226.133
5769.31
-5769.31
-226.133
-4.50025
-0.060028
-0.000602544
-4.85148e-06
-3.27283e-08
-2.30926e-10
0
0
3.33067e-12
1.11022e-12
1.63203e-10
3.26306e-08
4.8515e-06
0.000602544
0.060028
4.50025
226.133
5769.31
-5769.31
-226.133
-4.50025
-0.060028
-0.000602544
-4.85146e-06
-3.2685e-08
-2.16493e-10
0
-1.11022e-12
0
0
2.16493e-10
3.25662e-08
4.85151e-06
0.000602544
0.060028
4.50025
226.133
5769.31
-5769.31
-226.133
-4.50025
-0.060028
-0.000602544
-4.8514e-06
-3.27249e-08
-2.05391e-10
-2.22045e-12
1.11022e-12
1.11022e-12
0
1.63203e-10
3.26372e-08
4.85148e-06
0.000602544
0.060028
4.50025
226.133
5769.31
-5769.31
-226.133
-4.50025
-0.0600281
-0.000602545
-4.85152e-06
-3.2776e-08
-1.72085e-10
0
-1.9984e-11
1.11022e-12
-2.22045e-12
3.40838e-10
3.26117e-08
4.85125e-06
0.000602544
0.060028
4.50025
226.133
5769.31
)
;
    }
    bottom
    {
        type            calculated;
        value           nonuniform List<scalar> 
400
(
-5769.31
-226.133
-4.50025
-0.060028
-0.000602544
-4.8514e-06
-3.26228e-08
-2.38698e-10
-3.55271e-11
-1.55431e-11
0
-2.22045e-12
1.92069e-10
3.26505e-08
4.85154e-06
0.000602545
0.0600281
4.50025
226.133
5769.31
-5769.31
-226.133
-4.50025
-0.060028
-0.000602544
-4.85138e-06
-3.26117e-08
-2.27596e-10
-5.55112e-12
0
0
0
1.83187e-10
3.2605e-08
4.85147e-06
0.000602544
0.060028
4.50025
226.133
5769.31
-5769.31
-226.133
-4.50025
-0.060028
-0.000602544
-4.8514e-06
-3.27072e-08
-2.29816e-10
-3.33067e-12
0
0
2.22045e-12
1.60982e-10
3.26905e-08
4.85155e-06
0.000602544
0.060028
4.50025
226.133
5769.31
-5769.31
-226.133
-4.50025
-0.060028
-0.000602544
-4.85146e-06
-3.26184e-08
-1.40998e-10
0
4.44089e-12
4.44089e-12
-4.44089e-12
2.08722e-10
3.27049e-08
4.85152e-06
0.000602544
0.060028
4.50025
226.133
5769.31
-5769.31
-226.133
-4.50025
-0.060028
-0.000602544
-4.85135e-06
-3.26406e-08
-2.03171e-10
-1.11022e-12
0
2.22045e-12
2.22045e-12
2.44249e-10
3.26927e-08
4.85146e-06
0.000602544
0.060028
4.50025
226.133
5769.31
-5769.31
-226.133
-4.50025
-0.060028
-0.000602544
-4.85139e-06
-3.26394e-08
-2.09832e-10
-1.11022e-12
-3.33067e-12
-1.11022e-12
2.22045e-12
2.14273e-10
3.26927e-08
4.8515e-06
0.000602544
0.060028
4.50025
226.133
5769.31
-5769.31
-226.133
-4.50025
-0.060028
-0.000602544
-4.85149e-06
-3.27094e-08
-1.70974e-10
-3.33067e-12
0
3.33067e-12
2.22045e-12
2.44249e-10
3.26905e-08
4.85145e-06
0.000602544
0.060028
4.50025
226.133
5769.31
-5769.31
-226.133
-4.50025
-0.060028
-0.000602544
-4.8515e-06
-3.26994e-08
-2.39808e-10
5.55112e-12
-4.44089e-12
-1.11022e-12
0
2.32037e-10
3.25606e-08
4.85132e-06
0.000602544
0.060028
4.50025
226.133
5769.31
-5769.31
-226.133
-4.50025
-0.060028
-0.000602544
-4.85138e-06
-3.27083e-08
-2.13163e-10
0
0
-3.33067e-12
2.22045e-12
1.94289e-10
3.26905e-08
4.85151e-06
0.000602544
0.060028
4.50025
226.133
5769.31
-5769.31
-226.133
-4.50025
-0.060028
-0.000602544
-4.85139e-06
-3.25939e-08
-2.28706e-10
-3.33067e-12
0
0
2.22045e-12
2.05391e-10
3.26905e-08
4.8515e-06
0.000602544
0.060028
4.50025
226.133
5769.31
-5769.31
-226.133
-4.50025
-0.060028
-0.000602544
-4.8514e-06
-3.26827e-08
-1.95399e-10
0
-1.11022e-12
0
0
2.16493e-10
3.2585e-08
4.85135e-06
0.000602544
0.060028
4.50025
226.133
5769.31
-5769.31
-226.133
-4.50025
-0.060028
-0.000602544
-4.8515e-06
-3.26694e-08
-2.4869e-10
-3.33067e-12
0
1.11022e-12
0
1.58762e-10
3.2585e-08
4.85148e-06
0.000602544
0.060028
4.50025
226.133
5769.31
-5769.31
-226.133
-4.50025
-0.060028
-0.000602544
-4.85147e-06
-3.26972e-08
-2.14273e-10
0
-3.33067e-12
0
0
2.16493e-10
3.25606e-08
4.85133e-06
0.000602544
0.060028
4.50025
226.133
5769.31
-5769.31
-226.133
-4.50025
-0.060028
-0.000602544
-4.8515e-06
-3.26683e-08
-2.4869e-10
-4.44089e-12
1.11022e-12
0
0
2.26485e-10
3.26317e-08
4.85141e-06
0.000602544
0.060028
4.50025
226.133
5769.31
-5769.31
-226.133
-4.50025
-0.060028
-0.000602544
-4.85148e-06
-3.26994e-08
-2.17604e-10
2.22045e-12
-3.33067e-12
-2.22045e-12
0
2.16493e-10
3.25606e-08
4.85133e-06
0.000602544
0.060028
4.50025
226.133
5769.31
-5769.31
-226.133
-4.50025
-0.060028
-0.000602544
-4.8514e-06
-3.26972e-08
-1.93179e-10
0
-3.33067e-12
0
0
2.0095e-10
3.25617e-08
4.85134e-06
0.000602544
0.060028
4.50025
226.133
5769.31
-5769.31
-226.133
-4.50025
-0.060028
-0.000602544
-4.85148e-06
-3.27283e-08
-2.30926e-10
0
0
3.33067e-12
1.11022e-12
1.63203e-10
3.26306e-08
4.8515e-06
0.000602544
0.060028
4.50025
226.133
5769.31
-5769.31
-226.133
-4.50025
-0.060028
-0.000602544
-4.85146e-06
-3.2685e-08
-2.16493e-10
0
-1.11022e-12
0
0
2.16493e-10
3.25662e-08
4.85151e-06
0.000602544
0.060028
4.50025
226.133
5769.31
-5769.31
-226.133
-4.50025
-0.060028
-0.000602544
-4.8514e-06
-3.27249e-08
-2.05391e-10
-2.22045e-12
1.11022e-12
1.11022e-12
0
1.63203e-10
3.26372e-08
4.85148e-06
0.000602544
0.060028
4.50025
226.133
5769.31
-5769.31
-226.133
-4.50025
-0.0600281
-0.000602545
-4.85152e-06
-3.2776e-08
-1.72085e-10
0
-1.9984e-11
1.11022e-12
-2.22045e-12
3.40838e-10
3.26117e-08
4.85125e-06
0.000602544
0.060028
4.50025
226.133
5769.31
)
;
    }
}


// ************************************************************************* //
