/*--------------------------------*- C++ -*----------------------------------*\
  =========                 |
  \\      /  F ield         | OpenFOAM: The Open Source CFD Toolbox
   \\    /   O peration     | Website:  https://openfoam.org
    \\  /    A nd           | Version:  8
     \\/     M anipulation  |
\*---------------------------------------------------------------------------*/
FoamFile
{
    version     2.0;
    format      ascii;
    class       volScalarField;
    location    "0.9";
    object      gradTy;
}
// * * * * * * * * * * * * * * * * * * * * * * * * * * * * * * * * * * * * * //

dimensions      [0 -1 0 1 0 0 0];

internalField   nonuniform List<scalar> 
400
(
-5914.84
-5914.84
-5914.84
-5914.84
-5914.84
-5914.84
-5914.84
-5914.84
-5914.84
-5914.84
-5914.84
-5914.84
-5914.84
-5914.84
-5914.84
-5914.84
-5914.84
-5914.84
-5914.84
-5914.84
-84.5504
-84.5504
-84.5504
-84.5504
-84.5504
-84.5504
-84.5504
-84.5504
-84.5504
-84.5504
-84.5504
-84.5504
-84.5504
-84.5504
-84.5504
-84.5504
-84.5504
-84.5504
-84.5504
-84.5504
-0.610576
-0.610576
-0.610576
-0.610576
-0.610576
-0.610576
-0.610576
-0.610576
-0.610576
-0.610576
-0.610576
-0.610576
-0.610576
-0.610576
-0.610576
-0.610576
-0.610576
-0.610576
-0.610576
-0.610576
-0.00295928
-0.00295928
-0.00295928
-0.00295928
-0.00295928
-0.00295928
-0.00295928
-0.00295928
-0.00295928
-0.00295928
-0.00295928
-0.00295928
-0.00295928
-0.00295928
-0.00295928
-0.00295928
-0.00295928
-0.00295928
-0.00295928
-0.00295929
-1.08213e-05
-1.08213e-05
-1.08213e-05
-1.08213e-05
-1.08213e-05
-1.08213e-05
-1.08213e-05
-1.08214e-05
-1.08213e-05
-1.08214e-05
-1.08214e-05
-1.08213e-05
-1.08213e-05
-1.08213e-05
-1.08214e-05
-1.08214e-05
-1.08214e-05
-1.08214e-05
-1.08213e-05
-1.08214e-05
-3.18301e-08
-3.18268e-08
-3.18379e-08
-3.18301e-08
-3.18112e-08
-3.18312e-08
-3.18501e-08
-3.18756e-08
-3.18257e-08
-3.18379e-08
-3.18257e-08
-3.18723e-08
-3.18601e-08
-3.18723e-08
-3.18645e-08
-3.18257e-08
-3.18645e-08
-3.18545e-08
-3.18312e-08
-3.18601e-08
-4.77396e-11
-7.77156e-11
-9.54792e-11
-8.21565e-11
-8.32667e-11
-7.66054e-11
-9.54792e-11
-9.76996e-11
-9.54792e-11
-7.43849e-11
-9.21485e-11
-8.54872e-11
-9.76996e-11
-8.32667e-11
-9.76996e-11
-9.76996e-11
-1.0103e-10
-9.21485e-11
-9.65894e-11
-1.17684e-10
0
1.11022e-12
-1.11022e-12
0
-1.11022e-12
4.44089e-12
0
-1.11022e-12
0
-1.11022e-12
1.11022e-12
-3.33067e-12
3.33067e-12
-4.44089e-12
1.11022e-12
3.33067e-12
-5.55112e-12
1.11022e-12
0
2.22045e-11
-3.55271e-11
-5.55112e-12
-3.33067e-12
0
-1.11022e-12
-1.11022e-12
-3.33067e-12
5.55112e-12
0
-3.33067e-12
0
-3.33067e-12
0
-4.44089e-12
2.22045e-12
0
0
0
-2.22045e-12
0
-1.55431e-11
0
0
4.44089e-12
0
-3.33067e-12
0
-4.44089e-12
0
0
-1.11022e-12
0
-3.33067e-12
1.11022e-12
-3.33067e-12
-3.33067e-12
0
-1.11022e-12
1.11022e-12
-1.9984e-11
0
0
0
4.44089e-12
2.22045e-12
-1.11022e-12
3.33067e-12
-1.11022e-12
-3.33067e-12
0
0
1.11022e-12
0
0
-2.22045e-12
0
3.33067e-12
0
1.11022e-12
1.11022e-12
-2.22045e-12
0
2.22045e-12
-4.44089e-12
2.22045e-12
2.22045e-12
2.22045e-12
0
2.22045e-12
2.22045e-12
0
0
0
0
0
0
1.11022e-12
0
0
-2.22045e-12
0
0
0
-3.33067e-12
0
0
0
1.11022e-12
0
0
1.11022e-12
-1.11022e-12
1.11022e-12
1.11022e-12
1.11022e-12
0
-3.33067e-12
1.11022e-12
-3.33067e-12
9.4369e-11
8.43769e-11
7.54952e-11
9.4369e-11
9.76996e-11
9.4369e-11
9.4369e-11
9.4369e-11
6.10623e-11
9.4369e-11
9.4369e-11
7.54952e-11
7.54952e-11
6.10623e-11
7.99361e-11
6.10623e-11
6.10623e-11
8.10463e-11
6.10623e-11
8.10463e-11
7.66054e-11
3.18612e-08
3.18456e-08
3.18656e-08
3.18767e-08
3.18612e-08
3.18656e-08
3.18612e-08
3.18057e-08
3.18645e-08
3.18645e-08
3.18168e-08
3.18356e-08
3.1809e-08
3.18412e-08
3.1809e-08
3.18101e-08
3.18501e-08
3.18678e-08
3.18412e-08
3.17291e-08
1.08214e-05
1.08213e-05
1.08213e-05
1.08213e-05
1.08213e-05
1.08214e-05
1.08213e-05
1.08213e-05
1.08213e-05
1.08214e-05
1.08214e-05
1.08214e-05
1.08214e-05
1.08213e-05
1.08214e-05
1.08214e-05
1.08213e-05
1.08214e-05
1.08213e-05
1.08213e-05
0.00295929
0.00295928
0.00295928
0.00295928
0.00295928
0.00295928
0.00295928
0.00295928
0.00295928
0.00295928
0.00295928
0.00295928
0.00295928
0.00295928
0.00295928
0.00295928
0.00295928
0.00295928
0.00295928
0.00295928
0.610576
0.610576
0.610576
0.610576
0.610576
0.610576
0.610576
0.610576
0.610576
0.610576
0.610576
0.610576
0.610576
0.610576
0.610576
0.610576
0.610576
0.610576
0.610576
0.610576
84.5504
84.5504
84.5504
84.5504
84.5504
84.5504
84.5504
84.5504
84.5504
84.5504
84.5504
84.5504
84.5504
84.5504
84.5504
84.5504
84.5504
84.5504
84.5504
84.5504
5914.84
5914.84
5914.84
5914.84
5914.84
5914.84
5914.84
5914.84
5914.84
5914.84
5914.84
5914.84
5914.84
5914.84
5914.84
5914.84
5914.84
5914.84
5914.84
5914.84
)
;

boundaryField
{
    front
    {
        type            calculated;
        value           nonuniform List<scalar> 
20
(
-11661.8
-11661.8
-11661.8
-11661.8
-11661.8
-11661.8
-11661.8
-11661.8
-11661.8
-11661.8
-11661.8
-11661.8
-11661.8
-11661.8
-11661.8
-11661.8
-11661.8
-11661.8
-11661.8
-11661.8
)
;
    }
    back
    {
        type            calculated;
        value           nonuniform List<scalar> 
20
(
11661.8
11661.8
11661.8
11661.8
11661.8
11661.8
11661.8
11661.8
11661.8
11661.8
11661.8
11661.8
11661.8
11661.8
11661.8
11661.8
11661.8
11661.8
11661.8
11661.8
)
;
    }
    left
    {
        type            calculated;
        value           nonuniform List<scalar> 
20
(
-5914.84
-84.5504
-0.610576
-0.00295928
-1.08213e-05
-3.18301e-08
-4.77396e-11
0
-3.55271e-11
-1.55431e-11
0
-2.22045e-12
0
8.43769e-11
3.18612e-08
1.08214e-05
0.00295929
0.610576
84.5504
5914.84
)
;
    }
    right
    {
        type            calculated;
        value           nonuniform List<scalar> 
20
(
-5914.84
-84.5504
-0.610576
-0.00295929
-1.08214e-05
-3.18601e-08
-1.17684e-10
2.22045e-11
0
-1.9984e-11
1.11022e-12
-2.22045e-12
9.4369e-11
7.66054e-11
3.17291e-08
1.08213e-05
0.00295928
0.610576
84.5504
5914.84
)
;
    }
    top
    {
        type            calculated;
        value           nonuniform List<scalar> 
400
(
-5914.84
-84.5504
-0.610576
-0.00295928
-1.08213e-05
-3.18301e-08
-4.77396e-11
0
-3.55271e-11
-1.55431e-11
0
-2.22045e-12
0
8.43769e-11
3.18612e-08
1.08214e-05
0.00295929
0.610576
84.5504
5914.84
-5914.84
-84.5504
-0.610576
-0.00295928
-1.08213e-05
-3.18268e-08
-7.77156e-11
1.11022e-12
-5.55112e-12
0
0
0
0
7.54952e-11
3.18456e-08
1.08213e-05
0.00295928
0.610576
84.5504
5914.84
-5914.84
-84.5504
-0.610576
-0.00295928
-1.08213e-05
-3.18379e-08
-9.54792e-11
-1.11022e-12
-3.33067e-12
0
0
2.22045e-12
0
9.4369e-11
3.18656e-08
1.08213e-05
0.00295928
0.610576
84.5504
5914.84
-5914.84
-84.5504
-0.610576
-0.00295928
-1.08213e-05
-3.18301e-08
-8.21565e-11
0
0
4.44089e-12
4.44089e-12
-4.44089e-12
-3.33067e-12
9.76996e-11
3.18767e-08
1.08213e-05
0.00295928
0.610576
84.5504
5914.84
-5914.84
-84.5504
-0.610576
-0.00295928
-1.08213e-05
-3.18112e-08
-8.32667e-11
-1.11022e-12
-1.11022e-12
0
2.22045e-12
2.22045e-12
0
9.4369e-11
3.18612e-08
1.08213e-05
0.00295928
0.610576
84.5504
5914.84
-5914.84
-84.5504
-0.610576
-0.00295928
-1.08213e-05
-3.18312e-08
-7.66054e-11
4.44089e-12
-1.11022e-12
-3.33067e-12
-1.11022e-12
2.22045e-12
0
9.4369e-11
3.18656e-08
1.08214e-05
0.00295928
0.610576
84.5504
5914.84
-5914.84
-84.5504
-0.610576
-0.00295928
-1.08213e-05
-3.18501e-08
-9.54792e-11
0
-3.33067e-12
0
3.33067e-12
2.22045e-12
0
9.4369e-11
3.18612e-08
1.08213e-05
0.00295928
0.610576
84.5504
5914.84
-5914.84
-84.5504
-0.610576
-0.00295928
-1.08214e-05
-3.18756e-08
-9.76996e-11
-1.11022e-12
5.55112e-12
-4.44089e-12
-1.11022e-12
0
1.11022e-12
6.10623e-11
3.18057e-08
1.08213e-05
0.00295928
0.610576
84.5504
5914.84
-5914.84
-84.5504
-0.610576
-0.00295928
-1.08213e-05
-3.18257e-08
-9.54792e-11
0
0
0
-3.33067e-12
2.22045e-12
0
9.4369e-11
3.18645e-08
1.08213e-05
0.00295928
0.610576
84.5504
5914.84
-5914.84
-84.5504
-0.610576
-0.00295928
-1.08214e-05
-3.18379e-08
-7.43849e-11
-1.11022e-12
-3.33067e-12
0
0
2.22045e-12
0
9.4369e-11
3.18645e-08
1.08214e-05
0.00295928
0.610576
84.5504
5914.84
-5914.84
-84.5504
-0.610576
-0.00295928
-1.08214e-05
-3.18257e-08
-9.21485e-11
1.11022e-12
0
-1.11022e-12
0
0
1.11022e-12
7.54952e-11
3.18168e-08
1.08214e-05
0.00295928
0.610576
84.5504
5914.84
-5914.84
-84.5504
-0.610576
-0.00295928
-1.08213e-05
-3.18723e-08
-8.54872e-11
-3.33067e-12
-3.33067e-12
0
1.11022e-12
0
-1.11022e-12
7.54952e-11
3.18356e-08
1.08214e-05
0.00295928
0.610576
84.5504
5914.84
-5914.84
-84.5504
-0.610576
-0.00295928
-1.08213e-05
-3.18601e-08
-9.76996e-11
3.33067e-12
0
-3.33067e-12
0
0
1.11022e-12
6.10623e-11
3.1809e-08
1.08214e-05
0.00295928
0.610576
84.5504
5914.84
-5914.84
-84.5504
-0.610576
-0.00295928
-1.08213e-05
-3.18723e-08
-8.32667e-11
-4.44089e-12
-4.44089e-12
1.11022e-12
0
0
1.11022e-12
7.99361e-11
3.18412e-08
1.08213e-05
0.00295928
0.610576
84.5504
5914.84
-5914.84
-84.5504
-0.610576
-0.00295928
-1.08214e-05
-3.18645e-08
-9.76996e-11
1.11022e-12
2.22045e-12
-3.33067e-12
-2.22045e-12
0
1.11022e-12
6.10623e-11
3.1809e-08
1.08214e-05
0.00295928
0.610576
84.5504
5914.84
-5914.84
-84.5504
-0.610576
-0.00295928
-1.08214e-05
-3.18257e-08
-9.76996e-11
3.33067e-12
0
-3.33067e-12
0
0
0
6.10623e-11
3.18101e-08
1.08214e-05
0.00295928
0.610576
84.5504
5914.84
-5914.84
-84.5504
-0.610576
-0.00295928
-1.08214e-05
-3.18645e-08
-1.0103e-10
-5.55112e-12
0
0
3.33067e-12
1.11022e-12
-3.33067e-12
8.10463e-11
3.18501e-08
1.08213e-05
0.00295928
0.610576
84.5504
5914.84
-5914.84
-84.5504
-0.610576
-0.00295928
-1.08214e-05
-3.18545e-08
-9.21485e-11
1.11022e-12
0
-1.11022e-12
0
0
1.11022e-12
6.10623e-11
3.18678e-08
1.08214e-05
0.00295928
0.610576
84.5504
5914.84
-5914.84
-84.5504
-0.610576
-0.00295928
-1.08213e-05
-3.18312e-08
-9.65894e-11
0
-2.22045e-12
1.11022e-12
1.11022e-12
0
-3.33067e-12
8.10463e-11
3.18412e-08
1.08213e-05
0.00295928
0.610576
84.5504
5914.84
-5914.84
-84.5504
-0.610576
-0.00295929
-1.08214e-05
-3.18601e-08
-1.17684e-10
2.22045e-11
0
-1.9984e-11
1.11022e-12
-2.22045e-12
9.4369e-11
7.66054e-11
3.17291e-08
1.08213e-05
0.00295928
0.610576
84.5504
5914.84
)
;
    }
    bottom
    {
        type            calculated;
        value           nonuniform List<scalar> 
400
(
-5914.84
-84.5504
-0.610576
-0.00295928
-1.08213e-05
-3.18301e-08
-4.77396e-11
0
-3.55271e-11
-1.55431e-11
0
-2.22045e-12
0
8.43769e-11
3.18612e-08
1.08214e-05
0.00295929
0.610576
84.5504
5914.84
-5914.84
-84.5504
-0.610576
-0.00295928
-1.08213e-05
-3.18268e-08
-7.77156e-11
1.11022e-12
-5.55112e-12
0
0
0
0
7.54952e-11
3.18456e-08
1.08213e-05
0.00295928
0.610576
84.5504
5914.84
-5914.84
-84.5504
-0.610576
-0.00295928
-1.08213e-05
-3.18379e-08
-9.54792e-11
-1.11022e-12
-3.33067e-12
0
0
2.22045e-12
0
9.4369e-11
3.18656e-08
1.08213e-05
0.00295928
0.610576
84.5504
5914.84
-5914.84
-84.5504
-0.610576
-0.00295928
-1.08213e-05
-3.18301e-08
-8.21565e-11
0
0
4.44089e-12
4.44089e-12
-4.44089e-12
-3.33067e-12
9.76996e-11
3.18767e-08
1.08213e-05
0.00295928
0.610576
84.5504
5914.84
-5914.84
-84.5504
-0.610576
-0.00295928
-1.08213e-05
-3.18112e-08
-8.32667e-11
-1.11022e-12
-1.11022e-12
0
2.22045e-12
2.22045e-12
0
9.4369e-11
3.18612e-08
1.08213e-05
0.00295928
0.610576
84.5504
5914.84
-5914.84
-84.5504
-0.610576
-0.00295928
-1.08213e-05
-3.18312e-08
-7.66054e-11
4.44089e-12
-1.11022e-12
-3.33067e-12
-1.11022e-12
2.22045e-12
0
9.4369e-11
3.18656e-08
1.08214e-05
0.00295928
0.610576
84.5504
5914.84
-5914.84
-84.5504
-0.610576
-0.00295928
-1.08213e-05
-3.18501e-08
-9.54792e-11
0
-3.33067e-12
0
3.33067e-12
2.22045e-12
0
9.4369e-11
3.18612e-08
1.08213e-05
0.00295928
0.610576
84.5504
5914.84
-5914.84
-84.5504
-0.610576
-0.00295928
-1.08214e-05
-3.18756e-08
-9.76996e-11
-1.11022e-12
5.55112e-12
-4.44089e-12
-1.11022e-12
0
1.11022e-12
6.10623e-11
3.18057e-08
1.08213e-05
0.00295928
0.610576
84.5504
5914.84
-5914.84
-84.5504
-0.610576
-0.00295928
-1.08213e-05
-3.18257e-08
-9.54792e-11
0
0
0
-3.33067e-12
2.22045e-12
0
9.4369e-11
3.18645e-08
1.08213e-05
0.00295928
0.610576
84.5504
5914.84
-5914.84
-84.5504
-0.610576
-0.00295928
-1.08214e-05
-3.18379e-08
-7.43849e-11
-1.11022e-12
-3.33067e-12
0
0
2.22045e-12
0
9.4369e-11
3.18645e-08
1.08214e-05
0.00295928
0.610576
84.5504
5914.84
-5914.84
-84.5504
-0.610576
-0.00295928
-1.08214e-05
-3.18257e-08
-9.21485e-11
1.11022e-12
0
-1.11022e-12
0
0
1.11022e-12
7.54952e-11
3.18168e-08
1.08214e-05
0.00295928
0.610576
84.5504
5914.84
-5914.84
-84.5504
-0.610576
-0.00295928
-1.08213e-05
-3.18723e-08
-8.54872e-11
-3.33067e-12
-3.33067e-12
0
1.11022e-12
0
-1.11022e-12
7.54952e-11
3.18356e-08
1.08214e-05
0.00295928
0.610576
84.5504
5914.84
-5914.84
-84.5504
-0.610576
-0.00295928
-1.08213e-05
-3.18601e-08
-9.76996e-11
3.33067e-12
0
-3.33067e-12
0
0
1.11022e-12
6.10623e-11
3.1809e-08
1.08214e-05
0.00295928
0.610576
84.5504
5914.84
-5914.84
-84.5504
-0.610576
-0.00295928
-1.08213e-05
-3.18723e-08
-8.32667e-11
-4.44089e-12
-4.44089e-12
1.11022e-12
0
0
1.11022e-12
7.99361e-11
3.18412e-08
1.08213e-05
0.00295928
0.610576
84.5504
5914.84
-5914.84
-84.5504
-0.610576
-0.00295928
-1.08214e-05
-3.18645e-08
-9.76996e-11
1.11022e-12
2.22045e-12
-3.33067e-12
-2.22045e-12
0
1.11022e-12
6.10623e-11
3.1809e-08
1.08214e-05
0.00295928
0.610576
84.5504
5914.84
-5914.84
-84.5504
-0.610576
-0.00295928
-1.08214e-05
-3.18257e-08
-9.76996e-11
3.33067e-12
0
-3.33067e-12
0
0
0
6.10623e-11
3.18101e-08
1.08214e-05
0.00295928
0.610576
84.5504
5914.84
-5914.84
-84.5504
-0.610576
-0.00295928
-1.08214e-05
-3.18645e-08
-1.0103e-10
-5.55112e-12
0
0
3.33067e-12
1.11022e-12
-3.33067e-12
8.10463e-11
3.18501e-08
1.08213e-05
0.00295928
0.610576
84.5504
5914.84
-5914.84
-84.5504
-0.610576
-0.00295928
-1.08214e-05
-3.18545e-08
-9.21485e-11
1.11022e-12
0
-1.11022e-12
0
0
1.11022e-12
6.10623e-11
3.18678e-08
1.08214e-05
0.00295928
0.610576
84.5504
5914.84
-5914.84
-84.5504
-0.610576
-0.00295928
-1.08213e-05
-3.18312e-08
-9.65894e-11
0
-2.22045e-12
1.11022e-12
1.11022e-12
0
-3.33067e-12
8.10463e-11
3.18412e-08
1.08213e-05
0.00295928
0.610576
84.5504
5914.84
-5914.84
-84.5504
-0.610576
-0.00295929
-1.08214e-05
-3.18601e-08
-1.17684e-10
2.22045e-11
0
-1.9984e-11
1.11022e-12
-2.22045e-12
9.4369e-11
7.66054e-11
3.17291e-08
1.08213e-05
0.00295928
0.610576
84.5504
5914.84
)
;
    }
}


// ************************************************************************* //
