/*--------------------------------*- C++ -*----------------------------------*\
  =========                 |
  \\      /  F ield         | OpenFOAM: The Open Source CFD Toolbox
   \\    /   O peration     | Website:  https://openfoam.org
    \\  /    A nd           | Version:  8
     \\/     M anipulation  |
\*---------------------------------------------------------------------------*/
FoamFile
{
    version     2.0;
    format      ascii;
    class       volScalarField;
    location    "0.9";
    object      gradTz;
}
// * * * * * * * * * * * * * * * * * * * * * * * * * * * * * * * * * * * * * //

dimensions      [0 -1 0 1 0 0 0];

internalField   nonuniform List<scalar> 
400
(
0
0
0
0
0
0
0
0
0
0
0
0
0
0
0
0
0
0
0
0
0
0
0
0
0
0
0
0
0
0
0
-4.44089e-12
0
-4.44089e-12
0
0
-4.44089e-12
0
-4.44089e-12
0
0
0
0
0
0
0
0
0
0
0
0
0
0
0
0
0
0
0
0
0
0
0
0
0
-4.44089e-12
0
0
0
4.44089e-12
0
0
0
0
0
0
0
0
0
0
0
0
0
0
4.44089e-12
0
0
0
0
0
0
0
0
0
0
0
4.44089e-12
0
0
0
0
0
0
0
0
0
0
-4.44089e-12
0
-4.44089e-12
-4.44089e-12
0
0
0
0
-4.44089e-12
4.44089e-12
0
0
0
-4.44089e-12
0
0
0
0
0
4.44089e-12
0
0
4.44089e-12
0
0
0
0
0
-8.88178e-12
4.44089e-12
0
0
0
-4.44089e-12
0
0
0
0
0
0
0
0
0
0
0
0
0
0
0
0
0
0
0
0
0
0
0
-4.44089e-12
0
4.44089e-12
-4.44089e-12
0
0
-4.44089e-12
0
0
0
0
-4.44089e-12
4.44089e-12
0
0
0
-4.44089e-12
0
0
0
0
0
4.44089e-12
0
0
4.44089e-12
0
0
0
0
0
-8.88178e-12
4.44089e-12
0
0
0
-4.44089e-12
0
0
0
0
0
0
0
0
0
0
0
0
0
0
0
0
0
0
0
0
0
4.44089e-12
0
0
0
0
0
0
0
0
0
0
0
0
0
0
0
0
0
0
0
0
0
0
0
0
0
0
0
0
0
0
0
0
0
0
0
0
0
0
0
4.44089e-12
0
0
0
0
0
0
0
0
0
0
0
0
0
0
0
0
0
0
0
0
0
0
0
4.44089e-12
4.44089e-12
0
4.44089e-12
4.44089e-12
0
0
0
0
0
-4.44089e-12
0
0
0
0
0
0
0
0
-4.44089e-12
-4.44089e-12
-4.44089e-12
0
-4.44089e-12
-4.44089e-12
0
0
0
0
4.44089e-12
0
0
0
0
8.88178e-12
0
4.44089e-12
0
0
0
0
0
0
0
0
0
0
0
0
0
0
0
0
0
0
0
0
0
0
0
0
0
0
0
0
0
0
0
0
0
0
0
0
0
0
0
4.44089e-12
0
0
0
0
0
0
0
0
0
0
0
0
0
0
0
0
0
0
0
0
0
0
0
4.44089e-12
4.44089e-12
0
4.44089e-12
4.44089e-12
0
0
0
0
0
-4.44089e-12
0
0
0
0
)
;

boundaryField
{
    front
    {
        type            calculated;
        value           uniform 0;
    }
    back
    {
        type            calculated;
        value           nonuniform List<scalar> 
20
(
0
0
0
0
0
4.44089e-12
4.44089e-12
0
4.44089e-12
4.44089e-12
0
0
0
0
0
-4.44089e-12
0
0
0
0
)
;
    }
    left
    {
        type            calculated;
        value           uniform 0;
    }
    right
    {
        type            calculated;
        value           nonuniform List<scalar> 
20
(
0
0
0
0
0
-4.44089e-12
-4.44089e-12
0
-4.44089e-12
-4.44089e-12
0
0
0
0
0
8.88178e-12
0
0
0
0
)
;
    }
    top
    {
        type            calculated;
        value           uniform 0;
    }
    bottom
    {
        type            calculated;
        value           uniform 0;
    }
}


// ************************************************************************* //
