/*--------------------------------*- C++ -*----------------------------------*\
  =========                 |
  \\      /  F ield         | OpenFOAM: The Open Source CFD Toolbox
   \\    /   O peration     | Website:  https://openfoam.org
    \\  /    A nd           | Version:  8
     \\/     M anipulation  |
\*---------------------------------------------------------------------------*/
FoamFile
{
    version     2.0;
    format      ascii;
    class       volScalarField;
    location    "0.9";
    object      gradTx;
}
// * * * * * * * * * * * * * * * * * * * * * * * * * * * * * * * * * * * * * //

dimensions      [0 -1 0 1 0 0 0];

internalField   nonuniform List<scalar> 
400
(
-3.81584e-09
-3.83582e-09
-9.88098e-11
-4.88498e-11
2.9976e-11
4.21885e-11
4.996e-11
-3.33067e-12
-2.44249e-11
-2.10942e-11
-4.996e-11
8.88178e-12
1.11022e-12
-3.10862e-11
3.9968e-11
-5.55112e-12
0
2.10942e-11
3.81029e-09
3.81473e-09
-1.22125e-11
-2.10942e-11
-5.21805e-11
-2.22045e-12
2.55351e-11
1.88738e-11
-2.22045e-12
-3.88578e-11
4.10783e-11
1.9984e-11
-5.66214e-11
9.99201e-12
4.44089e-11
-3.21965e-11
-2.9976e-11
-1.66533e-11
3.55271e-11
3.81473e-09
5.29341e-07
5.2558e-07
-1.44329e-11
-5.55112e-12
-3.33067e-12
-2.44249e-11
4.44089e-11
2.44249e-11
-1.22125e-11
0
-1.11022e-11
9.99201e-12
-2.88658e-11
8.88178e-12
0
-6.32827e-11
4.10783e-11
2.9976e-11
-5.55112e-12
9.21485e-11
7.6783e-09
7.60725e-09
9.99201e-12
2.22045e-12
-3.21965e-11
1.33227e-11
2.44249e-11
-4.21885e-11
3.9968e-11
2.9976e-11
-5.55112e-12
4.996e-11
-3.66374e-11
-3.88578e-11
0
2.77556e-11
4.32987e-11
5.55112e-12
-1.11022e-12
-4.66294e-11
1.22125e-11
5.21805e-11
-1.55431e-11
-8.88178e-12
1.11022e-12
-2.88658e-11
0
3.88578e-11
4.996e-11
-2.44249e-11
-3.9968e-11
0
3.33067e-11
3.44169e-11
0
6.66134e-12
-4.88498e-11
3.33067e-12
3.10862e-11
-3.9968e-11
2.22045e-12
2.9976e-11
-2.22045e-12
1.44329e-11
2.22045e-12
-1.33227e-11
0
1.11022e-11
1.77636e-11
0
-2.10942e-11
-6.66134e-12
1.22125e-11
5.55112e-12
-1.11022e-12
0
8.88178e-12
3.33067e-12
-4.44089e-12
-1.11022e-12
2.66454e-11
1.77636e-11
-1.33227e-11
-1.55431e-11
-2.22045e-12
-2.22045e-12
1.11022e-12
-1.11022e-12
5.55112e-12
0
-2.22045e-12
-1.11022e-12
1.11022e-12
0
0
2.22045e-12
-3.33067e-12
2.22045e-12
0
-4.44089e-12
0
0
-3.10862e-11
-3.33067e-11
-4.44089e-12
0
3.33067e-12
0
-3.33067e-12
0
3.33067e-12
-3.33067e-12
0
0
1.11022e-12
0
-4.44089e-12
0
1.11022e-12
3.33067e-12
0
-4.44089e-12
-1.44329e-11
-1.66533e-11
-2.22045e-12
-1.11022e-12
4.44089e-12
1.11022e-12
-1.11022e-12
0
-2.22045e-12
0
-1.11022e-12
2.22045e-12
0
0
3.33067e-12
-3.33067e-12
-2.22045e-12
0
2.10942e-11
2.33147e-11
1.11022e-12
0
0
1.11022e-12
2.22045e-12
-1.11022e-12
2.22045e-12
3.33067e-12
-4.44089e-12
-3.33067e-12
0
0
0
2.22045e-12
0
-2.22045e-12
0
2.22045e-12
0
-2.22045e-12
0
-1.11022e-12
2.22045e-12
0
-3.33067e-12
0
-1.11022e-12
0
1.11022e-12
-1.11022e-12
-1.11022e-12
0
1.11022e-12
0
-1.11022e-12
0
0
1.11022e-12
2.22045e-12
1.11022e-12
0
0
4.44089e-12
4.44089e-12
-4.44089e-12
0
2.22045e-12
-3.33067e-12
-3.33067e-12
0
1.11022e-12
0
-1.11022e-12
0
0
3.33067e-12
0
0
1.11022e-12
-2.22045e-12
2.22045e-12
3.33067e-12
-2.22045e-12
0
3.33067e-12
0
-3.33067e-12
0
3.33067e-12
-3.33067e-12
-3.33067e-12
0
1.11022e-12
0
-1.11022e-12
1.11022e-12
0
0
0
-1.11022e-12
0
0
1.11022e-12
3.33067e-12
0
0
4.44089e-12
-4.44089e-12
-4.44089e-12
1.11022e-12
0
0
1.11022e-12
0
-1.11022e-12
0
1.11022e-12
-1.11022e-12
9.54792e-11
9.4369e-11
-6.66134e-12
1.44329e-11
1.77636e-11
0
0
0
-3.66374e-11
0
3.66374e-11
-2.22045e-11
-2.22045e-11
-1.33227e-11
5.55112e-12
0
-1.9984e-11
1.9984e-11
0
-1.11022e-12
1.44329e-11
-4.44089e-12
-1.55431e-11
4.44089e-12
3.21965e-11
0
-9.99201e-12
0
-5.77316e-11
0
5.55112e-11
-4.77396e-11
-2.9976e-11
-8.88178e-12
6.66134e-12
0
-3.21965e-11
4.10783e-11
5.77316e-11
-7.77156e-12
-4.32987e-11
-1.55431e-11
-8.77076e-11
-8.77076e-11
3.21965e-11
0
4.21885e-11
-5.55112e-12
-6.99441e-11
2.77556e-11
4.21885e-11
2.33147e-11
1.9984e-11
4.44089e-12
-6.21725e-11
0
2.10942e-11
-5.55112e-11
2.33147e-11
-1.11022e-12
-3.10862e-11
2.22045e-11
-7.6561e-09
-7.70384e-09
-1.9984e-11
0
-2.55351e-11
0
2.88658e-11
2.22045e-12
-2.9976e-11
-4.996e-11
-1.66533e-11
7.66054e-11
6.66134e-12
0
-3.77476e-11
-3.44169e-11
4.77396e-11
-4.44089e-12
4.88498e-11
5.88418e-11
-5.25625e-07
-5.2936e-07
-3.74811e-09
-3.88578e-11
-2.44249e-11
0
6.99441e-11
6.21725e-11
-2.22045e-11
-2.33147e-11
2.55351e-11
2.22045e-12
-6.88338e-11
0
2.44249e-11
-4.10783e-11
9.99201e-12
0
9.21485e-11
1.32117e-10
-3.79252e-09
-3.77698e-09
-6.55032e-11
0
3.10862e-11
0
-2.22045e-11
-4.996e-11
7.10543e-11
-1.22125e-11
-2.55351e-11
-8.88178e-12
2.44249e-11
-1.11022e-12
-7.54952e-11
4.44089e-12
4.44089e-12
8.99281e-11
3.85803e-09
3.76144e-09
)
;

boundaryField
{
    front
    {
        type            calculated;
        value           nonuniform List<scalar> 
20
(
-3.81584e-09
-3.83582e-09
-9.88098e-11
-4.88498e-11
2.9976e-11
4.21885e-11
4.996e-11
-3.33067e-12
-2.44249e-11
-2.10942e-11
-4.996e-11
8.88178e-12
1.11022e-12
-3.10862e-11
3.9968e-11
-5.55112e-12
0
2.10942e-11
3.81029e-09
3.81473e-09
)
;
    }
    back
    {
        type            calculated;
        value           nonuniform List<scalar> 
20
(
-3.79252e-09
-3.77698e-09
-6.55032e-11
0
3.10862e-11
0
-2.22045e-11
-4.996e-11
7.10543e-11
-1.22125e-11
-2.55351e-11
-8.88178e-12
2.44249e-11
-1.11022e-12
-7.54952e-11
4.44089e-12
4.44089e-12
8.99281e-11
3.85803e-09
3.76144e-09
)
;
    }
    left
    {
        type            calculated;
        value           uniform 0;
    }
    right
    {
        type            calculated;
        value           uniform 0;
    }
    top
    {
        type            calculated;
        value           nonuniform List<scalar> 
400
(
-3.81584e-09
-1.22125e-11
-1.44329e-11
9.99201e-12
-1.55431e-11
-2.22045e-12
-1.33227e-11
-3.10862e-11
-1.44329e-11
1.11022e-12
0
0
2.22045e-12
0
-6.66134e-12
-1.55431e-11
-8.77076e-11
-7.6561e-09
-5.25625e-07
-3.79252e-09
-3.83582e-09
-2.10942e-11
-5.55112e-12
2.22045e-12
-8.88178e-12
1.44329e-11
-1.55431e-11
-3.33067e-11
-1.66533e-11
0
-1.11022e-12
0
3.33067e-12
0
1.44329e-11
4.44089e-12
-8.77076e-11
-7.70384e-09
-5.2936e-07
-3.77698e-09
-9.88098e-11
-5.21805e-11
-3.33067e-12
-3.21965e-11
1.11022e-12
2.22045e-12
-2.22045e-12
-4.44089e-12
-2.22045e-12
0
2.22045e-12
4.44089e-12
-2.22045e-12
1.11022e-12
1.77636e-11
3.21965e-11
3.21965e-11
-1.9984e-11
-3.74811e-09
-6.55032e-11
-4.88498e-11
-2.22045e-12
-2.44249e-11
1.33227e-11
-2.88658e-11
-1.33227e-11
-2.22045e-12
0
-1.11022e-12
1.11022e-12
0
4.44089e-12
0
3.33067e-12
0
0
0
0
-3.88578e-11
0
2.9976e-11
2.55351e-11
4.44089e-11
2.44249e-11
0
0
1.11022e-12
3.33067e-12
4.44089e-12
2.22045e-12
-3.33067e-12
-4.44089e-12
3.33067e-12
0
0
-9.99201e-12
4.21885e-11
-2.55351e-11
-2.44249e-11
3.10862e-11
4.21885e-11
1.88738e-11
2.44249e-11
-4.21885e-11
3.88578e-11
1.11022e-11
-1.11022e-12
0
1.11022e-12
-1.11022e-12
0
0
0
0
0
0
-5.55112e-12
0
0
0
4.996e-11
-2.22045e-12
-1.22125e-11
3.9968e-11
4.996e-11
1.77636e-11
5.55112e-12
-3.33067e-12
-1.11022e-12
2.22045e-12
-1.11022e-12
2.22045e-12
-3.33067e-12
4.44089e-12
-3.66374e-11
-5.77316e-11
-6.99441e-11
2.88658e-11
6.99441e-11
-2.22045e-11
-3.33067e-12
-3.88578e-11
0
2.9976e-11
-2.44249e-11
0
0
0
0
3.33067e-12
0
-3.33067e-12
0
-4.44089e-12
0
0
2.77556e-11
2.22045e-12
6.21725e-11
-4.996e-11
-2.44249e-11
4.10783e-11
-1.11022e-11
-5.55112e-12
-3.9968e-11
-2.10942e-11
-2.22045e-12
3.33067e-12
-2.22045e-12
-4.44089e-12
1.11022e-12
-3.33067e-12
3.33067e-12
-4.44089e-12
3.66374e-11
5.55112e-11
4.21885e-11
-2.9976e-11
-2.22045e-11
7.10543e-11
-2.10942e-11
1.9984e-11
9.99201e-12
4.996e-11
0
-6.66134e-12
-1.11022e-12
-3.33067e-12
0
-3.33067e-12
-1.11022e-12
0
-3.33067e-12
1.11022e-12
-2.22045e-11
-4.77396e-11
2.33147e-11
-4.996e-11
-2.33147e-11
-1.22125e-11
-4.996e-11
-5.66214e-11
-2.88658e-11
-3.66374e-11
3.33067e-11
1.22125e-11
1.11022e-12
0
-1.11022e-12
0
-1.11022e-12
1.11022e-12
-3.33067e-12
0
-2.22045e-11
-2.9976e-11
1.9984e-11
-1.66533e-11
2.55351e-11
-2.55351e-11
8.88178e-12
9.99201e-12
8.88178e-12
-3.88578e-11
3.44169e-11
5.55112e-12
0
0
2.22045e-12
0
0
0
0
0
-1.33227e-11
-8.88178e-12
4.44089e-12
7.66054e-11
2.22045e-12
-8.88178e-12
1.11022e-12
4.44089e-11
0
0
0
-1.11022e-12
0
1.11022e-12
0
0
1.11022e-12
-1.11022e-12
1.11022e-12
1.11022e-12
5.55112e-12
6.66134e-12
-6.21725e-11
6.66134e-12
-6.88338e-11
2.44249e-11
-3.10862e-11
-3.21965e-11
-6.32827e-11
2.77556e-11
6.66134e-12
0
2.22045e-12
0
0
2.22045e-12
0
0
0
0
0
0
0
0
0
-1.11022e-12
3.9968e-11
-2.9976e-11
4.10783e-11
4.32987e-11
-4.88498e-11
8.88178e-12
-3.33067e-12
-4.44089e-12
3.33067e-12
0
-1.11022e-12
0
-1.11022e-12
-1.11022e-12
-1.9984e-11
-3.21965e-11
2.10942e-11
-3.77476e-11
2.44249e-11
-7.54952e-11
-5.55112e-12
-1.66533e-11
2.9976e-11
5.55112e-12
3.33067e-12
3.33067e-12
2.22045e-12
0
-3.33067e-12
-2.22045e-12
0
3.33067e-12
1.11022e-12
0
1.9984e-11
4.10783e-11
-5.55112e-11
-3.44169e-11
-4.10783e-11
4.44089e-12
0
3.55271e-11
-5.55112e-12
-1.11022e-12
3.10862e-11
-4.44089e-12
0
1.11022e-12
-2.22045e-12
0
0
0
0
1.11022e-12
0
5.77316e-11
2.33147e-11
4.77396e-11
9.99201e-12
4.44089e-12
2.10942e-11
3.81473e-09
9.21485e-11
-4.66294e-11
-3.9968e-11
-1.11022e-12
-4.44089e-12
3.33067e-12
0
2.22045e-12
1.11022e-12
0
0
-1.11022e-12
-1.11022e-12
-7.77156e-12
-1.11022e-12
-4.44089e-12
0
8.99281e-11
3.81029e-09
5.29341e-07
7.6783e-09
1.22125e-11
2.22045e-12
2.66454e-11
0
0
2.10942e-11
0
2.22045e-12
1.11022e-12
0
9.54792e-11
1.44329e-11
-4.32987e-11
-3.10862e-11
4.88498e-11
9.21485e-11
3.85803e-09
3.81473e-09
5.2558e-07
7.60725e-09
5.21805e-11
2.9976e-11
1.77636e-11
0
-4.44089e-12
2.33147e-11
-2.22045e-12
1.11022e-12
-2.22045e-12
-1.11022e-12
9.4369e-11
-4.44089e-12
-1.55431e-11
2.22045e-11
5.88418e-11
1.32117e-10
3.76144e-09
)
;
    }
    bottom
    {
        type            calculated;
        value           nonuniform List<scalar> 
400
(
-3.81584e-09
-1.22125e-11
-1.44329e-11
9.99201e-12
-1.55431e-11
-2.22045e-12
-1.33227e-11
-3.10862e-11
-1.44329e-11
1.11022e-12
0
0
2.22045e-12
0
-6.66134e-12
-1.55431e-11
-8.77076e-11
-7.6561e-09
-5.25625e-07
-3.79252e-09
-3.83582e-09
-2.10942e-11
-5.55112e-12
2.22045e-12
-8.88178e-12
1.44329e-11
-1.55431e-11
-3.33067e-11
-1.66533e-11
0
-1.11022e-12
0
3.33067e-12
0
1.44329e-11
4.44089e-12
-8.77076e-11
-7.70384e-09
-5.2936e-07
-3.77698e-09
-9.88098e-11
-5.21805e-11
-3.33067e-12
-3.21965e-11
1.11022e-12
2.22045e-12
-2.22045e-12
-4.44089e-12
-2.22045e-12
0
2.22045e-12
4.44089e-12
-2.22045e-12
1.11022e-12
1.77636e-11
3.21965e-11
3.21965e-11
-1.9984e-11
-3.74811e-09
-6.55032e-11
-4.88498e-11
-2.22045e-12
-2.44249e-11
1.33227e-11
-2.88658e-11
-1.33227e-11
-2.22045e-12
0
-1.11022e-12
1.11022e-12
0
4.44089e-12
0
3.33067e-12
0
0
0
0
-3.88578e-11
0
2.9976e-11
2.55351e-11
4.44089e-11
2.44249e-11
0
0
1.11022e-12
3.33067e-12
4.44089e-12
2.22045e-12
-3.33067e-12
-4.44089e-12
3.33067e-12
0
0
-9.99201e-12
4.21885e-11
-2.55351e-11
-2.44249e-11
3.10862e-11
4.21885e-11
1.88738e-11
2.44249e-11
-4.21885e-11
3.88578e-11
1.11022e-11
-1.11022e-12
0
1.11022e-12
-1.11022e-12
0
0
0
0
0
0
-5.55112e-12
0
0
0
4.996e-11
-2.22045e-12
-1.22125e-11
3.9968e-11
4.996e-11
1.77636e-11
5.55112e-12
-3.33067e-12
-1.11022e-12
2.22045e-12
-1.11022e-12
2.22045e-12
-3.33067e-12
4.44089e-12
-3.66374e-11
-5.77316e-11
-6.99441e-11
2.88658e-11
6.99441e-11
-2.22045e-11
-3.33067e-12
-3.88578e-11
0
2.9976e-11
-2.44249e-11
0
0
0
0
3.33067e-12
0
-3.33067e-12
0
-4.44089e-12
0
0
2.77556e-11
2.22045e-12
6.21725e-11
-4.996e-11
-2.44249e-11
4.10783e-11
-1.11022e-11
-5.55112e-12
-3.9968e-11
-2.10942e-11
-2.22045e-12
3.33067e-12
-2.22045e-12
-4.44089e-12
1.11022e-12
-3.33067e-12
3.33067e-12
-4.44089e-12
3.66374e-11
5.55112e-11
4.21885e-11
-2.9976e-11
-2.22045e-11
7.10543e-11
-2.10942e-11
1.9984e-11
9.99201e-12
4.996e-11
0
-6.66134e-12
-1.11022e-12
-3.33067e-12
0
-3.33067e-12
-1.11022e-12
0
-3.33067e-12
1.11022e-12
-2.22045e-11
-4.77396e-11
2.33147e-11
-4.996e-11
-2.33147e-11
-1.22125e-11
-4.996e-11
-5.66214e-11
-2.88658e-11
-3.66374e-11
3.33067e-11
1.22125e-11
1.11022e-12
0
-1.11022e-12
0
-1.11022e-12
1.11022e-12
-3.33067e-12
0
-2.22045e-11
-2.9976e-11
1.9984e-11
-1.66533e-11
2.55351e-11
-2.55351e-11
8.88178e-12
9.99201e-12
8.88178e-12
-3.88578e-11
3.44169e-11
5.55112e-12
0
0
2.22045e-12
0
0
0
0
0
-1.33227e-11
-8.88178e-12
4.44089e-12
7.66054e-11
2.22045e-12
-8.88178e-12
1.11022e-12
4.44089e-11
0
0
0
-1.11022e-12
0
1.11022e-12
0
0
1.11022e-12
-1.11022e-12
1.11022e-12
1.11022e-12
5.55112e-12
6.66134e-12
-6.21725e-11
6.66134e-12
-6.88338e-11
2.44249e-11
-3.10862e-11
-3.21965e-11
-6.32827e-11
2.77556e-11
6.66134e-12
0
2.22045e-12
0
0
2.22045e-12
0
0
0
0
0
0
0
0
0
-1.11022e-12
3.9968e-11
-2.9976e-11
4.10783e-11
4.32987e-11
-4.88498e-11
8.88178e-12
-3.33067e-12
-4.44089e-12
3.33067e-12
0
-1.11022e-12
0
-1.11022e-12
-1.11022e-12
-1.9984e-11
-3.21965e-11
2.10942e-11
-3.77476e-11
2.44249e-11
-7.54952e-11
-5.55112e-12
-1.66533e-11
2.9976e-11
5.55112e-12
3.33067e-12
3.33067e-12
2.22045e-12
0
-3.33067e-12
-2.22045e-12
0
3.33067e-12
1.11022e-12
0
1.9984e-11
4.10783e-11
-5.55112e-11
-3.44169e-11
-4.10783e-11
4.44089e-12
0
3.55271e-11
-5.55112e-12
-1.11022e-12
3.10862e-11
-4.44089e-12
0
1.11022e-12
-2.22045e-12
0
0
0
0
1.11022e-12
0
5.77316e-11
2.33147e-11
4.77396e-11
9.99201e-12
4.44089e-12
2.10942e-11
3.81473e-09
9.21485e-11
-4.66294e-11
-3.9968e-11
-1.11022e-12
-4.44089e-12
3.33067e-12
0
2.22045e-12
1.11022e-12
0
0
-1.11022e-12
-1.11022e-12
-7.77156e-12
-1.11022e-12
-4.44089e-12
0
8.99281e-11
3.81029e-09
5.29341e-07
7.6783e-09
1.22125e-11
2.22045e-12
2.66454e-11
0
0
2.10942e-11
0
2.22045e-12
1.11022e-12
0
9.54792e-11
1.44329e-11
-4.32987e-11
-3.10862e-11
4.88498e-11
9.21485e-11
3.85803e-09
3.81473e-09
5.2558e-07
7.60725e-09
5.21805e-11
2.9976e-11
1.77636e-11
0
-4.44089e-12
2.33147e-11
-2.22045e-12
1.11022e-12
-2.22045e-12
-1.11022e-12
9.4369e-11
-4.44089e-12
-1.55431e-11
2.22045e-11
5.88418e-11
1.32117e-10
3.76144e-09
)
;
    }
}


// ************************************************************************* //
