/*--------------------------------*- C++ -*----------------------------------*\
  =========                 |
  \\      /  F ield         | OpenFOAM: The Open Source CFD Toolbox
   \\    /   O peration     | Website:  https://openfoam.org
    \\  /    A nd           | Version:  8
     \\/     M anipulation  |
\*---------------------------------------------------------------------------*/
FoamFile
{
    version     2.0;
    format      ascii;
    class       volScalarField;
    location    "1.7";
    object      gradTx;
}
// * * * * * * * * * * * * * * * * * * * * * * * * * * * * * * * * * * * * * //

dimensions      [0 -1 0 1 0 0 0];

internalField   nonuniform List<scalar> 
400
(
-1.30151e-08
-1.31384e-08
-2.59792e-10
-8.88178e-11
4.88498e-11
6.99441e-11
9.65894e-11
-4.44089e-12
-4.55191e-11
-2.66454e-11
-9.21485e-11
8.88178e-12
0
-5.21805e-11
8.10463e-11
-2.10942e-11
0
2.15383e-10
1.30007e-08
1.28486e-08
-1.9762e-10
-2.18714e-10
-1.02141e-10
-2.22045e-12
4.44089e-11
3.9968e-11
5.55112e-12
-7.88258e-11
7.32747e-11
4.55191e-11
-1.09912e-10
1.33227e-11
8.65974e-11
-5.9952e-11
-5.55112e-11
-3.10862e-11
1.55431e-10
1.30262e-08
9.62553e-07
9.49716e-07
-3.21965e-11
-3.33067e-12
-7.77156e-12
-5.44009e-11
8.65974e-11
5.55112e-11
-2.22045e-11
0
-1.9984e-11
1.55431e-11
-5.88418e-11
2.22045e-11
-1.11022e-12
-1.19904e-10
8.32667e-11
5.32907e-11
-1.66533e-11
4.35207e-10
2.63622e-08
2.59726e-08
1.44329e-11
-4.44089e-12
-5.55112e-11
3.44169e-11
3.77476e-11
-7.77156e-11
8.21565e-11
5.44009e-11
-8.88178e-12
9.21485e-11
-7.54952e-11
-7.54952e-11
0
5.66214e-11
8.21565e-11
6.66134e-12
0
-7.88258e-11
2.81997e-10
3.55271e-10
-3.66374e-11
-2.44249e-11
-2.22045e-12
-5.44009e-11
0
7.88258e-11
9.54792e-11
-4.55191e-11
-7.99361e-11
-4.44089e-12
7.77156e-11
6.43929e-11
0
1.33227e-11
-1.04361e-10
3.33067e-12
5.66214e-11
-6.99441e-11
1.55431e-11
6.55032e-11
-2.44249e-11
3.10862e-11
0
-3.66374e-11
8.88178e-12
3.77476e-11
3.21965e-11
0
-5.9952e-11
-1.77636e-11
4.55191e-11
4.44089e-12
0
0
1.55431e-11
1.77636e-11
-4.44089e-12
0
6.10623e-11
3.9968e-11
-1.33227e-11
-1.55431e-11
-2.22045e-12
-2.22045e-12
1.11022e-12
-1.11022e-12
5.55112e-12
0
-2.22045e-12
-1.11022e-12
1.11022e-12
0
0
2.22045e-12
-3.33067e-12
2.22045e-12
0
-4.44089e-12
0
0
-3.10862e-11
-3.33067e-11
-4.44089e-12
0
3.33067e-12
0
-3.33067e-12
0
3.33067e-12
-3.33067e-12
0
0
1.11022e-12
0
-4.44089e-12
0
1.11022e-12
3.33067e-12
0
-4.44089e-12
-1.44329e-11
-1.66533e-11
-2.22045e-12
-1.11022e-12
4.44089e-12
1.11022e-12
-1.11022e-12
0
-2.22045e-12
0
-1.11022e-12
2.22045e-12
0
0
3.33067e-12
-3.33067e-12
-2.22045e-12
0
2.10942e-11
2.33147e-11
1.11022e-12
0
0
1.11022e-12
2.22045e-12
-1.11022e-12
2.22045e-12
3.33067e-12
-4.44089e-12
-3.33067e-12
0
0
0
2.22045e-12
0
-2.22045e-12
0
2.22045e-12
0
-2.22045e-12
0
-1.11022e-12
2.22045e-12
0
-3.33067e-12
0
-1.11022e-12
0
1.11022e-12
-1.11022e-12
-1.11022e-12
0
1.11022e-12
0
-1.11022e-12
0
0
1.11022e-12
2.22045e-12
1.11022e-12
0
0
4.44089e-12
4.44089e-12
-4.44089e-12
0
2.22045e-12
-3.33067e-12
-3.33067e-12
0
1.11022e-12
0
-1.11022e-12
0
0
3.33067e-12
0
0
1.11022e-12
-2.22045e-12
2.22045e-12
3.33067e-12
-2.22045e-12
0
3.33067e-12
0
-3.33067e-12
0
3.33067e-12
-3.33067e-12
-3.33067e-12
0
1.11022e-12
0
-1.11022e-12
1.11022e-12
0
0
0
-1.11022e-12
0
0
1.11022e-12
3.33067e-12
0
0
4.44089e-12
-4.44089e-12
-4.44089e-12
1.11022e-12
0
0
1.11022e-12
0
-1.11022e-12
0
1.11022e-12
-1.11022e-12
9.54792e-11
9.4369e-11
-2.9976e-11
2.44249e-11
5.55112e-11
0
-2.22045e-12
0
-8.32667e-11
0
8.32667e-11
-6.21725e-11
-6.43929e-11
-1.88738e-11
2.9976e-11
0
-4.996e-11
4.996e-11
5.55112e-12
-1.11022e-12
2.88658e-11
-1.66533e-11
-3.9968e-11
-1.11022e-12
5.44009e-11
0
-1.55431e-11
-3.33067e-12
-1.09912e-10
0
1.06581e-10
-9.54792e-11
-4.66294e-11
-1.22125e-11
2.22045e-12
0
-6.32827e-11
8.10463e-11
1.22125e-10
-1.55431e-11
-9.21485e-11
-3.33067e-11
-4.13003e-10
-4.16334e-10
4.66294e-11
-1.22125e-11
7.10543e-11
-7.77156e-12
-1.25455e-10
5.10703e-11
8.54872e-11
4.55191e-11
3.55271e-11
0
-1.25455e-10
0
4.44089e-11
-8.77076e-11
3.77476e-11
0
-5.10703e-11
3.55271e-11
-2.60614e-08
-2.64044e-08
-3.0087e-10
-2.22045e-12
-4.10783e-11
0
5.10703e-11
3.33067e-12
-4.88498e-11
-9.54792e-11
-3.44169e-11
1.45439e-10
3.33067e-12
-1.11022e-12
-6.43929e-11
-6.32827e-11
9.21485e-11
-1.55431e-11
9.21485e-11
1.18794e-10
-9.49809e-07
-9.62594e-07
-1.28864e-08
-1.55431e-10
-3.77476e-11
0
1.17684e-10
1.14353e-10
-3.55271e-11
-4.996e-11
4.32987e-11
2.22045e-12
-1.17684e-10
0
3.9968e-11
-6.10623e-11
6.66134e-12
0
3.5083e-10
4.10783e-10
-1.28164e-08
-1.29508e-08
-2.73115e-10
0
4.996e-11
0
-4.32987e-11
-8.99281e-11
1.32117e-10
-2.44249e-11
-4.21885e-11
-1.88738e-11
5.21805e-11
0
-1.46549e-10
1.11022e-11
5.55112e-12
2.4758e-10
1.31672e-08
1.29086e-08
)
;

boundaryField
{
    front
    {
        type            calculated;
        value           nonuniform List<scalar> 
20
(
-1.30151e-08
-1.31384e-08
-2.59792e-10
-8.88178e-11
4.88498e-11
6.99441e-11
9.65894e-11
-4.44089e-12
-4.55191e-11
-2.66454e-11
-9.21485e-11
8.88178e-12
0
-5.21805e-11
8.10463e-11
-2.10942e-11
0
2.15383e-10
1.30007e-08
1.28486e-08
)
;
    }
    back
    {
        type            calculated;
        value           nonuniform List<scalar> 
20
(
-1.28164e-08
-1.29508e-08
-2.73115e-10
0
4.996e-11
0
-4.32987e-11
-8.99281e-11
1.32117e-10
-2.44249e-11
-4.21885e-11
-1.88738e-11
5.21805e-11
0
-1.46549e-10
1.11022e-11
5.55112e-12
2.4758e-10
1.31672e-08
1.29086e-08
)
;
    }
    left
    {
        type            calculated;
        value           uniform 0;
    }
    right
    {
        type            calculated;
        value           uniform 0;
    }
    top
    {
        type            calculated;
        value           nonuniform List<scalar> 
400
(
-1.30151e-08
-1.9762e-10
-3.21965e-11
1.44329e-11
-3.66374e-11
-2.44249e-11
-1.33227e-11
-3.10862e-11
-1.44329e-11
1.11022e-12
0
0
2.22045e-12
0
-2.9976e-11
-3.9968e-11
-4.13003e-10
-2.60614e-08
-9.49809e-07
-1.28164e-08
-1.31384e-08
-2.18714e-10
-3.33067e-12
-4.44089e-12
-2.44249e-11
3.10862e-11
-1.55431e-11
-3.33067e-11
-1.66533e-11
0
-1.11022e-12
0
3.33067e-12
0
2.44249e-11
-1.11022e-12
-4.16334e-10
-2.64044e-08
-9.62594e-07
-1.29508e-08
-2.59792e-10
-1.02141e-10
-7.77156e-12
-5.55112e-11
-2.22045e-12
0
-2.22045e-12
-4.44089e-12
-2.22045e-12
0
2.22045e-12
4.44089e-12
-2.22045e-12
1.11022e-12
5.55112e-11
5.44009e-11
4.66294e-11
-3.0087e-10
-1.28864e-08
-2.73115e-10
-8.88178e-11
-2.22045e-12
-5.44009e-11
3.44169e-11
-5.44009e-11
-3.66374e-11
-2.22045e-12
0
-1.11022e-12
1.11022e-12
0
4.44089e-12
0
3.33067e-12
0
0
-1.22125e-11
-2.22045e-12
-1.55431e-10
0
4.88498e-11
4.44089e-11
8.65974e-11
3.77476e-11
0
8.88178e-12
1.11022e-12
3.33067e-12
4.44089e-12
2.22045e-12
-3.33067e-12
-4.44089e-12
3.33067e-12
0
-2.22045e-12
-1.55431e-11
7.10543e-11
-4.10783e-11
-3.77476e-11
4.996e-11
6.99441e-11
3.9968e-11
5.55112e-11
-7.77156e-11
7.88258e-11
3.77476e-11
-1.11022e-12
0
1.11022e-12
-1.11022e-12
0
0
0
0
0
-3.33067e-12
-7.77156e-12
0
0
0
9.65894e-11
5.55112e-12
-2.22045e-11
8.21565e-11
9.54792e-11
3.21965e-11
5.55112e-12
-3.33067e-12
-1.11022e-12
2.22045e-12
-1.11022e-12
2.22045e-12
-3.33067e-12
4.44089e-12
-8.32667e-11
-1.09912e-10
-1.25455e-10
5.10703e-11
1.17684e-10
-4.32987e-11
-4.44089e-12
-7.88258e-11
0
5.44009e-11
-4.55191e-11
0
0
0
0
3.33067e-12
0
-3.33067e-12
0
-4.44089e-12
0
0
5.10703e-11
3.33067e-12
1.14353e-10
-8.99281e-11
-4.55191e-11
7.32747e-11
-1.9984e-11
-8.88178e-12
-7.99361e-11
-5.9952e-11
-2.22045e-12
3.33067e-12
-2.22045e-12
-4.44089e-12
1.11022e-12
-3.33067e-12
3.33067e-12
-4.44089e-12
8.32667e-11
1.06581e-10
8.54872e-11
-4.88498e-11
-3.55271e-11
1.32117e-10
-2.66454e-11
4.55191e-11
1.55431e-11
9.21485e-11
-4.44089e-12
-1.77636e-11
-1.11022e-12
-3.33067e-12
0
-3.33067e-12
-1.11022e-12
0
-3.33067e-12
1.11022e-12
-6.21725e-11
-9.54792e-11
4.55191e-11
-9.54792e-11
-4.996e-11
-2.44249e-11
-9.21485e-11
-1.09912e-10
-5.88418e-11
-7.54952e-11
7.77156e-11
4.55191e-11
1.11022e-12
0
-1.11022e-12
0
-1.11022e-12
1.11022e-12
-3.33067e-12
0
-6.43929e-11
-4.66294e-11
3.55271e-11
-3.44169e-11
4.32987e-11
-4.21885e-11
8.88178e-12
1.33227e-11
2.22045e-11
-7.54952e-11
6.43929e-11
4.44089e-12
0
0
2.22045e-12
0
0
0
0
0
-1.88738e-11
-1.22125e-11
0
1.45439e-10
2.22045e-12
-1.88738e-11
0
8.65974e-11
-1.11022e-12
0
0
0
0
1.11022e-12
0
0
1.11022e-12
-1.11022e-12
1.11022e-12
1.11022e-12
2.9976e-11
2.22045e-12
-1.25455e-10
3.33067e-12
-1.17684e-10
5.21805e-11
-5.21805e-11
-5.9952e-11
-1.19904e-10
5.66214e-11
1.33227e-11
0
2.22045e-12
0
0
2.22045e-12
0
0
0
0
0
0
0
-1.11022e-12
0
0
8.10463e-11
-5.55112e-11
8.32667e-11
8.21565e-11
-1.04361e-10
1.55431e-11
-3.33067e-12
-4.44089e-12
3.33067e-12
0
-1.11022e-12
0
-1.11022e-12
-1.11022e-12
-4.996e-11
-6.32827e-11
4.44089e-11
-6.43929e-11
3.9968e-11
-1.46549e-10
-2.10942e-11
-3.10862e-11
5.32907e-11
6.66134e-12
3.33067e-12
1.77636e-11
2.22045e-12
0
-3.33067e-12
-2.22045e-12
0
3.33067e-12
1.11022e-12
0
4.996e-11
8.10463e-11
-8.77076e-11
-6.32827e-11
-6.10623e-11
1.11022e-11
0
1.55431e-10
-1.66533e-11
0
5.66214e-11
-4.44089e-12
0
1.11022e-12
-2.22045e-12
0
0
0
0
1.11022e-12
5.55112e-12
1.22125e-10
3.77476e-11
9.21485e-11
6.66134e-12
5.55112e-12
2.15383e-10
1.30262e-08
4.35207e-10
-7.88258e-11
-6.99441e-11
0
-4.44089e-12
3.33067e-12
0
2.22045e-12
1.11022e-12
0
0
-1.11022e-12
-1.11022e-12
-1.55431e-11
0
-1.55431e-11
0
2.4758e-10
1.30007e-08
9.62553e-07
2.63622e-08
2.81997e-10
1.55431e-11
6.10623e-11
0
0
2.10942e-11
0
2.22045e-12
1.11022e-12
0
9.54792e-11
2.88658e-11
-9.21485e-11
-5.10703e-11
9.21485e-11
3.5083e-10
1.31672e-08
1.28486e-08
9.49716e-07
2.59726e-08
3.55271e-10
6.55032e-11
3.9968e-11
0
-4.44089e-12
2.33147e-11
-2.22045e-12
1.11022e-12
-2.22045e-12
-1.11022e-12
9.4369e-11
-1.66533e-11
-3.33067e-11
3.55271e-11
1.18794e-10
4.10783e-10
1.29086e-08
)
;
    }
    bottom
    {
        type            calculated;
        value           nonuniform List<scalar> 
400
(
-1.30151e-08
-1.9762e-10
-3.21965e-11
1.44329e-11
-3.66374e-11
-2.44249e-11
-1.33227e-11
-3.10862e-11
-1.44329e-11
1.11022e-12
0
0
2.22045e-12
0
-2.9976e-11
-3.9968e-11
-4.13003e-10
-2.60614e-08
-9.49809e-07
-1.28164e-08
-1.31384e-08
-2.18714e-10
-3.33067e-12
-4.44089e-12
-2.44249e-11
3.10862e-11
-1.55431e-11
-3.33067e-11
-1.66533e-11
0
-1.11022e-12
0
3.33067e-12
0
2.44249e-11
-1.11022e-12
-4.16334e-10
-2.64044e-08
-9.62594e-07
-1.29508e-08
-2.59792e-10
-1.02141e-10
-7.77156e-12
-5.55112e-11
-2.22045e-12
0
-2.22045e-12
-4.44089e-12
-2.22045e-12
0
2.22045e-12
4.44089e-12
-2.22045e-12
1.11022e-12
5.55112e-11
5.44009e-11
4.66294e-11
-3.0087e-10
-1.28864e-08
-2.73115e-10
-8.88178e-11
-2.22045e-12
-5.44009e-11
3.44169e-11
-5.44009e-11
-3.66374e-11
-2.22045e-12
0
-1.11022e-12
1.11022e-12
0
4.44089e-12
0
3.33067e-12
0
0
-1.22125e-11
-2.22045e-12
-1.55431e-10
0
4.88498e-11
4.44089e-11
8.65974e-11
3.77476e-11
0
8.88178e-12
1.11022e-12
3.33067e-12
4.44089e-12
2.22045e-12
-3.33067e-12
-4.44089e-12
3.33067e-12
0
-2.22045e-12
-1.55431e-11
7.10543e-11
-4.10783e-11
-3.77476e-11
4.996e-11
6.99441e-11
3.9968e-11
5.55112e-11
-7.77156e-11
7.88258e-11
3.77476e-11
-1.11022e-12
0
1.11022e-12
-1.11022e-12
0
0
0
0
0
-3.33067e-12
-7.77156e-12
0
0
0
9.65894e-11
5.55112e-12
-2.22045e-11
8.21565e-11
9.54792e-11
3.21965e-11
5.55112e-12
-3.33067e-12
-1.11022e-12
2.22045e-12
-1.11022e-12
2.22045e-12
-3.33067e-12
4.44089e-12
-8.32667e-11
-1.09912e-10
-1.25455e-10
5.10703e-11
1.17684e-10
-4.32987e-11
-4.44089e-12
-7.88258e-11
0
5.44009e-11
-4.55191e-11
0
0
0
0
3.33067e-12
0
-3.33067e-12
0
-4.44089e-12
0
0
5.10703e-11
3.33067e-12
1.14353e-10
-8.99281e-11
-4.55191e-11
7.32747e-11
-1.9984e-11
-8.88178e-12
-7.99361e-11
-5.9952e-11
-2.22045e-12
3.33067e-12
-2.22045e-12
-4.44089e-12
1.11022e-12
-3.33067e-12
3.33067e-12
-4.44089e-12
8.32667e-11
1.06581e-10
8.54872e-11
-4.88498e-11
-3.55271e-11
1.32117e-10
-2.66454e-11
4.55191e-11
1.55431e-11
9.21485e-11
-4.44089e-12
-1.77636e-11
-1.11022e-12
-3.33067e-12
0
-3.33067e-12
-1.11022e-12
0
-3.33067e-12
1.11022e-12
-6.21725e-11
-9.54792e-11
4.55191e-11
-9.54792e-11
-4.996e-11
-2.44249e-11
-9.21485e-11
-1.09912e-10
-5.88418e-11
-7.54952e-11
7.77156e-11
4.55191e-11
1.11022e-12
0
-1.11022e-12
0
-1.11022e-12
1.11022e-12
-3.33067e-12
0
-6.43929e-11
-4.66294e-11
3.55271e-11
-3.44169e-11
4.32987e-11
-4.21885e-11
8.88178e-12
1.33227e-11
2.22045e-11
-7.54952e-11
6.43929e-11
4.44089e-12
0
0
2.22045e-12
0
0
0
0
0
-1.88738e-11
-1.22125e-11
0
1.45439e-10
2.22045e-12
-1.88738e-11
0
8.65974e-11
-1.11022e-12
0
0
0
0
1.11022e-12
0
0
1.11022e-12
-1.11022e-12
1.11022e-12
1.11022e-12
2.9976e-11
2.22045e-12
-1.25455e-10
3.33067e-12
-1.17684e-10
5.21805e-11
-5.21805e-11
-5.9952e-11
-1.19904e-10
5.66214e-11
1.33227e-11
0
2.22045e-12
0
0
2.22045e-12
0
0
0
0
0
0
0
-1.11022e-12
0
0
8.10463e-11
-5.55112e-11
8.32667e-11
8.21565e-11
-1.04361e-10
1.55431e-11
-3.33067e-12
-4.44089e-12
3.33067e-12
0
-1.11022e-12
0
-1.11022e-12
-1.11022e-12
-4.996e-11
-6.32827e-11
4.44089e-11
-6.43929e-11
3.9968e-11
-1.46549e-10
-2.10942e-11
-3.10862e-11
5.32907e-11
6.66134e-12
3.33067e-12
1.77636e-11
2.22045e-12
0
-3.33067e-12
-2.22045e-12
0
3.33067e-12
1.11022e-12
0
4.996e-11
8.10463e-11
-8.77076e-11
-6.32827e-11
-6.10623e-11
1.11022e-11
0
1.55431e-10
-1.66533e-11
0
5.66214e-11
-4.44089e-12
0
1.11022e-12
-2.22045e-12
0
0
0
0
1.11022e-12
5.55112e-12
1.22125e-10
3.77476e-11
9.21485e-11
6.66134e-12
5.55112e-12
2.15383e-10
1.30262e-08
4.35207e-10
-7.88258e-11
-6.99441e-11
0
-4.44089e-12
3.33067e-12
0
2.22045e-12
1.11022e-12
0
0
-1.11022e-12
-1.11022e-12
-1.55431e-11
0
-1.55431e-11
0
2.4758e-10
1.30007e-08
9.62553e-07
2.63622e-08
2.81997e-10
1.55431e-11
6.10623e-11
0
0
2.10942e-11
0
2.22045e-12
1.11022e-12
0
9.54792e-11
2.88658e-11
-9.21485e-11
-5.10703e-11
9.21485e-11
3.5083e-10
1.31672e-08
1.28486e-08
9.49716e-07
2.59726e-08
3.55271e-10
6.55032e-11
3.9968e-11
0
-4.44089e-12
2.33147e-11
-2.22045e-12
1.11022e-12
-2.22045e-12
-1.11022e-12
9.4369e-11
-1.66533e-11
-3.33067e-11
3.55271e-11
1.18794e-10
4.10783e-10
1.29086e-08
)
;
    }
}


// ************************************************************************* //
