/*--------------------------------*- C++ -*----------------------------------*\
  =========                 |
  \\      /  F ield         | OpenFOAM: The Open Source CFD Toolbox
   \\    /   O peration     | Website:  https://openfoam.org
    \\  /    A nd           | Version:  8
     \\/     M anipulation  |
\*---------------------------------------------------------------------------*/
FoamFile
{
    version     2.0;
    format      ascii;
    class       volScalarField;
    location    "1.7";
    object      gradTy;
}
// * * * * * * * * * * * * * * * * * * * * * * * * * * * * * * * * * * * * * //

dimensions      [0 -1 0 1 0 0 0];

internalField   nonuniform List<scalar> 
400
(
-5841.15
-5841.15
-5841.15
-5841.15
-5841.15
-5841.15
-5841.15
-5841.15
-5841.15
-5841.15
-5841.15
-5841.15
-5841.15
-5841.15
-5841.15
-5841.15
-5841.15
-5841.15
-5841.15
-5841.15
-156.701
-156.701
-156.701
-156.701
-156.701
-156.701
-156.701
-156.701
-156.701
-156.701
-156.701
-156.701
-156.701
-156.701
-156.701
-156.701
-156.701
-156.701
-156.701
-156.701
-2.12727
-2.12727
-2.12727
-2.12727
-2.12727
-2.12727
-2.12727
-2.12727
-2.12727
-2.12727
-2.12727
-2.12727
-2.12727
-2.12727
-2.12727
-2.12727
-2.12727
-2.12727
-2.12727
-2.12727
-0.0193529
-0.0193529
-0.0193529
-0.0193529
-0.0193529
-0.0193529
-0.0193529
-0.0193529
-0.0193529
-0.0193529
-0.0193529
-0.0193529
-0.0193529
-0.0193529
-0.0193529
-0.0193529
-0.0193529
-0.0193529
-0.0193529
-0.019353
-0.000132556
-0.000132556
-0.000132556
-0.000132556
-0.000132556
-0.000132556
-0.000132556
-0.000132556
-0.000132556
-0.000132556
-0.000132556
-0.000132556
-0.000132556
-0.000132556
-0.000132556
-0.000132556
-0.000132556
-0.000132556
-0.000132556
-0.000132556
-7.28805e-07
-7.28783e-07
-7.28798e-07
-7.28781e-07
-7.28745e-07
-7.28781e-07
-7.28823e-07
-7.28873e-07
-7.28776e-07
-7.28797e-07
-7.28771e-07
-7.28871e-07
-7.28838e-07
-7.28871e-07
-7.28849e-07
-7.28773e-07
-7.28849e-07
-7.28829e-07
-7.28781e-07
-7.28846e-07
-3.33067e-09
-3.33733e-09
-3.39284e-09
-3.34288e-09
-3.3562e-09
-3.34843e-09
-3.39284e-09
-3.38618e-09
-3.39284e-09
-3.32068e-09
-3.37952e-09
-3.36731e-09
-3.38396e-09
-3.36509e-09
-3.38396e-09
-3.38396e-09
-3.40172e-09
-3.37952e-09
-3.39839e-09
-3.4428e-09
0
1.11022e-12
-1.11022e-12
0
-1.11022e-12
4.44089e-12
0
-1.11022e-12
0
-1.11022e-12
1.11022e-12
-3.33067e-12
3.33067e-12
-4.44089e-12
1.11022e-12
3.33067e-12
-5.55112e-12
1.11022e-12
0
2.22045e-11
-3.55271e-11
-5.55112e-12
-3.33067e-12
0
-1.11022e-12
-1.11022e-12
-3.33067e-12
5.55112e-12
0
-3.33067e-12
0
-3.33067e-12
0
-4.44089e-12
2.22045e-12
0
0
0
-2.22045e-12
0
-1.55431e-11
0
0
4.44089e-12
0
-3.33067e-12
0
-4.44089e-12
0
0
-1.11022e-12
0
-3.33067e-12
1.11022e-12
-3.33067e-12
-3.33067e-12
0
-1.11022e-12
1.11022e-12
-1.9984e-11
0
0
0
4.44089e-12
2.22045e-12
-1.11022e-12
3.33067e-12
-1.11022e-12
-3.33067e-12
0
0
1.11022e-12
0
0
-2.22045e-12
0
3.33067e-12
0
1.11022e-12
1.11022e-12
-2.22045e-12
0
2.22045e-12
-4.44089e-12
2.22045e-12
2.22045e-12
2.22045e-12
0
2.22045e-12
2.22045e-12
0
0
0
0
0
0
1.11022e-12
0
0
-2.22045e-12
0
0
0
-3.33067e-12
0
0
0
1.11022e-12
0
0
1.11022e-12
-1.11022e-12
1.11022e-12
1.11022e-12
1.11022e-12
0
-3.33067e-12
1.11022e-12
-3.33067e-12
9.4369e-11
3.36065e-09
3.32845e-09
3.38174e-09
3.38618e-09
3.38063e-09
3.38063e-09
3.38063e-09
3.30291e-09
3.38063e-09
3.38063e-09
3.32179e-09
3.32179e-09
3.30291e-09
3.35176e-09
3.30291e-09
3.30291e-09
3.35176e-09
3.30624e-09
3.35176e-09
3.33511e-09
7.28854e-07
7.28815e-07
7.28854e-07
7.28869e-07
7.2885e-07
7.28853e-07
7.28847e-07
7.28738e-07
7.2885e-07
7.2885e-07
7.28755e-07
7.28804e-07
7.28742e-07
7.28804e-07
7.28742e-07
7.28743e-07
7.28823e-07
7.28865e-07
7.28808e-07
7.28678e-07
0.000132557
0.000132556
0.000132556
0.000132556
0.000132556
0.000132556
0.000132556
0.000132556
0.000132556
0.000132556
0.000132556
0.000132556
0.000132556
0.000132556
0.000132556
0.000132556
0.000132556
0.000132556
0.000132556
0.000132556
0.019353
0.0193529
0.0193529
0.0193529
0.0193529
0.0193529
0.0193529
0.0193529
0.0193529
0.0193529
0.0193529
0.0193529
0.0193529
0.0193529
0.0193529
0.0193529
0.0193529
0.0193529
0.0193529
0.0193529
2.12727
2.12727
2.12727
2.12727
2.12727
2.12727
2.12727
2.12727
2.12727
2.12727
2.12727
2.12727
2.12727
2.12727
2.12727
2.12727
2.12727
2.12727
2.12727
2.12727
156.701
156.701
156.701
156.701
156.701
156.701
156.701
156.701
156.701
156.701
156.701
156.701
156.701
156.701
156.701
156.701
156.701
156.701
156.701
156.701
5841.15
5841.15
5841.15
5841.15
5841.15
5841.15
5841.15
5841.15
5841.15
5841.15
5841.15
5841.15
5841.15
5841.15
5841.15
5841.15
5841.15
5841.15
5841.15
5841.15
)
;

boundaryField
{
    front
    {
        type            calculated;
        value           nonuniform List<scalar> 
20
(
-11373.1
-11373.1
-11373.1
-11373.1
-11373.1
-11373.1
-11373.1
-11373.1
-11373.1
-11373.1
-11373.1
-11373.1
-11373.1
-11373.1
-11373.1
-11373.1
-11373.1
-11373.1
-11373.1
-11373.1
)
;
    }
    back
    {
        type            calculated;
        value           nonuniform List<scalar> 
20
(
11373.1
11373.1
11373.1
11373.1
11373.1
11373.1
11373.1
11373.1
11373.1
11373.1
11373.1
11373.1
11373.1
11373.1
11373.1
11373.1
11373.1
11373.1
11373.1
11373.1
)
;
    }
    left
    {
        type            calculated;
        value           nonuniform List<scalar> 
20
(
-5841.15
-156.701
-2.12727
-0.0193529
-0.000132556
-7.28805e-07
-3.33067e-09
0
-3.55271e-11
-1.55431e-11
0
-2.22045e-12
0
3.36065e-09
7.28854e-07
0.000132557
0.019353
2.12727
156.701
5841.15
)
;
    }
    right
    {
        type            calculated;
        value           nonuniform List<scalar> 
20
(
-5841.15
-156.701
-2.12727
-0.019353
-0.000132556
-7.28846e-07
-3.4428e-09
2.22045e-11
0
-1.9984e-11
1.11022e-12
-2.22045e-12
9.4369e-11
3.33511e-09
7.28678e-07
0.000132556
0.0193529
2.12727
156.701
5841.15
)
;
    }
    top
    {
        type            calculated;
        value           nonuniform List<scalar> 
400
(
-5841.15
-156.701
-2.12727
-0.0193529
-0.000132556
-7.28805e-07
-3.33067e-09
0
-3.55271e-11
-1.55431e-11
0
-2.22045e-12
0
3.36065e-09
7.28854e-07
0.000132557
0.019353
2.12727
156.701
5841.15
-5841.15
-156.701
-2.12727
-0.0193529
-0.000132556
-7.28783e-07
-3.33733e-09
1.11022e-12
-5.55112e-12
0
0
0
0
3.32845e-09
7.28815e-07
0.000132556
0.0193529
2.12727
156.701
5841.15
-5841.15
-156.701
-2.12727
-0.0193529
-0.000132556
-7.28798e-07
-3.39284e-09
-1.11022e-12
-3.33067e-12
0
0
2.22045e-12
0
3.38174e-09
7.28854e-07
0.000132556
0.0193529
2.12727
156.701
5841.15
-5841.15
-156.701
-2.12727
-0.0193529
-0.000132556
-7.28781e-07
-3.34288e-09
0
0
4.44089e-12
4.44089e-12
-4.44089e-12
-3.33067e-12
3.38618e-09
7.28869e-07
0.000132556
0.0193529
2.12727
156.701
5841.15
-5841.15
-156.701
-2.12727
-0.0193529
-0.000132556
-7.28745e-07
-3.3562e-09
-1.11022e-12
-1.11022e-12
0
2.22045e-12
2.22045e-12
0
3.38063e-09
7.2885e-07
0.000132556
0.0193529
2.12727
156.701
5841.15
-5841.15
-156.701
-2.12727
-0.0193529
-0.000132556
-7.28781e-07
-3.34843e-09
4.44089e-12
-1.11022e-12
-3.33067e-12
-1.11022e-12
2.22045e-12
0
3.38063e-09
7.28853e-07
0.000132556
0.0193529
2.12727
156.701
5841.15
-5841.15
-156.701
-2.12727
-0.0193529
-0.000132556
-7.28823e-07
-3.39284e-09
0
-3.33067e-12
0
3.33067e-12
2.22045e-12
0
3.38063e-09
7.28847e-07
0.000132556
0.0193529
2.12727
156.701
5841.15
-5841.15
-156.701
-2.12727
-0.0193529
-0.000132556
-7.28873e-07
-3.38618e-09
-1.11022e-12
5.55112e-12
-4.44089e-12
-1.11022e-12
0
1.11022e-12
3.30291e-09
7.28738e-07
0.000132556
0.0193529
2.12727
156.701
5841.15
-5841.15
-156.701
-2.12727
-0.0193529
-0.000132556
-7.28776e-07
-3.39284e-09
0
0
0
-3.33067e-12
2.22045e-12
0
3.38063e-09
7.2885e-07
0.000132556
0.0193529
2.12727
156.701
5841.15
-5841.15
-156.701
-2.12727
-0.0193529
-0.000132556
-7.28797e-07
-3.32068e-09
-1.11022e-12
-3.33067e-12
0
0
2.22045e-12
0
3.38063e-09
7.2885e-07
0.000132556
0.0193529
2.12727
156.701
5841.15
-5841.15
-156.701
-2.12727
-0.0193529
-0.000132556
-7.28771e-07
-3.37952e-09
1.11022e-12
0
-1.11022e-12
0
0
1.11022e-12
3.32179e-09
7.28755e-07
0.000132556
0.0193529
2.12727
156.701
5841.15
-5841.15
-156.701
-2.12727
-0.0193529
-0.000132556
-7.28871e-07
-3.36731e-09
-3.33067e-12
-3.33067e-12
0
1.11022e-12
0
-1.11022e-12
3.32179e-09
7.28804e-07
0.000132556
0.0193529
2.12727
156.701
5841.15
-5841.15
-156.701
-2.12727
-0.0193529
-0.000132556
-7.28838e-07
-3.38396e-09
3.33067e-12
0
-3.33067e-12
0
0
1.11022e-12
3.30291e-09
7.28742e-07
0.000132556
0.0193529
2.12727
156.701
5841.15
-5841.15
-156.701
-2.12727
-0.0193529
-0.000132556
-7.28871e-07
-3.36509e-09
-4.44089e-12
-4.44089e-12
1.11022e-12
0
0
1.11022e-12
3.35176e-09
7.28804e-07
0.000132556
0.0193529
2.12727
156.701
5841.15
-5841.15
-156.701
-2.12727
-0.0193529
-0.000132556
-7.28849e-07
-3.38396e-09
1.11022e-12
2.22045e-12
-3.33067e-12
-2.22045e-12
0
1.11022e-12
3.30291e-09
7.28742e-07
0.000132556
0.0193529
2.12727
156.701
5841.15
-5841.15
-156.701
-2.12727
-0.0193529
-0.000132556
-7.28773e-07
-3.38396e-09
3.33067e-12
0
-3.33067e-12
0
0
0
3.30291e-09
7.28743e-07
0.000132556
0.0193529
2.12727
156.701
5841.15
-5841.15
-156.701
-2.12727
-0.0193529
-0.000132556
-7.28849e-07
-3.40172e-09
-5.55112e-12
0
0
3.33067e-12
1.11022e-12
-3.33067e-12
3.35176e-09
7.28823e-07
0.000132556
0.0193529
2.12727
156.701
5841.15
-5841.15
-156.701
-2.12727
-0.0193529
-0.000132556
-7.28829e-07
-3.37952e-09
1.11022e-12
0
-1.11022e-12
0
0
1.11022e-12
3.30624e-09
7.28865e-07
0.000132556
0.0193529
2.12727
156.701
5841.15
-5841.15
-156.701
-2.12727
-0.0193529
-0.000132556
-7.28781e-07
-3.39839e-09
0
-2.22045e-12
1.11022e-12
1.11022e-12
0
-3.33067e-12
3.35176e-09
7.28808e-07
0.000132556
0.0193529
2.12727
156.701
5841.15
-5841.15
-156.701
-2.12727
-0.019353
-0.000132556
-7.28846e-07
-3.4428e-09
2.22045e-11
0
-1.9984e-11
1.11022e-12
-2.22045e-12
9.4369e-11
3.33511e-09
7.28678e-07
0.000132556
0.0193529
2.12727
156.701
5841.15
)
;
    }
    bottom
    {
        type            calculated;
        value           nonuniform List<scalar> 
400
(
-5841.15
-156.701
-2.12727
-0.0193529
-0.000132556
-7.28805e-07
-3.33067e-09
0
-3.55271e-11
-1.55431e-11
0
-2.22045e-12
0
3.36065e-09
7.28854e-07
0.000132557
0.019353
2.12727
156.701
5841.15
-5841.15
-156.701
-2.12727
-0.0193529
-0.000132556
-7.28783e-07
-3.33733e-09
1.11022e-12
-5.55112e-12
0
0
0
0
3.32845e-09
7.28815e-07
0.000132556
0.0193529
2.12727
156.701
5841.15
-5841.15
-156.701
-2.12727
-0.0193529
-0.000132556
-7.28798e-07
-3.39284e-09
-1.11022e-12
-3.33067e-12
0
0
2.22045e-12
0
3.38174e-09
7.28854e-07
0.000132556
0.0193529
2.12727
156.701
5841.15
-5841.15
-156.701
-2.12727
-0.0193529
-0.000132556
-7.28781e-07
-3.34288e-09
0
0
4.44089e-12
4.44089e-12
-4.44089e-12
-3.33067e-12
3.38618e-09
7.28869e-07
0.000132556
0.0193529
2.12727
156.701
5841.15
-5841.15
-156.701
-2.12727
-0.0193529
-0.000132556
-7.28745e-07
-3.3562e-09
-1.11022e-12
-1.11022e-12
0
2.22045e-12
2.22045e-12
0
3.38063e-09
7.2885e-07
0.000132556
0.0193529
2.12727
156.701
5841.15
-5841.15
-156.701
-2.12727
-0.0193529
-0.000132556
-7.28781e-07
-3.34843e-09
4.44089e-12
-1.11022e-12
-3.33067e-12
-1.11022e-12
2.22045e-12
0
3.38063e-09
7.28853e-07
0.000132556
0.0193529
2.12727
156.701
5841.15
-5841.15
-156.701
-2.12727
-0.0193529
-0.000132556
-7.28823e-07
-3.39284e-09
0
-3.33067e-12
0
3.33067e-12
2.22045e-12
0
3.38063e-09
7.28847e-07
0.000132556
0.0193529
2.12727
156.701
5841.15
-5841.15
-156.701
-2.12727
-0.0193529
-0.000132556
-7.28873e-07
-3.38618e-09
-1.11022e-12
5.55112e-12
-4.44089e-12
-1.11022e-12
0
1.11022e-12
3.30291e-09
7.28738e-07
0.000132556
0.0193529
2.12727
156.701
5841.15
-5841.15
-156.701
-2.12727
-0.0193529
-0.000132556
-7.28776e-07
-3.39284e-09
0
0
0
-3.33067e-12
2.22045e-12
0
3.38063e-09
7.2885e-07
0.000132556
0.0193529
2.12727
156.701
5841.15
-5841.15
-156.701
-2.12727
-0.0193529
-0.000132556
-7.28797e-07
-3.32068e-09
-1.11022e-12
-3.33067e-12
0
0
2.22045e-12
0
3.38063e-09
7.2885e-07
0.000132556
0.0193529
2.12727
156.701
5841.15
-5841.15
-156.701
-2.12727
-0.0193529
-0.000132556
-7.28771e-07
-3.37952e-09
1.11022e-12
0
-1.11022e-12
0
0
1.11022e-12
3.32179e-09
7.28755e-07
0.000132556
0.0193529
2.12727
156.701
5841.15
-5841.15
-156.701
-2.12727
-0.0193529
-0.000132556
-7.28871e-07
-3.36731e-09
-3.33067e-12
-3.33067e-12
0
1.11022e-12
0
-1.11022e-12
3.32179e-09
7.28804e-07
0.000132556
0.0193529
2.12727
156.701
5841.15
-5841.15
-156.701
-2.12727
-0.0193529
-0.000132556
-7.28838e-07
-3.38396e-09
3.33067e-12
0
-3.33067e-12
0
0
1.11022e-12
3.30291e-09
7.28742e-07
0.000132556
0.0193529
2.12727
156.701
5841.15
-5841.15
-156.701
-2.12727
-0.0193529
-0.000132556
-7.28871e-07
-3.36509e-09
-4.44089e-12
-4.44089e-12
1.11022e-12
0
0
1.11022e-12
3.35176e-09
7.28804e-07
0.000132556
0.0193529
2.12727
156.701
5841.15
-5841.15
-156.701
-2.12727
-0.0193529
-0.000132556
-7.28849e-07
-3.38396e-09
1.11022e-12
2.22045e-12
-3.33067e-12
-2.22045e-12
0
1.11022e-12
3.30291e-09
7.28742e-07
0.000132556
0.0193529
2.12727
156.701
5841.15
-5841.15
-156.701
-2.12727
-0.0193529
-0.000132556
-7.28773e-07
-3.38396e-09
3.33067e-12
0
-3.33067e-12
0
0
0
3.30291e-09
7.28743e-07
0.000132556
0.0193529
2.12727
156.701
5841.15
-5841.15
-156.701
-2.12727
-0.0193529
-0.000132556
-7.28849e-07
-3.40172e-09
-5.55112e-12
0
0
3.33067e-12
1.11022e-12
-3.33067e-12
3.35176e-09
7.28823e-07
0.000132556
0.0193529
2.12727
156.701
5841.15
-5841.15
-156.701
-2.12727
-0.0193529
-0.000132556
-7.28829e-07
-3.37952e-09
1.11022e-12
0
-1.11022e-12
0
0
1.11022e-12
3.30624e-09
7.28865e-07
0.000132556
0.0193529
2.12727
156.701
5841.15
-5841.15
-156.701
-2.12727
-0.0193529
-0.000132556
-7.28781e-07
-3.39839e-09
0
-2.22045e-12
1.11022e-12
1.11022e-12
0
-3.33067e-12
3.35176e-09
7.28808e-07
0.000132556
0.0193529
2.12727
156.701
5841.15
-5841.15
-156.701
-2.12727
-0.019353
-0.000132556
-7.28846e-07
-3.4428e-09
2.22045e-11
0
-1.9984e-11
1.11022e-12
-2.22045e-12
9.4369e-11
3.33511e-09
7.28678e-07
0.000132556
0.0193529
2.12727
156.701
5841.15
)
;
    }
}


// ************************************************************************* //
