/*--------------------------------*- C++ -*----------------------------------*\
  =========                 |
  \\      /  F ield         | OpenFOAM: The Open Source CFD Toolbox
   \\    /   O peration     | Website:  https://openfoam.org
    \\  /    A nd           | Version:  8
     \\/     M anipulation  |
\*---------------------------------------------------------------------------*/
FoamFile
{
    version     2.0;
    format      ascii;
    class       volScalarField;
    location    "0.3";
    object      gradTy;
}
// * * * * * * * * * * * * * * * * * * * * * * * * * * * * * * * * * * * * * //

dimensions      [0 -1 0 1 0 0 0];

internalField   nonuniform List<scalar> 
400
(
-5971.34
-5971.34
-5971.34
-5971.34
-5971.34
-5971.34
-5971.34
-5971.34
-5971.34
-5971.34
-5971.34
-5971.34
-5971.34
-5971.34
-5971.34
-5971.34
-5971.34
-5971.34
-5971.34
-5971.34
-28.5902
-28.5902
-28.5902
-28.5902
-28.5902
-28.5902
-28.5902
-28.5902
-28.5902
-28.5902
-28.5902
-28.5902
-28.5902
-28.5902
-28.5902
-28.5902
-28.5902
-28.5902
-28.5902
-28.5902
-0.0696938
-0.0696938
-0.0696938
-0.0696938
-0.0696938
-0.0696938
-0.0696938
-0.0696938
-0.0696938
-0.0696938
-0.0696938
-0.0696938
-0.0696938
-0.0696938
-0.0696938
-0.0696938
-0.0696938
-0.0696938
-0.0696938
-0.069694
-0.000115163
-0.000115163
-0.000115163
-0.000115163
-0.000115163
-0.000115163
-0.000115163
-0.000115163
-0.000115163
-0.000115163
-0.000115163
-0.000115163
-0.000115163
-0.000115163
-0.000115163
-0.000115163
-0.000115163
-0.000115163
-0.000115163
-0.000115164
-1.45035e-07
-1.45047e-07
-1.45036e-07
-1.45034e-07
-1.45046e-07
-1.45041e-07
-1.45027e-07
-1.45053e-07
-1.45036e-07
-1.45055e-07
-1.45057e-07
-1.45038e-07
-1.45044e-07
-1.45038e-07
-1.45052e-07
-1.45053e-07
-1.45057e-07
-1.45056e-07
-1.45035e-07
-1.45015e-07
-1.35447e-10
-1.46549e-10
-1.5099e-10
-1.4877e-10
-1.4766e-10
-1.4877e-10
-1.54321e-10
-1.62093e-10
-1.4766e-10
-1.4988e-10
-1.46549e-10
-1.62093e-10
-1.55431e-10
-1.62093e-10
-1.62093e-10
-1.46549e-10
-1.56541e-10
-1.55431e-10
-1.4988e-10
-1.57652e-10
3.55271e-11
4.44089e-12
-1.11022e-12
0
3.33067e-12
3.33067e-12
0
-4.44089e-12
-1.11022e-12
2.22045e-12
-1.11022e-12
2.22045e-12
-3.33067e-12
4.44089e-12
-3.33067e-12
-3.33067e-12
-3.33067e-12
-1.11022e-12
1.11022e-12
-2.22045e-11
0
1.11022e-12
-1.11022e-12
0
-1.11022e-12
4.44089e-12
0
-1.11022e-12
0
-1.11022e-12
1.11022e-12
-3.33067e-12
3.33067e-12
-4.44089e-12
1.11022e-12
3.33067e-12
-5.55112e-12
1.11022e-12
0
2.22045e-11
-3.55271e-11
-5.55112e-12
-3.33067e-12
0
-1.11022e-12
-1.11022e-12
-3.33067e-12
5.55112e-12
0
-3.33067e-12
0
-3.33067e-12
0
-4.44089e-12
2.22045e-12
0
0
0
-2.22045e-12
0
-1.55431e-11
0
0
4.44089e-12
0
-3.33067e-12
0
-4.44089e-12
0
0
-1.11022e-12
0
-3.33067e-12
1.11022e-12
-3.33067e-12
-3.33067e-12
0
-1.11022e-12
1.11022e-12
-1.9984e-11
0
0
0
4.44089e-12
2.22045e-12
-1.11022e-12
3.33067e-12
-1.11022e-12
-3.33067e-12
0
0
1.11022e-12
0
0
-2.22045e-12
0
3.33067e-12
0
1.11022e-12
1.11022e-12
-2.22045e-12
0
2.22045e-12
-4.44089e-12
2.22045e-12
2.22045e-12
2.22045e-12
0
2.22045e-12
2.22045e-12
0
0
0
0
0
0
1.11022e-12
0
0
-2.22045e-12
0
0
0
-3.33067e-12
0
0
0
1.11022e-12
0
0
1.11022e-12
-1.11022e-12
1.11022e-12
1.11022e-12
1.11022e-12
0
-3.33067e-12
1.11022e-12
-3.33067e-12
3.66374e-11
0
-2.22045e-12
0
4.44089e-12
0
0
0
0
0
0
0
0
0
-1.11022e-12
0
0
0
0
0
-1.11022e-12
1.55431e-10
1.54321e-10
1.63203e-10
1.65423e-10
1.58762e-10
1.60982e-10
1.58762e-10
1.39888e-10
1.62093e-10
1.62093e-10
1.46549e-10
1.4877e-10
1.43219e-10
1.54321e-10
1.43219e-10
1.44329e-10
1.54321e-10
1.58762e-10
1.54321e-10
1.08802e-10
1.45047e-07
1.45035e-07
1.45032e-07
1.45044e-07
1.45033e-07
1.45061e-07
1.45033e-07
1.45041e-07
1.45043e-07
1.45051e-07
1.45056e-07
1.45065e-07
1.45055e-07
1.45037e-07
1.45055e-07
1.45047e-07
1.45034e-07
1.45056e-07
1.45035e-07
1.45041e-07
0.000115164
0.000115163
0.000115163
0.000115163
0.000115163
0.000115163
0.000115163
0.000115163
0.000115163
0.000115163
0.000115163
0.000115163
0.000115163
0.000115163
0.000115163
0.000115163
0.000115163
0.000115163
0.000115163
0.000115163
0.069694
0.0696938
0.0696938
0.0696938
0.0696938
0.0696938
0.0696938
0.0696938
0.0696938
0.0696938
0.0696938
0.0696938
0.0696938
0.0696938
0.0696938
0.0696938
0.0696938
0.0696938
0.0696938
0.0696938
28.5902
28.5902
28.5902
28.5902
28.5902
28.5902
28.5902
28.5902
28.5902
28.5902
28.5902
28.5902
28.5902
28.5902
28.5902
28.5902
28.5902
28.5902
28.5902
28.5902
5971.34
5971.34
5971.34
5971.34
5971.34
5971.34
5971.34
5971.34
5971.34
5971.34
5971.34
5971.34
5971.34
5971.34
5971.34
5971.34
5971.34
5971.34
5971.34
5971.34
)
;

boundaryField
{
    front
    {
        type            calculated;
        value           nonuniform List<scalar> 
20
(
-11885.6
-11885.6
-11885.6
-11885.6
-11885.6
-11885.6
-11885.6
-11885.6
-11885.6
-11885.6
-11885.6
-11885.6
-11885.6
-11885.6
-11885.6
-11885.6
-11885.6
-11885.6
-11885.6
-11885.6
)
;
    }
    back
    {
        type            calculated;
        value           nonuniform List<scalar> 
20
(
11885.6
11885.6
11885.6
11885.6
11885.6
11885.6
11885.6
11885.6
11885.6
11885.6
11885.6
11885.6
11885.6
11885.6
11885.6
11885.6
11885.6
11885.6
11885.6
11885.6
)
;
    }
    left
    {
        type            calculated;
        value           nonuniform List<scalar> 
20
(
-5971.34
-28.5902
-0.0696938
-0.000115163
-1.45035e-07
-1.35447e-10
3.55271e-11
0
-3.55271e-11
-1.55431e-11
0
-2.22045e-12
0
0
1.55431e-10
1.45047e-07
0.000115164
0.069694
28.5902
5971.34
)
;
    }
    right
    {
        type            calculated;
        value           nonuniform List<scalar> 
20
(
-5971.34
-28.5902
-0.069694
-0.000115164
-1.45015e-07
-1.57652e-10
-2.22045e-11
2.22045e-11
0
-1.9984e-11
1.11022e-12
-2.22045e-12
3.66374e-11
-1.11022e-12
1.08802e-10
1.45041e-07
0.000115163
0.0696938
28.5902
5971.34
)
;
    }
    top
    {
        type            calculated;
        value           nonuniform List<scalar> 
400
(
-5971.34
-28.5902
-0.0696938
-0.000115163
-1.45035e-07
-1.35447e-10
3.55271e-11
0
-3.55271e-11
-1.55431e-11
0
-2.22045e-12
0
0
1.55431e-10
1.45047e-07
0.000115164
0.069694
28.5902
5971.34
-5971.34
-28.5902
-0.0696938
-0.000115163
-1.45047e-07
-1.46549e-10
4.44089e-12
1.11022e-12
-5.55112e-12
0
0
0
0
-2.22045e-12
1.54321e-10
1.45035e-07
0.000115163
0.0696938
28.5902
5971.34
-5971.34
-28.5902
-0.0696938
-0.000115163
-1.45036e-07
-1.5099e-10
-1.11022e-12
-1.11022e-12
-3.33067e-12
0
0
2.22045e-12
0
0
1.63203e-10
1.45032e-07
0.000115163
0.0696938
28.5902
5971.34
-5971.34
-28.5902
-0.0696938
-0.000115163
-1.45034e-07
-1.4877e-10
0
0
0
4.44089e-12
4.44089e-12
-4.44089e-12
-3.33067e-12
4.44089e-12
1.65423e-10
1.45044e-07
0.000115163
0.0696938
28.5902
5971.34
-5971.34
-28.5902
-0.0696938
-0.000115163
-1.45046e-07
-1.4766e-10
3.33067e-12
-1.11022e-12
-1.11022e-12
0
2.22045e-12
2.22045e-12
0
0
1.58762e-10
1.45033e-07
0.000115163
0.0696938
28.5902
5971.34
-5971.34
-28.5902
-0.0696938
-0.000115163
-1.45041e-07
-1.4877e-10
3.33067e-12
4.44089e-12
-1.11022e-12
-3.33067e-12
-1.11022e-12
2.22045e-12
0
0
1.60982e-10
1.45061e-07
0.000115163
0.0696938
28.5902
5971.34
-5971.34
-28.5902
-0.0696938
-0.000115163
-1.45027e-07
-1.54321e-10
0
0
-3.33067e-12
0
3.33067e-12
2.22045e-12
0
0
1.58762e-10
1.45033e-07
0.000115163
0.0696938
28.5902
5971.34
-5971.34
-28.5902
-0.0696938
-0.000115163
-1.45053e-07
-1.62093e-10
-4.44089e-12
-1.11022e-12
5.55112e-12
-4.44089e-12
-1.11022e-12
0
1.11022e-12
0
1.39888e-10
1.45041e-07
0.000115163
0.0696938
28.5902
5971.34
-5971.34
-28.5902
-0.0696938
-0.000115163
-1.45036e-07
-1.4766e-10
-1.11022e-12
0
0
0
-3.33067e-12
2.22045e-12
0
0
1.62093e-10
1.45043e-07
0.000115163
0.0696938
28.5902
5971.34
-5971.34
-28.5902
-0.0696938
-0.000115163
-1.45055e-07
-1.4988e-10
2.22045e-12
-1.11022e-12
-3.33067e-12
0
0
2.22045e-12
0
0
1.62093e-10
1.45051e-07
0.000115163
0.0696938
28.5902
5971.34
-5971.34
-28.5902
-0.0696938
-0.000115163
-1.45057e-07
-1.46549e-10
-1.11022e-12
1.11022e-12
0
-1.11022e-12
0
0
1.11022e-12
0
1.46549e-10
1.45056e-07
0.000115163
0.0696938
28.5902
5971.34
-5971.34
-28.5902
-0.0696938
-0.000115163
-1.45038e-07
-1.62093e-10
2.22045e-12
-3.33067e-12
-3.33067e-12
0
1.11022e-12
0
-1.11022e-12
0
1.4877e-10
1.45065e-07
0.000115163
0.0696938
28.5902
5971.34
-5971.34
-28.5902
-0.0696938
-0.000115163
-1.45044e-07
-1.55431e-10
-3.33067e-12
3.33067e-12
0
-3.33067e-12
0
0
1.11022e-12
0
1.43219e-10
1.45055e-07
0.000115163
0.0696938
28.5902
5971.34
-5971.34
-28.5902
-0.0696938
-0.000115163
-1.45038e-07
-1.62093e-10
4.44089e-12
-4.44089e-12
-4.44089e-12
1.11022e-12
0
0
1.11022e-12
-1.11022e-12
1.54321e-10
1.45037e-07
0.000115163
0.0696938
28.5902
5971.34
-5971.34
-28.5902
-0.0696938
-0.000115163
-1.45052e-07
-1.62093e-10
-3.33067e-12
1.11022e-12
2.22045e-12
-3.33067e-12
-2.22045e-12
0
1.11022e-12
0
1.43219e-10
1.45055e-07
0.000115163
0.0696938
28.5902
5971.34
-5971.34
-28.5902
-0.0696938
-0.000115163
-1.45053e-07
-1.46549e-10
-3.33067e-12
3.33067e-12
0
-3.33067e-12
0
0
0
0
1.44329e-10
1.45047e-07
0.000115163
0.0696938
28.5902
5971.34
-5971.34
-28.5902
-0.0696938
-0.000115163
-1.45057e-07
-1.56541e-10
-3.33067e-12
-5.55112e-12
0
0
3.33067e-12
1.11022e-12
-3.33067e-12
0
1.54321e-10
1.45034e-07
0.000115163
0.0696938
28.5902
5971.34
-5971.34
-28.5902
-0.0696938
-0.000115163
-1.45056e-07
-1.55431e-10
-1.11022e-12
1.11022e-12
0
-1.11022e-12
0
0
1.11022e-12
0
1.58762e-10
1.45056e-07
0.000115163
0.0696938
28.5902
5971.34
-5971.34
-28.5902
-0.0696938
-0.000115163
-1.45035e-07
-1.4988e-10
1.11022e-12
0
-2.22045e-12
1.11022e-12
1.11022e-12
0
-3.33067e-12
0
1.54321e-10
1.45035e-07
0.000115163
0.0696938
28.5902
5971.34
-5971.34
-28.5902
-0.069694
-0.000115164
-1.45015e-07
-1.57652e-10
-2.22045e-11
2.22045e-11
0
-1.9984e-11
1.11022e-12
-2.22045e-12
3.66374e-11
-1.11022e-12
1.08802e-10
1.45041e-07
0.000115163
0.0696938
28.5902
5971.34
)
;
    }
    bottom
    {
        type            calculated;
        value           nonuniform List<scalar> 
400
(
-5971.34
-28.5902
-0.0696938
-0.000115163
-1.45035e-07
-1.35447e-10
3.55271e-11
0
-3.55271e-11
-1.55431e-11
0
-2.22045e-12
0
0
1.55431e-10
1.45047e-07
0.000115164
0.069694
28.5902
5971.34
-5971.34
-28.5902
-0.0696938
-0.000115163
-1.45047e-07
-1.46549e-10
4.44089e-12
1.11022e-12
-5.55112e-12
0
0
0
0
-2.22045e-12
1.54321e-10
1.45035e-07
0.000115163
0.0696938
28.5902
5971.34
-5971.34
-28.5902
-0.0696938
-0.000115163
-1.45036e-07
-1.5099e-10
-1.11022e-12
-1.11022e-12
-3.33067e-12
0
0
2.22045e-12
0
0
1.63203e-10
1.45032e-07
0.000115163
0.0696938
28.5902
5971.34
-5971.34
-28.5902
-0.0696938
-0.000115163
-1.45034e-07
-1.4877e-10
0
0
0
4.44089e-12
4.44089e-12
-4.44089e-12
-3.33067e-12
4.44089e-12
1.65423e-10
1.45044e-07
0.000115163
0.0696938
28.5902
5971.34
-5971.34
-28.5902
-0.0696938
-0.000115163
-1.45046e-07
-1.4766e-10
3.33067e-12
-1.11022e-12
-1.11022e-12
0
2.22045e-12
2.22045e-12
0
0
1.58762e-10
1.45033e-07
0.000115163
0.0696938
28.5902
5971.34
-5971.34
-28.5902
-0.0696938
-0.000115163
-1.45041e-07
-1.4877e-10
3.33067e-12
4.44089e-12
-1.11022e-12
-3.33067e-12
-1.11022e-12
2.22045e-12
0
0
1.60982e-10
1.45061e-07
0.000115163
0.0696938
28.5902
5971.34
-5971.34
-28.5902
-0.0696938
-0.000115163
-1.45027e-07
-1.54321e-10
0
0
-3.33067e-12
0
3.33067e-12
2.22045e-12
0
0
1.58762e-10
1.45033e-07
0.000115163
0.0696938
28.5902
5971.34
-5971.34
-28.5902
-0.0696938
-0.000115163
-1.45053e-07
-1.62093e-10
-4.44089e-12
-1.11022e-12
5.55112e-12
-4.44089e-12
-1.11022e-12
0
1.11022e-12
0
1.39888e-10
1.45041e-07
0.000115163
0.0696938
28.5902
5971.34
-5971.34
-28.5902
-0.0696938
-0.000115163
-1.45036e-07
-1.4766e-10
-1.11022e-12
0
0
0
-3.33067e-12
2.22045e-12
0
0
1.62093e-10
1.45043e-07
0.000115163
0.0696938
28.5902
5971.34
-5971.34
-28.5902
-0.0696938
-0.000115163
-1.45055e-07
-1.4988e-10
2.22045e-12
-1.11022e-12
-3.33067e-12
0
0
2.22045e-12
0
0
1.62093e-10
1.45051e-07
0.000115163
0.0696938
28.5902
5971.34
-5971.34
-28.5902
-0.0696938
-0.000115163
-1.45057e-07
-1.46549e-10
-1.11022e-12
1.11022e-12
0
-1.11022e-12
0
0
1.11022e-12
0
1.46549e-10
1.45056e-07
0.000115163
0.0696938
28.5902
5971.34
-5971.34
-28.5902
-0.0696938
-0.000115163
-1.45038e-07
-1.62093e-10
2.22045e-12
-3.33067e-12
-3.33067e-12
0
1.11022e-12
0
-1.11022e-12
0
1.4877e-10
1.45065e-07
0.000115163
0.0696938
28.5902
5971.34
-5971.34
-28.5902
-0.0696938
-0.000115163
-1.45044e-07
-1.55431e-10
-3.33067e-12
3.33067e-12
0
-3.33067e-12
0
0
1.11022e-12
0
1.43219e-10
1.45055e-07
0.000115163
0.0696938
28.5902
5971.34
-5971.34
-28.5902
-0.0696938
-0.000115163
-1.45038e-07
-1.62093e-10
4.44089e-12
-4.44089e-12
-4.44089e-12
1.11022e-12
0
0
1.11022e-12
-1.11022e-12
1.54321e-10
1.45037e-07
0.000115163
0.0696938
28.5902
5971.34
-5971.34
-28.5902
-0.0696938
-0.000115163
-1.45052e-07
-1.62093e-10
-3.33067e-12
1.11022e-12
2.22045e-12
-3.33067e-12
-2.22045e-12
0
1.11022e-12
0
1.43219e-10
1.45055e-07
0.000115163
0.0696938
28.5902
5971.34
-5971.34
-28.5902
-0.0696938
-0.000115163
-1.45053e-07
-1.46549e-10
-3.33067e-12
3.33067e-12
0
-3.33067e-12
0
0
0
0
1.44329e-10
1.45047e-07
0.000115163
0.0696938
28.5902
5971.34
-5971.34
-28.5902
-0.0696938
-0.000115163
-1.45057e-07
-1.56541e-10
-3.33067e-12
-5.55112e-12
0
0
3.33067e-12
1.11022e-12
-3.33067e-12
0
1.54321e-10
1.45034e-07
0.000115163
0.0696938
28.5902
5971.34
-5971.34
-28.5902
-0.0696938
-0.000115163
-1.45056e-07
-1.55431e-10
-1.11022e-12
1.11022e-12
0
-1.11022e-12
0
0
1.11022e-12
0
1.58762e-10
1.45056e-07
0.000115163
0.0696938
28.5902
5971.34
-5971.34
-28.5902
-0.0696938
-0.000115163
-1.45035e-07
-1.4988e-10
1.11022e-12
0
-2.22045e-12
1.11022e-12
1.11022e-12
0
-3.33067e-12
0
1.54321e-10
1.45035e-07
0.000115163
0.0696938
28.5902
5971.34
-5971.34
-28.5902
-0.069694
-0.000115164
-1.45015e-07
-1.57652e-10
-2.22045e-11
2.22045e-11
0
-1.9984e-11
1.11022e-12
-2.22045e-12
3.66374e-11
-1.11022e-12
1.08802e-10
1.45041e-07
0.000115163
0.0696938
28.5902
5971.34
)
;
    }
}


// ************************************************************************* //
