/*--------------------------------*- C++ -*----------------------------------*\
  =========                 |
  \\      /  F ield         | OpenFOAM: The Open Source CFD Toolbox
   \\    /   O peration     | Website:  https://openfoam.org
    \\  /    A nd           | Version:  8
     \\/     M anipulation  |
\*---------------------------------------------------------------------------*/
FoamFile
{
    version     2.0;
    format      ascii;
    class       volScalarField;
    location    "0.3";
    object      gradTx;
}
// * * * * * * * * * * * * * * * * * * * * * * * * * * * * * * * * * * * * * //

dimensions      [0 -1 0 1 0 0 0];

internalField   nonuniform List<scalar> 
400
(
-4.42979e-10
-4.42979e-10
-2.88658e-11
-1.55431e-11
1.11022e-11
1.33227e-11
1.66533e-11
1.11022e-12
-1.11022e-11
-9.99201e-12
-1.66533e-11
3.33067e-12
1.11022e-12
-7.77156e-12
1.22125e-11
-4.44089e-12
1.11022e-12
-4.44089e-12
4.44089e-10
4.56302e-10
1.22125e-11
8.88178e-12
-1.88738e-11
0
8.88178e-12
5.55112e-12
1.11022e-12
-1.22125e-11
1.11022e-11
6.66134e-12
-1.88738e-11
4.44089e-12
1.55431e-11
-9.99201e-12
-7.77156e-12
-6.66134e-12
4.44089e-12
4.4631e-10
1.81578e-07
1.81146e-07
-8.88178e-12
-4.44089e-12
0
-8.88178e-12
1.55431e-11
9.99201e-12
-2.22045e-12
0
-6.66134e-12
4.44089e-12
-1.22125e-11
4.44089e-12
0
-1.9984e-11
1.77636e-11
8.88178e-12
-4.44089e-12
1.44329e-11
8.88178e-10
8.81517e-10
1.11022e-11
5.55112e-12
-1.22125e-11
6.66134e-12
6.66134e-12
-1.44329e-11
1.44329e-11
7.77156e-12
0
1.77636e-11
-1.55431e-11
-1.22125e-11
0
8.88178e-12
1.66533e-11
4.44089e-12
0
-2.10942e-11
-1.66533e-11
-1.11022e-12
-2.22045e-12
-1.11022e-12
1.11022e-12
-5.55112e-12
0
6.66134e-12
1.77636e-11
-5.55112e-12
-1.44329e-11
-1.11022e-12
1.11022e-11
9.99201e-12
0
7.77156e-12
-1.88738e-11
-2.22045e-12
9.99201e-12
-1.22125e-11
-1.11022e-12
7.77156e-12
0
3.33067e-12
0
-3.33067e-12
0
3.33067e-12
3.33067e-12
0
-3.33067e-12
-3.33067e-12
1.11022e-12
2.22045e-12
0
0
2.22045e-12
0
-2.22045e-12
0
2.10942e-11
1.9984e-11
-1.33227e-11
-1.55431e-11
-2.22045e-12
-2.22045e-12
1.11022e-12
-1.11022e-12
5.55112e-12
0
-2.22045e-12
-1.11022e-12
1.11022e-12
0
0
2.22045e-12
-3.33067e-12
2.22045e-12
0
-4.44089e-12
0
0
-3.10862e-11
-3.33067e-11
-4.44089e-12
0
3.33067e-12
0
-3.33067e-12
0
3.33067e-12
-3.33067e-12
0
0
1.11022e-12
0
-4.44089e-12
0
1.11022e-12
3.33067e-12
0
-4.44089e-12
-1.44329e-11
-1.66533e-11
-2.22045e-12
-1.11022e-12
4.44089e-12
1.11022e-12
-1.11022e-12
0
-2.22045e-12
0
-1.11022e-12
2.22045e-12
0
0
3.33067e-12
-3.33067e-12
-2.22045e-12
0
2.10942e-11
2.33147e-11
1.11022e-12
0
0
1.11022e-12
2.22045e-12
-1.11022e-12
2.22045e-12
3.33067e-12
-4.44089e-12
-3.33067e-12
0
0
0
2.22045e-12
0
-2.22045e-12
0
2.22045e-12
0
-2.22045e-12
0
-1.11022e-12
2.22045e-12
0
-3.33067e-12
0
-1.11022e-12
0
1.11022e-12
-1.11022e-12
-1.11022e-12
0
1.11022e-12
0
-1.11022e-12
0
0
1.11022e-12
2.22045e-12
1.11022e-12
0
0
4.44089e-12
4.44089e-12
-4.44089e-12
0
2.22045e-12
-3.33067e-12
-3.33067e-12
0
1.11022e-12
0
-1.11022e-12
0
0
3.33067e-12
0
0
1.11022e-12
-2.22045e-12
2.22045e-12
3.33067e-12
-2.22045e-12
0
3.33067e-12
0
-3.33067e-12
0
3.33067e-12
-3.33067e-12
-3.33067e-12
0
1.11022e-12
0
-1.11022e-12
1.11022e-12
0
0
0
-1.11022e-12
0
0
1.11022e-12
3.33067e-12
0
0
4.44089e-12
-4.44089e-12
-4.44089e-12
1.11022e-12
0
0
1.11022e-12
0
-1.11022e-12
0
1.11022e-12
-1.11022e-12
3.66374e-11
3.66374e-11
0
3.33067e-12
4.44089e-12
0
-1.11022e-12
0
-3.33067e-12
0
3.33067e-12
-3.33067e-12
-3.33067e-12
0
0
0
0
0
0
0
0
0
-1.11022e-12
6.66134e-12
1.11022e-11
1.11022e-12
-4.44089e-12
0
-1.9984e-11
0
1.9984e-11
-1.44329e-11
-1.44329e-11
-4.44089e-12
6.66134e-12
0
-1.11022e-11
8.88178e-12
1.66533e-11
1.11022e-12
-1.55431e-11
-8.88178e-12
-1.22125e-11
-1.11022e-11
1.33227e-11
0
1.44329e-11
0
-2.33147e-11
1.11022e-11
1.44329e-11
8.88178e-12
9.99201e-12
1.11022e-12
-2.77556e-11
0
1.11022e-11
-2.22045e-11
8.88178e-12
0
-1.44329e-11
5.55112e-12
-8.9595e-10
-8.9595e-10
8.88178e-12
0
-6.66134e-12
0
9.99201e-12
-1.11022e-12
-8.88178e-12
-1.9984e-11
-7.77156e-12
2.9976e-11
2.22045e-12
0
-1.55431e-11
-1.11022e-11
1.9984e-11
-1.11022e-12
1.22125e-11
1.77636e-11
-1.81163e-07
-1.81584e-07
-4.21885e-10
-7.77156e-12
-8.88178e-12
0
2.22045e-11
2.10942e-11
-3.33067e-12
-4.44089e-12
3.33067e-12
0
-2.22045e-11
0
8.88178e-12
-1.44329e-11
3.33067e-12
-1.11022e-12
1.9984e-11
3.21965e-11
-4.4631e-10
-4.30767e-10
-1.22125e-11
1.11022e-12
1.11022e-11
0
-1.11022e-11
-1.66533e-11
2.66454e-11
-6.66134e-12
-7.77156e-12
-2.22045e-12
8.88178e-12
0
-2.88658e-11
5.55112e-12
0
2.33147e-11
4.50751e-10
4.22995e-10
)
;

boundaryField
{
    front
    {
        type            calculated;
        value           nonuniform List<scalar> 
20
(
-4.42979e-10
-4.42979e-10
-2.88658e-11
-1.55431e-11
1.11022e-11
1.33227e-11
1.66533e-11
1.11022e-12
-1.11022e-11
-9.99201e-12
-1.66533e-11
3.33067e-12
1.11022e-12
-7.77156e-12
1.22125e-11
-4.44089e-12
1.11022e-12
-4.44089e-12
4.44089e-10
4.56302e-10
)
;
    }
    back
    {
        type            calculated;
        value           nonuniform List<scalar> 
20
(
-4.4631e-10
-4.30767e-10
-1.22125e-11
1.11022e-12
1.11022e-11
0
-1.11022e-11
-1.66533e-11
2.66454e-11
-6.66134e-12
-7.77156e-12
-2.22045e-12
8.88178e-12
0
-2.88658e-11
5.55112e-12
0
2.33147e-11
4.50751e-10
4.22995e-10
)
;
    }
    left
    {
        type            calculated;
        value           uniform 0;
    }
    right
    {
        type            calculated;
        value           uniform 0;
    }
    top
    {
        type            calculated;
        value           nonuniform List<scalar> 
400
(
-4.42979e-10
1.22125e-11
-8.88178e-12
1.11022e-11
-2.22045e-12
0
-1.33227e-11
-3.10862e-11
-1.44329e-11
1.11022e-12
0
0
2.22045e-12
0
0
-1.11022e-12
-1.22125e-11
-8.9595e-10
-1.81163e-07
-4.4631e-10
-4.42979e-10
8.88178e-12
-4.44089e-12
5.55112e-12
-1.11022e-12
3.33067e-12
-1.55431e-11
-3.33067e-11
-1.66533e-11
0
-1.11022e-12
0
3.33067e-12
0
3.33067e-12
6.66134e-12
-1.11022e-11
-8.9595e-10
-1.81584e-07
-4.30767e-10
-2.88658e-11
-1.88738e-11
0
-1.22125e-11
1.11022e-12
0
-2.22045e-12
-4.44089e-12
-2.22045e-12
0
2.22045e-12
4.44089e-12
-2.22045e-12
1.11022e-12
4.44089e-12
1.11022e-11
1.33227e-11
8.88178e-12
-4.21885e-10
-1.22125e-11
-1.55431e-11
0
-8.88178e-12
6.66134e-12
-5.55112e-12
-3.33067e-12
-2.22045e-12
0
-1.11022e-12
1.11022e-12
0
4.44089e-12
0
3.33067e-12
0
1.11022e-12
0
0
-7.77156e-12
1.11022e-12
1.11022e-11
8.88178e-12
1.55431e-11
6.66134e-12
0
0
1.11022e-12
3.33067e-12
4.44089e-12
2.22045e-12
-3.33067e-12
-4.44089e-12
3.33067e-12
0
-1.11022e-12
-4.44089e-12
1.44329e-11
-6.66134e-12
-8.88178e-12
1.11022e-11
1.33227e-11
5.55112e-12
9.99201e-12
-1.44329e-11
6.66134e-12
3.33067e-12
-1.11022e-12
0
1.11022e-12
-1.11022e-12
0
0
0
0
0
0
0
0
0
0
1.66533e-11
1.11022e-12
-2.22045e-12
1.44329e-11
1.77636e-11
3.33067e-12
5.55112e-12
-3.33067e-12
-1.11022e-12
2.22045e-12
-1.11022e-12
2.22045e-12
-3.33067e-12
4.44089e-12
-3.33067e-12
-1.9984e-11
-2.33147e-11
9.99201e-12
2.22045e-11
-1.11022e-11
1.11022e-12
-1.22125e-11
0
7.77156e-12
-5.55112e-12
0
0
0
0
3.33067e-12
0
-3.33067e-12
0
-4.44089e-12
0
0
1.11022e-11
-1.11022e-12
2.10942e-11
-1.66533e-11
-1.11022e-11
1.11022e-11
-6.66134e-12
0
-1.44329e-11
-3.33067e-12
-2.22045e-12
3.33067e-12
-2.22045e-12
-4.44089e-12
1.11022e-12
-3.33067e-12
3.33067e-12
-4.44089e-12
3.33067e-12
1.9984e-11
1.44329e-11
-8.88178e-12
-3.33067e-12
2.66454e-11
-9.99201e-12
6.66134e-12
4.44089e-12
1.77636e-11
-1.11022e-12
-3.33067e-12
-1.11022e-12
-3.33067e-12
0
-3.33067e-12
-1.11022e-12
0
-3.33067e-12
1.11022e-12
-3.33067e-12
-1.44329e-11
8.88178e-12
-1.9984e-11
-4.44089e-12
-6.66134e-12
-1.66533e-11
-1.88738e-11
-1.22125e-11
-1.55431e-11
1.11022e-11
1.11022e-12
1.11022e-12
0
-1.11022e-12
0
-1.11022e-12
1.11022e-12
-3.33067e-12
0
-3.33067e-12
-1.44329e-11
9.99201e-12
-7.77156e-12
3.33067e-12
-7.77156e-12
3.33067e-12
4.44089e-12
4.44089e-12
-1.22125e-11
9.99201e-12
2.22045e-12
0
0
2.22045e-12
0
0
0
0
0
0
-4.44089e-12
1.11022e-12
2.9976e-11
0
-2.22045e-12
1.11022e-12
1.55431e-11
0
0
0
0
0
1.11022e-12
0
0
1.11022e-12
-1.11022e-12
1.11022e-12
1.11022e-12
0
6.66134e-12
-2.77556e-11
2.22045e-12
-2.22045e-11
8.88178e-12
-7.77156e-12
-9.99201e-12
-1.9984e-11
8.88178e-12
7.77156e-12
0
2.22045e-12
0
0
2.22045e-12
0
0
0
0
0
0
0
0
0
0
1.22125e-11
-7.77156e-12
1.77636e-11
1.66533e-11
-1.88738e-11
2.22045e-12
-3.33067e-12
-4.44089e-12
3.33067e-12
0
-1.11022e-12
0
-1.11022e-12
-1.11022e-12
0
-1.11022e-11
1.11022e-11
-1.55431e-11
8.88178e-12
-2.88658e-11
-4.44089e-12
-6.66134e-12
8.88178e-12
4.44089e-12
-2.22045e-12
0
2.22045e-12
0
-3.33067e-12
-2.22045e-12
0
3.33067e-12
1.11022e-12
0
0
8.88178e-12
-2.22045e-11
-1.11022e-11
-1.44329e-11
5.55112e-12
1.11022e-12
4.44089e-12
-4.44089e-12
0
9.99201e-12
-2.22045e-12
0
1.11022e-12
-2.22045e-12
0
0
0
0
1.11022e-12
0
1.66533e-11
8.88178e-12
1.9984e-11
3.33067e-12
0
-4.44089e-12
4.4631e-10
1.44329e-11
-2.10942e-11
-1.22125e-11
0
-4.44089e-12
3.33067e-12
0
2.22045e-12
1.11022e-12
0
0
-1.11022e-12
0
1.11022e-12
0
-1.11022e-12
-1.11022e-12
2.33147e-11
4.44089e-10
1.81578e-07
8.88178e-10
-1.66533e-11
-1.11022e-12
2.10942e-11
0
0
2.10942e-11
0
2.22045e-12
1.11022e-12
0
3.66374e-11
0
-1.55431e-11
-1.44329e-11
1.22125e-11
1.9984e-11
4.50751e-10
4.56302e-10
1.81146e-07
8.81517e-10
-1.11022e-12
7.77156e-12
1.9984e-11
0
-4.44089e-12
2.33147e-11
-2.22045e-12
1.11022e-12
-2.22045e-12
-1.11022e-12
3.66374e-11
0
-8.88178e-12
5.55112e-12
1.77636e-11
3.21965e-11
4.22995e-10
)
;
    }
    bottom
    {
        type            calculated;
        value           nonuniform List<scalar> 
400
(
-4.42979e-10
1.22125e-11
-8.88178e-12
1.11022e-11
-2.22045e-12
0
-1.33227e-11
-3.10862e-11
-1.44329e-11
1.11022e-12
0
0
2.22045e-12
0
0
-1.11022e-12
-1.22125e-11
-8.9595e-10
-1.81163e-07
-4.4631e-10
-4.42979e-10
8.88178e-12
-4.44089e-12
5.55112e-12
-1.11022e-12
3.33067e-12
-1.55431e-11
-3.33067e-11
-1.66533e-11
0
-1.11022e-12
0
3.33067e-12
0
3.33067e-12
6.66134e-12
-1.11022e-11
-8.9595e-10
-1.81584e-07
-4.30767e-10
-2.88658e-11
-1.88738e-11
0
-1.22125e-11
1.11022e-12
0
-2.22045e-12
-4.44089e-12
-2.22045e-12
0
2.22045e-12
4.44089e-12
-2.22045e-12
1.11022e-12
4.44089e-12
1.11022e-11
1.33227e-11
8.88178e-12
-4.21885e-10
-1.22125e-11
-1.55431e-11
0
-8.88178e-12
6.66134e-12
-5.55112e-12
-3.33067e-12
-2.22045e-12
0
-1.11022e-12
1.11022e-12
0
4.44089e-12
0
3.33067e-12
0
1.11022e-12
0
0
-7.77156e-12
1.11022e-12
1.11022e-11
8.88178e-12
1.55431e-11
6.66134e-12
0
0
1.11022e-12
3.33067e-12
4.44089e-12
2.22045e-12
-3.33067e-12
-4.44089e-12
3.33067e-12
0
-1.11022e-12
-4.44089e-12
1.44329e-11
-6.66134e-12
-8.88178e-12
1.11022e-11
1.33227e-11
5.55112e-12
9.99201e-12
-1.44329e-11
6.66134e-12
3.33067e-12
-1.11022e-12
0
1.11022e-12
-1.11022e-12
0
0
0
0
0
0
0
0
0
0
1.66533e-11
1.11022e-12
-2.22045e-12
1.44329e-11
1.77636e-11
3.33067e-12
5.55112e-12
-3.33067e-12
-1.11022e-12
2.22045e-12
-1.11022e-12
2.22045e-12
-3.33067e-12
4.44089e-12
-3.33067e-12
-1.9984e-11
-2.33147e-11
9.99201e-12
2.22045e-11
-1.11022e-11
1.11022e-12
-1.22125e-11
0
7.77156e-12
-5.55112e-12
0
0
0
0
3.33067e-12
0
-3.33067e-12
0
-4.44089e-12
0
0
1.11022e-11
-1.11022e-12
2.10942e-11
-1.66533e-11
-1.11022e-11
1.11022e-11
-6.66134e-12
0
-1.44329e-11
-3.33067e-12
-2.22045e-12
3.33067e-12
-2.22045e-12
-4.44089e-12
1.11022e-12
-3.33067e-12
3.33067e-12
-4.44089e-12
3.33067e-12
1.9984e-11
1.44329e-11
-8.88178e-12
-3.33067e-12
2.66454e-11
-9.99201e-12
6.66134e-12
4.44089e-12
1.77636e-11
-1.11022e-12
-3.33067e-12
-1.11022e-12
-3.33067e-12
0
-3.33067e-12
-1.11022e-12
0
-3.33067e-12
1.11022e-12
-3.33067e-12
-1.44329e-11
8.88178e-12
-1.9984e-11
-4.44089e-12
-6.66134e-12
-1.66533e-11
-1.88738e-11
-1.22125e-11
-1.55431e-11
1.11022e-11
1.11022e-12
1.11022e-12
0
-1.11022e-12
0
-1.11022e-12
1.11022e-12
-3.33067e-12
0
-3.33067e-12
-1.44329e-11
9.99201e-12
-7.77156e-12
3.33067e-12
-7.77156e-12
3.33067e-12
4.44089e-12
4.44089e-12
-1.22125e-11
9.99201e-12
2.22045e-12
0
0
2.22045e-12
0
0
0
0
0
0
-4.44089e-12
1.11022e-12
2.9976e-11
0
-2.22045e-12
1.11022e-12
1.55431e-11
0
0
0
0
0
1.11022e-12
0
0
1.11022e-12
-1.11022e-12
1.11022e-12
1.11022e-12
0
6.66134e-12
-2.77556e-11
2.22045e-12
-2.22045e-11
8.88178e-12
-7.77156e-12
-9.99201e-12
-1.9984e-11
8.88178e-12
7.77156e-12
0
2.22045e-12
0
0
2.22045e-12
0
0
0
0
0
0
0
0
0
0
1.22125e-11
-7.77156e-12
1.77636e-11
1.66533e-11
-1.88738e-11
2.22045e-12
-3.33067e-12
-4.44089e-12
3.33067e-12
0
-1.11022e-12
0
-1.11022e-12
-1.11022e-12
0
-1.11022e-11
1.11022e-11
-1.55431e-11
8.88178e-12
-2.88658e-11
-4.44089e-12
-6.66134e-12
8.88178e-12
4.44089e-12
-2.22045e-12
0
2.22045e-12
0
-3.33067e-12
-2.22045e-12
0
3.33067e-12
1.11022e-12
0
0
8.88178e-12
-2.22045e-11
-1.11022e-11
-1.44329e-11
5.55112e-12
1.11022e-12
4.44089e-12
-4.44089e-12
0
9.99201e-12
-2.22045e-12
0
1.11022e-12
-2.22045e-12
0
0
0
0
1.11022e-12
0
1.66533e-11
8.88178e-12
1.9984e-11
3.33067e-12
0
-4.44089e-12
4.4631e-10
1.44329e-11
-2.10942e-11
-1.22125e-11
0
-4.44089e-12
3.33067e-12
0
2.22045e-12
1.11022e-12
0
0
-1.11022e-12
0
1.11022e-12
0
-1.11022e-12
-1.11022e-12
2.33147e-11
4.44089e-10
1.81578e-07
8.88178e-10
-1.66533e-11
-1.11022e-12
2.10942e-11
0
0
2.10942e-11
0
2.22045e-12
1.11022e-12
0
3.66374e-11
0
-1.55431e-11
-1.44329e-11
1.22125e-11
1.9984e-11
4.50751e-10
4.56302e-10
1.81146e-07
8.81517e-10
-1.11022e-12
7.77156e-12
1.9984e-11
0
-4.44089e-12
2.33147e-11
-2.22045e-12
1.11022e-12
-2.22045e-12
-1.11022e-12
3.66374e-11
0
-8.88178e-12
5.55112e-12
1.77636e-11
3.21965e-11
4.22995e-10
)
;
    }
}


// ************************************************************************* //
