/*--------------------------------*- C++ -*----------------------------------*\
  =========                 |
  \\      /  F ield         | OpenFOAM: The Open Source CFD Toolbox
   \\    /   O peration     | Website:  https://openfoam.org
    \\  /    A nd           | Version:  8
     \\/     M anipulation  |
\*---------------------------------------------------------------------------*/
FoamFile
{
    version     2.0;
    format      ascii;
    class       volScalarField;
    location    "100";
    object      wpod_4;
}
// * * * * * * * * * * * * * * * * * * * * * * * * * * * * * * * * * * * * * //

dimensions      [0 1 -1 0 0 0 0];

internalField   nonuniform List<scalar> 
12225
(
-3.1403e-16
6.46775e-17
-1.0585e-16
4.23254e-17
-1.14965e-16
4.78968e-17
5.6632e-17
-4.57708e-17
-5.08074e-17
-1.30081e-18
4.82796e-17
-3.27718e-17
-6.29657e-17
3.57003e-17
-3.7796e-17
-5.22923e-17
3.24867e-17
4.29536e-17
1.94607e-17
-1.89437e-18
-1.77336e-17
-6.84862e-18
-2.62867e-17
4.5973e-18
-2.56e-18
-4.05788e-18
-1.26467e-17
1.25372e-17
2.21624e-19
2.08934e-18
-6.63822e-18
-4.81203e-18
2.4543e-17
5.61125e-18
1.1911e-17
-1.04369e-17
1.4094e-17
-6.26521e-18
-9.16317e-18
-8.10442e-18
-5.97806e-18
1.4362e-17
-1.4137e-17
2.25009e-17
4.46135e-18
-1.22058e-17
-8.34307e-18
1.43176e-17
-8.55193e-20
-7.30682e-18
1.55662e-17
-7.464e-18
-6.41982e-18
-3.02191e-18
-4.7939e-18
-6.60986e-18
8.51805e-18
1.14624e-18
1.72353e-18
-1.04027e-18
3.0951e-18
-8.45123e-20
8.50972e-19
-1.6436e-18
7.20918e-18
-6.39949e-18
4.75526e-18
4.66304e-18
-5.69211e-18
1.24522e-18
-1.65017e-18
3.86378e-18
-6.55389e-18
-4.28801e-18
-2.60833e-18
2.82709e-19
1.79161e-18
1.06542e-18
4.14542e-19
-4.00309e-19
1.28035e-18
1.0013e-18
2.92753e-19
2.44899e-19
1.06586e-18
5.86255e-19
-3.29748e-19
-3.53956e-19
3.49189e-19
3.69286e-19
3.95942e-19
3.38719e-20
-1.28153e-20
-2.87948e-20
-1.17748e-19
1.00424e-19
-3.95013e-21
-7.96382e-21
0
0
0
0
0
0
0
0
0
0
0
0
0
0
0
0
0
0
0
0
0
0
0
0
0
0
0
0
0
0
0
0
0
0
0
0
0
0
0
0
0
0
0
0
0
0
0
0
0
0
0
0
0
0
0
0
0
0
0
0
0
0
0
0
0
0
0
0
0
0
0
0
0
0
0
0
0
0
0
0
0
0
0
0
0
0
0
0
0
0
0
0
0
0
0
0
0
0
0
0
0
0
0
0
0
0
0
0
0
0
0
0
0
0
0
0
0
0
0
0
0
0
0
0
0
0
0
0
0
0
0
0
0
0
0
0
0
0
0
0
0
0
0
0
0
0
0
0
0
0
0
0
0
0
0
0
0
0
0
0
0
0
0
0
0
0
0
0
0
0
0
0
0
0
0
0
0
0
0
0
0
0
0
0
0
0
0
0
0
0
0
0
0
0
0
0
0
0
0
0
0
0
0
0
0
0
0
0
0
0
0
0
0
0
0
0
0
0
0
0
0
0
0
0
0
0
0
0
0
0
0
0
0
0
0
0
0
0
0
0
0
0
0
0
0
0
0
0
0
0
0
0
0
0
0
0
0
0
0
0
0
0
0
0
0
0
0
0
0
0
0
0
0
0
0
0
0
0
0
0
0
0
0
0
0
0
0
0
0
0
0
0
0
0
0
0
0
0
0
0
0
0
0
0
0
0
0
0
0
0
0
0
0
0
0
0
0
0
0
0
0
0
0
0
0
0
0
0
0
0
0
0
0
0
0
0
0
0
0
0
0
0
0
0
0
0
0
0
0
0
0
0
0
0
0
0
0
0
0
0
0
0
0
0
0
0
0
0
0
0
0
0
0
0
0
0
0
0
0
0
0
0
0
0
0
0
0
0
0
0
0
0
0
0
0
0
0
0
0
0
0
0
0
0
0
0
0
0
0
0
0
0
0
0
0
0
0
0
0
0
0
0
0
0
0
0
0
0
0
0
0
0
0
0
0
0
0
0
0
0
0
0
-0.00129805
0.00247283
0
0
0
-0.000833424
0
0
0
0
-0.000870015
0
0
0
0
-0.000139083
0
0
0
0
0
0
0
0.000499028
-0.000457175
0.000383464
0.000330377
0
0
-0.000234411
-0.000220225
0
0
-0.000187654
0
0
0.000173923
0
0.000176564
0.000352103
0
0
0
0
0
0.000388689
0.000388695
0.000396554
0
-0.000417567
0
0.000427741
0.00043709
0
0
0
0.000462225
0
0
0
0
0
0
0
0
-0.000503796
0
0
0.000513327
0.000523012
0
-0.000527194
0.000531604
0
-0.00053396
0
0
0.000541902
0
-0.000546415
0
0.00054493
0.000542983
0.00054293
0.00108324
-0.00108016
0
0
0
-0.00105962
-0.0010494
0.00104241
0
-0.00101908
-0.00100159
-0.000983683
0
0
0
-0.000903089
0
0
0.000825744
0
0
0.00073167
0
0
-0.000609851
-0.000563411
0
0.000452506
0
-0.000325351
0
-0.00018806
-0.000113638
0
0
0
0
0
0
0
0.000390052
-0.000426837
0
0
0
0
-0.00111943
0
0.00118999
-0.00121695
0
0
0
0.0012714
0.00128028
0
0.00126301
0.00124376
-0.00122636
0
0
-0.0011106
0
0
0
0
0.000982517
0.000950022
0
0.000915358
0
0
0.000860184
0
0.000835235
0
0
0.000789292
0
0.000762569
0
0
0
-0.000707523
0
0.000690399
0
0
0
0
0
0
0
-0.00108237
0
0
0.00275563
-0.000275475
0
-0.000310681
0
-0.000136352
0.000185309
0.000104807
0
-2.99603e-06
-2.0874e-05
0
0
0
0
-7.56164e-05
0
0.000201866
0
0
-0.000145114
0
8.86769e-05
-3.89189e-05
3.1896e-05
-2.83562e-05
-2.38416e-05
0
0
6.08229e-06
-1.62811e-06
0
0
6.98034e-06
0
0
-1.34653e-05
0
1.59164e-05
-4.48815e-05
0
0
-0.000121377
-0.000130911
-0.000138272
7.19566e-05
-8.64738e-05
-0.000281209
0.000202435
0.00011133
0
-0.000121309
0.00012216
0
0
0
-0.000153554
0
0.000329905
0
0.000357136
0
-0.000378376
0
0.000399708
-0.000200398
0
-0.000426119
-0.000218749
-0.000223958
0
-0.000225981
-0.000232846
0
0.000241823
-0.000485939
0
-0.000251022
0
0.000766624
0
-0.000767452
-0.000261313
0.000257965
0.000518655
-0.000515903
0
0
0
0.00158003
0.000525187
-0.000519752
0
-0.000516897
0.000509488
0.000503403
0
0
0
0.000471568
0
-0.000910627
-0.00135819
0.000882627
0
0.000431074
0
0.000791056
-0.000391031
-0.000373695
0
-0.00100702
0.00064855
0.000302124
0
0.000277715
0.000792291
0
0.00045112
0.000424489
0.000397794
0
0
0
-0.000150365
-0.000122793
0
-0.000197877
-0.000171437
0
-0.000115581
-0.000197061
5.19176e-05
6.15967e-05
0
0
0
-1.50462e-05
1.94829e-05
7.22689e-05
-4.55582e-05
3.34077e-05
7.31744e-05
0
0
-9.42884e-05
0
0
0.000253039
0
0.000159186
-0.000157571
0
0.000140041
0
0
-0.000167174
0.000378384
-0.000181923
0
0
0.000174701
0
0.000181507
0
0
0
0.000177829
0
-0.000210541
0
0
0.000381065
-0.000411847
0
0
0
0.000924026
0
-0.000685934
-7.11128e-06
-0.0032438
0
0.00104937
0
0
5.44536e-06
-0.000119267
-8.20115e-05
-4.36659e-05
0
0
-1.17764e-05
-4.62411e-05
6.25859e-05
0
7.01038e-05
-3.71729e-05
0
5.65941e-05
2.87541e-05
-4.12427e-05
-1.89118e-05
0
1.04435e-05
4.25801e-06
0
-1.20536e-05
0
-2.20951e-05
-9.60417e-06
0
0
0
0
0
0
4.11538e-06
-8.13462e-06
0
0
0
4.04054e-06
3.97068e-05
9.2534e-05
-0.000111534
-6.62542e-05
8.31583e-05
-4.13079e-06
9.93774e-05
0
0.00011855
-4.16219e-06
0
0
-0.000162795
0
0
0.000190106
0.000412454
-0.00022015
0
0.000237258
0
0.00024107
0.000258271
-0.000526773
-0.000267718
0
0.000569093
0
0.000886662
0.000596713
0.000609474
-0.000626641
0.00096655
0
0
-0.000665038
-0.00102325
0
0.000350695
0
-0.00106046
-3.61032e-06
3.34838e-06
0.000710427
0
-0.000730014
-2.00597e-06
0
0
0
0.000727563
0
0
0
0
0
0.000686421
0
0.000662219
0.000669368
-0.000654281
0
-0.000637054
0
-0.000622061
0.000614492
0.00177794
0
0.00163611
0.000536538
0
0.00103512
0.00102338
-0.00147852
0
-0.000436274
-0.000425442
-0.00127499
0
0
0
-0.000373588
0
0
0.000324083
0.000302537
0
0
0.000515447
0
-0.000473579
-0.000478078
0
0
0.000414014
-9.07e-06
-8.85086e-06
0
0.000709235
0
0
0
-0.000274485
0
0.000532073
0.000218296
0
0.000163006
0
0
0.000593498
-0.000368503
0
-0.000280431
8.38553e-05
0
0
0
0.000389112
0
0.000104789
0
0
0
0
0
0
0.000143178
0
7.33886e-05
-0.000124916
0
0
0.000177753
0.000215661
-0.000199137
-0.000118342
-0.000438736
0.00511724
0.00160226
0.000471179
0
-0.000467783
0.000180945
0
9.17193e-05
0
-0.000112798
0
-3.09926e-05
-4.99599e-05
4.05786e-05
0
2.78313e-05
0
0
3.0507e-05
0
5.05323e-06
0
0
-4.07159e-06
4.77888e-05
5.26734e-05
5.28315e-05
0
0.00010385
0
3.61259e-05
0
0
-1.67923e-05
0
1.14384e-05
-2.83539e-06
-8.3068e-06
3.01153e-06
0
0
-6.16563e-07
0
-2.10352e-05
2.97474e-05
3.88572e-05
0
-5.62996e-05
-6.42274e-05
0.000141286
-8.2347e-05
-9.26532e-05
0
0
0.000117941
0
0
-0.000286212
-0.000302933
0
0
0
0
-0.00037462
0.000384594
0.000402542
0.000824082
0
-4.24068e-06
0
-0.000462469
-3.88117e-06
-0.000482916
0.000492293
-3.48159e-06
0
0.000524217
0.000533386
0.00108415
0
-0.000553491
0
0.00113054
-0.00057158
0.00057367
-0.000575224
-0.0011644
0.000585865
-0.000589769
0
0.00117809
0
0.00118377
-0.00117896
-0.00117105
0.0011655
0.00116367
0
0.00057044
0
0
0.00110664
0
0
0.00106301
0
0
0
-0.00202383
0
-0.00192983
-0.000933974
-0.000918899
7.66537e-06
-0.000903253
0.00177218
0.000869448
0
0.00081184
0.00158637
0
0
0
-7.98471e-06
0
0
0
0
-0.00123875
0
0.00117205
0
0.00110615
0.00054358
-0.00107574
0.00101831
0.000502269
-0.000484543
0.000462934
0
0.000448985
0
0
0
0.000795955
0
4.97347e-06
0
0
0.000650027
0
0
-0.000659184
-4.50041e-06
0
0.000591485
0.000541723
0
0
-0.000504713
2.98552e-06
0
-0.000547164
0
0
0
0.000517361
0
0
-0.00048317
0
0
0.000898061
0
0
-0.000491837
-0.00099401
0.000497733
0
-0.000616168
-0.00278659
-0.00140018
-0.000889841
0
0.000967054
1.20419e-05
0
0
0
0.000143449
0
0
0
0
0
-7.0239e-05
-6.54652e-05
0
0
8.21149e-05
-0.00015783
0
-7.8823e-05
7.58654e-05
0
-0.000247556
0.00016776
-0.000160051
-6.8382e-05
0
-0.000150833
0
0
2.09057e-05
-3.9762e-05
-4.8873e-05
4.04087e-05
1.02091e-05
-1.68525e-05
0
0
4.62392e-06
0
-1.72336e-05
-2.74798e-05
-3.93214e-05
0
6.77844e-05
0
-0.000197164
0
0.000127825
0
-0.000158247
0
0
0
0
0
0
0
-0.000281425
0
0
-0.000323944
0
-0.000348296
-0.000357693
-0.000373248
0
0
-0.000403677
0.000824608
0
-0.00129706
0
-0.00045216
0
-0.000464285
-0.000940492
0.000477748
0
-0.000486739
0.000980212
0
0
0.00101197
0
-0.00102002
0
-0.00102582
0
-0.00206195
0.00103495
0.00205219
-0.00102543
-0.00102111
0
2.42498e-06
0
0.00098234
-0.00096596
0
0
-0.000932359
0.000925737
0
0
0.000890275
0
0.000869778
0
0.000832473
-0.000820875
0.00162867
-0.000798469
-0.000781566
0
-0.000748616
-0.000733977
0
0
-0.00137351
0.000669084
-0.0013301
0
0
0
0.00240278
0
-0.00114283
0
-0.00108963
0
0.00105533
-0.0010284
-0.000998847
0.000964152
0
0
6.86331e-06
0
0
0
-0.000828487
0
-0.000817508
0
-0.000760446
-0.000736202
0.000710767
0
-0.000716659
0.000713861
0
0.00067445
-0.00131907
0
-0.00128567
0.00061036
-0.000637184
0
0.000637833
0
0
0
-0.000611442
0
0
0
0
0
-0.000594646
0
-0.00116868
0
0.00119654
0.00113615
0
0
0.00237171
0
0
0
1.54874e-05
1.36226e-05
0.000308418
0
0
0
0
0
0.000255975
0
-0.000220123
9.64891e-05
9.16169e-05
0
0
-9.34448e-05
9.42955e-05
0
9.43401e-05
-0.000193371
0
0.000188352
-0.000190942
0.000182797
0
0
0.00012051
0
0
-6.69351e-05
0.000110755
4.96138e-05
-0.000100664
5.21967e-05
0
0
0
-2.82208e-05
0
-4.14383e-06
7.22645e-06
2.00779e-05
2.92048e-05
-4.51463e-05
0
7.14283e-05
0
-3.13186e-06
0
0.0002563
0
-0.000157364
0
0
-0.000405892
0
0
0.000247558
0
0
-0.000567237
0
0.000617876
0.000322074
0
-0.000678841
0
0.000714078
-0.00148377
0
0.000784975
0
0
0.000832254
0
0.000862064
-0.00087761
0
0
-0.000890829
0.000901976
0.000917535
0.000921579
0
0.000930642
0.00094134
0
0
0.00094138
0
-0.000937466
0
0.000936499
0
2.86885e-06
0
-0.000886901
0
0
0
0
-0.000841998
0
0
-0.001626
0
0
0
-0.00157539
0
-0.00151363
0
0.00148579
-0.00145181
0
0.00138068
0
0
0.00254924
-0.00127638
0.00124888
0
0
0
-0.00228346
0
0.00111316
0
0
0
0
0.0010039
0
-0.000953589
0.000943213
0.000915508
-0.000903259
0
0
0
0
0
0
0
0.00077312
0
-0.000738133
0
0.00219688
0
-0.00142404
-0.000690495
0.000697313
0
0.00137156
0
0.00132901
0
0
0
0
0
-0.00128958
-0.00131459
0
0
0
0
0.00129321
0
0.00252306
-0.00123014
-0.00123523
-0.00121745
-0.00116061
0
-0.00200603
0
-0.00175066
-0.00130517
0.0005166
0.000406266
0.00032731
0.000519582
0
0
-0.000334024
0
-0.000556162
0
0.000252554
0
0
-0.000238735
0
-0.000233656
0
0
0
-1.01251e-05
0
0
0
0
0
0
0.0001416
0
-9.62278e-05
-6.64814e-06
-7.13746e-05
0
6.74281e-05
-6.44603e-05
0
0
0
0
0
0
2.00664e-05
-6.24774e-06
-1.19489e-05
4.63275e-05
0
-0.000100828
0.000129046
7.60349e-05
0
-0.000110761
0
0.000141291
0
0
0.000372571
0
-0.000423359
0
0
0
0.0010482
0.000548274
-0.000575812
-0.00059494
0
0.000632683
0
-0.000669694
1.58045e-06
0
0
-0.000746768
0
-0.000784076
0
0.000800761
0.00081797
0
0
0
-0.000849346
-0.000860127
-0.000859989
0
0
-0.000875878
-0.000873433
0
0
0
0.00176657
0
-0.000885162
0
0.000855584
0
-0.00167752
-0.00167448
0.00163472
0
0
-0.00160503
0
-0.00156046
-1.02695e-05
0.00152964
0
0
0.00149537
0
0
0.00144899
-0.00140338
0.0027661
0
-0.00128528
0
0
-0.00244083
0.0012195
0
0
0
0
0.00109384
-0.00108654
-0.00106315
0
0
0
-0.000997869
-0.00196434
0
0.00281449
-0.000915181
-0.000898344
0
0.00172921
0
0
0
0
0.00163167
0
0
0
0
0
4.52267e-06
-0.00145928
0.0014287
-0.00139746
0
0.00140847
0
-0.00135148
-0.00134387
0
0
-0.00133593
-0.00133144
-0.00133363
-2.69037e-06
0.00132958
0
0
0
-0.00133674
-0.00131942
0
-0.00256737
1.22366e-05
1.708e-05
0.0011979
0.00235822
-0.00204616
0
0
0.00340638
0.00127212
3.58473e-05
-0.000768277
2.73798e-05
-0.000507421
0
0
0.000331713
0
0.0002987
0
0
0
0
0.000252034
0
0.000236145
0
0
0.000241595
0.000230493
0.000241819
0.000237544
0
0.000214239
0.000197436
0.000177089
-0.000143098
0
9.98926e-05
-7.39641e-06
-9.2457e-05
-9.15298e-05
0
9.26152e-05
0
0
-0.000152267
-0.000135068
0
0
-8.70098e-05
5.00999e-05
0
-6.46423e-06
0
8.6856e-05
-0.000115255
-0.000143529
0
0
0
0.000256962
0
-0.000316715
0
0
0.000404638
0
0
0
-0.00100545
-0.000526457
0
1.98088e-06
0
-0.000606466
0.000619908
-0.000638979
0.000659115
0
-0.000688668
1.87796e-07
0
0
-0.000752596
-0.000759429
-0.000770781
-0.000786888
0.000802425
0
0
0
0
0.00165332
0
0
0.00250123
0
-0.00169756
0
-0.00167528
0
-0.00171032
0
-0.00163755
0
0.00161589
0.00320623
-0.00157359
0
0.00154896
0.00154131
0
0.00149949
0.00147643
-0.00145899
0.00145513
-0.00145024
-0.00145473
0
0
9.4137e-06
0
-0.001342
-0.00130957
0
0
-0.00122937
0.00120787
0
0
0
-0.00114359
-0.00110172
0
0.00106538
0
0
0
0
0.000981027
0.000976363
0.00192775
-0.00186584
-0.00182749
-0.00179193
0
-0.00337693
0
0
0
0
-0.00160358
0
0
0.00154542
0
0
4.57873e-06
0.00290027
0.00145324
0.00139737
-0.00140765
-0.00282684
0.00141223
-4.60629e-06
0
0
0
0.00133522
0.00133564
0.00135305
-2.77043e-06
0
0
0
0
0.00134736
0
0
0.00128336
0.00126598
0.00124731
-0.00122808
-0.00118026
0.00163009
0.00331662
0
-0.00173484
0
3.59111e-05
-0.000815634
-0.000620921
0
-0.000424533
0
0
0
-0.000314103
0
0
0.000298495
0
0
-0.000267472
0
-0.000259606
0
-0.000504167
0.000259
1.27995e-05
1.24131e-05
-0.000241478
-0.000210835
-0.000393799
1.03054e-05
0
0
-0.000228969
9.6906e-05
9.69812e-05
0.000101781
0
-0.000305008
0.000191142
0.000174284
0.000149758
0.000132597
0
-9.93726e-05
0.00013564
-3.66722e-05
-1.27142e-05
-4.2144e-05
0
0
0
0
0.000157812
0
0
-0.000248925
0
0.000608026
0
-0.00035657
0
0
0
0
0.000485183
0
0.000525379
1.46671e-06
0
0.0005851
-0.000602217
0.000620643
0
0
0.00134121
0.000685936
0
0
0.00220399
0
0.00226769
0.000772046
-0.000786297
-0.00158721
0
0
0
5.18623e-06
0.00162315
0
5.87638e-06
0
0.00162342
0.00164529
-0.00164116
0
0.00164255
0
-0.00162378
0
-0.00158319
-0.00154747
0.00155095
0
-0.00301321
0
0
0
0
0
-0.00141649
0.00139046
0.00139927
0
0
9.48851e-06
0
-0.00131621
0.00254149
0
-0.0024422
0.00360628
0
0.0024238
0
0
0.00114086
0.00110856
-0.00219352
-0.00214687
0
0
0
0
0
0
-0.00378513
0
-7.67674e-06
0.00176811
-0.00172509
0.00168215
0
0
0
0
-0.00158485
0
-0.00161844
-0.00313284
0.00150829
0
-0.00148802
-0.00146152
-0.0014899
-0.00141001
0.00141664
0.00142546
-0.00142133
0.00272766
0
0
0.00137159
-0.0013248
0
-0.00275403
0.001327
0
0
0
-0.00276417
-0.00269918
0
0
0
-0.0025081
-0.00248781
0.00244589
0
0
-0.00324421
0
-0.00186722
0
-0.00102893
0.000784181
-0.000634769
0
0.000386258
0
0
0
0.000276339
-0.000301381
0
-0.000545407
0.000274911
0
0.000246622
0
0.000245353
0.000266305
0.000527404
-0.000547147
-0.000275226
-0.000833019
0.000249709
-0.000476438
0.000629074
-0.000177043
0
-0.000280744
0.00023821
0.000244656
0
0
-0.000236446
0.000207989
-0.00039924
-0.000365542
0
0
0
-7.83393e-06
7.2416e-06
4.60761e-05
8.1772e-06
3.58988e-05
0
0
0
0.000125703
-4.26029e-06
0
0
0
0
-3.22924e-06
0
0.000697424
0
0
0
0
0
-0.00048667
-0.00101752
0.000534266
0
0.00113062
-0.00117345
0
0.0012578
-0.00128356
-0.00195218
0
0
0
-0.00142217
-0.00144205
-0.0029552
0
0.00153624
-4.78475e-06
0.00154883
0.00157007
0
-0.00311587
-0.00314505
0
-0.00156726
0
0
-0.00157422
-7.43781e-06
0.00160835
0
0
0.00314578
0
-9.28109e-06
0
-0.00150292
0
0.00147637
0
0
0.00144002
0
0
0
-0.00137524
-0.0013906
0
-0.00272499
-0.00135013
0.00265647
0.00129965
0.00126351
-0.00241205
-1.74607e-05
-0.00235978
-0.00239825
-0.00475274
0.00232317
0
0.00228568
0.00222748
0.00218578
-1.50641e-05
0
0
0
0
0
0
0.00375842
0
0.00362979
0
0.00348166
0
-0.00169275
0
0.00166393
0
0.0031463
0
0.00162621
-5.17035e-06
-0.00298349
0
0
0
0
0.001417
0
0
0
-0.00419236
-0.00277513
0
-0.00138094
0.00131733
0.00271885
0.00276401
0.00268959
0.0026448
-0.0027402
0
-6.36167e-07
0.00546457
0
0
0
1.72212e-05
2.26059e-05
-0.00253634
0
-0.00199669
0.00350611
0
0.00183746
0
0.0010426
0
0.000574223
0
-0.00039216
0
0
0
0.000280538
0.000261263
0
0.000253555
-0.000251433
0
0
0
0
-0.000265884
-0.000274933
0.0002846
0
0.000542625
-0.000527402
0.000930626
-0.000405256
0
0
0.000291137
0
-0.000270276
0.000280811
0
0.000509064
0
0.0002153
0.000190165
-0.000175639
0
0
9.49369e-05
6.38463e-06
-3.96199e-05
1.68624e-05
-4.95795e-06
0
0
-9.67733e-05
-0.000128423
-0.000155772
-0.000179216
0
0
0
-0.000291773
0
-2.21273e-06
-0.000363353
0.000385745
0
-0.000868349
0.000908755
0.0014295
0.00149765
0
0
-0.00111198
0.00114769
0
-0.00122352
0.00126153
0.00127796
0
0
0.00135933
0
0.00141222
0.00144209
0.00145702
-0.00147747
0.00148593
-0.00148235
-0.00302515
0
0.00152637
0.00153931
0
0
0
-0.00158726
0
0.00154053
-0.0015705
0
0
-0.00153256
0
0.00302619
0
0
0
0.00146594
0
0
-0.00424345
0
0
0
0.00409453
0.00136165
0
0.00267305
0.00265573
-0.00516594
0.00255282
-0.00244584
-1.81669e-05
0.00233043
0
0.00231592
0.00231296
-0.00221876
0
1.72082e-05
-0.00435853
0
0.00211468
0
0
0
0
0
0
-0.00184956
0
-0.00182513
0.00179968
-0.00176967
0
0.00170434
0
5.76607e-06
0
5.5859e-06
0
0
0.00156651
0.00149856
0
-0.00306702
0
0
0
0
-0.00292752
0
0.00292256
-1.18262e-05
0.00284299
0
0
-0.00275838
-0.00281198
-0.00276542
7.13985e-06
0.00281046
0
0.00283304
-0.00554463
0
0
-0.00260741
0.00514546
1.88954e-05
0
0
0.00245143
-0.00373901
0.00261581
0
0
2.69701e-05
0
0
0
-2.37251e-05
0
0
0
-0.000271503
-0.00058512
0
0
0
-0.000603964
-0.000617855
0.000624294
0.000625004
0
0
0
0
0
-2.60708e-05
-0.000458667
0
0
0
0
0
0
-0.000305409
0
-0.000278809
0
0
0
0.000181601
0
0
0
4.96329e-06
0
-2.75178e-05
-1.64153e-05
0
0
0.000101193
-0.000125418
0
0.000180865
0.000204508
0
0
0
0
-0.000336202
0.000357323
-0.000379655
0.000811481
0.00171613
-0.000888281
-0.000927528
-0.000973071
0
0
0
0
0.00116049
0
0
0
-0.00129447
0
4.58807e-06
0
-0.00139774
0
-0.0014262
0
0
0
0.00148056
0
0
0.00153261
0.00153579
0.00151778
0
-8.37344e-06
0
-0.00152496
0
0
0.00149987
0
0
-0.00150466
-0.00148991
0
0
-0.00143336
0.00287108
0
0.00277226
0
0
0.00270101
-0.00269948
-0.00269504
0
0
-0.00257633
0.00250981
-0.00248103
0.00245586
0.00236318
0.00230183
0.00225289
0
-0.00226904
-0.00218354
0
-0.00213934
-1.76346e-05
-0.00213631
0
0
0
0
0
0
0.00188334
0
0.00182589
0
-0.00179984
0
0
0.00173033
0
-0.00332705
0
-0.00159311
0
0
0
0
0
0.00624706
-0.00301357
-0.00295544
0
0.0030047
0.00294915
0
0
-1.32526e-05
-0.00297574
0
-0.00285908
0
0.00281064
0
-0.00570041
0
-0.00285296
0
0.00281249
0
0
0.00273748
-0.0026283
1.51914e-05
0.00262728
0
0
0
-0.00249577
0
0
-0.000855108
0
-0.000511549
0
-0.000380692
0
0
0
0
0.000574452
-0.000648651
0
0
0.000638178
0.000634632
3.79088e-05
-0.000626229
0
0
0
0
0
0.0010559
0
0
0
0
-0.000411294
-0.000393405
0
0
-0.000336619
0
0
0.000259896
0
0
0
0
0
2.76873e-06
4.59492e-05
1.3499e-05
0
-4.31597e-05
0
0
0.000126686
-0.000304395
0
-0.000205517
0
0
0
0
0
0
0.000751286
-0.000802096
-0.000843306
-0.000877143
0.000919739
0
0
0
0
-0.00111241
-0.00113848
0.00117057
-0.00121028
0
0.00253288
0
-0.0013459
-0.00138323
0.00278719
0
0
0.0014558
-0.00145472
0.00147415
-0.00148222
0
0
8.31403e-06
-0.00152172
8.36719e-06
0
-8.82054e-06
0.00152433
-9.27876e-06
0
0
-0.00146374
0
0
-0.00296152
-0.00147133
0
0
0
-0.00279942
0
0
0
0
-0.00529849
0.00268091
-2.30868e-05
-0.00262557
0
0.00252395
0
-0.00243983
-0.00239189
0
-0.00225476
-0.00438999
0
0.00219711
0.00432006
0
0
0.00416134
-1.81039e-05
0
0
0
0.00195655
0
0
-0.00370749
-0.00181422
-0.00179174
0
0
0.00181729
0
0.00176252
0
0.00167846
0
0.00322762
0.00321039
-0.00331743
0
0
0
-0.00317215
-1.69563e-05
0.0030217
0
-0.00305385
0
0
0
0.00301418
0
0.00298757
0.0029508
0
-0.00293817
0.00290612
-1.0498e-05
0.00291946
-7.4663e-06
0
-0.00286812
0
0
0
0.0027303
1.15591e-05
-0.00533967
0
0.00253271
0.00309757
0
0
0
0
0
0.000448427
0
-4.2334e-05
0.000655672
0
0
0
0
0.00135814
0
0
0
0
-0.00147033
0
0
0
-0.000687976
0
0
-0.000586314
0
-0.000543289
0
0
0.000464629
0.000884108
0
0
0.000361368
0
-0.000303215
-0.000269475
0.000240498
0
0
0
0
-8.14464e-05
-5.14335e-05
0
0
3.55589e-05
0
0
0
0.000288316
0
0
0.000447222
0
0.000541602
0
0
0
-0.000721435
-0.0007627
0.000809124
-3.44699e-06
-0.000881993
0
0
0
0
0.00108157
0.00112419
-0.00114489
0.00117218
0.0012101
-0.00123393
0
0
-6.81801e-06
7.01568e-06
0.0013765
-0.001392
7.86304e-06
0.0014142
-0.00288127
0.00144742
0
0.00147521
-0.00147369
0
-0.00147828
0
-0.00149173
0.00149987
0.00147705
-0.00296842
0
0
0.00288935
0
0.0028716
0.00285601
0
0.0028056
0
0
-0.00273762
0
0
0
-2.44946e-05
-0.00261057
0.00257264
0.00252282
0
-0.00492212
0.00243677
0.00240008
-0.00236703
0
0.0022563
0.00218441
0.00219975
0
-0.00217533
0
0
-0.00414331
0.00206574
0
0
0
-0.00194477
0
0
0.00184403
0.00179785
0.00357415
-0.00359274
0.00359056
-0.0017785
0
-0.0034155
0
0
0
-0.00325665
-0.00642974
0.00328215
0.00327614
-0.00324798
-0.00322391
0.00318936
-1.89573e-05
0
0
-0.0030978
0
0.00307768
0
0
-0.00305235
-0.0060283
0
0
0.00615443
-0.00301604
0.00299989
-0.00295888
0.00302452
0.00297831
0.00587294
0
0
0
-0.00283414
0.00274014
0.00268276
0
-0.00208326
-0.00272426
0
0
0
0
0
0
0
0.00071117
-0.000680178
0
0
0.000714175
0
-0.00147604
0.00078092
0
0
0
0.000794663
0.000810459
0
0
0.000731197
-0.000717746
0
0
0.000649729
0.000614632
0
0
0
-0.000488302
0
0
0.000385314
0.000350457
0.000317015
0
-0.000247849
0
0
0
0.000230096
0
0.000102082
0
0
-6.2711e-05
0
-0.000175068
0.000227185
0
0.000322607
0.000376409
-0.000422288
0
-0.0010438
0
0
0.000666842
0
-5.51244e-06
-0.000775251
-5.87036e-06
0
0
0
0
0.00103876
0
-0.00110944
0
0
-0.00117264
-0.00120794
0
0
0.00132265
-0.00270347
7.93449e-06
0.00138053
-0.00139178
0.00140971
0.00142364
0.00146006
0
-0.00439879
-0.00293007
0
0
0
0.00590537
-0.00296573
0.00297381
0.00291606
0
0
-0.00285834
0
0
-0.00282876
0
-0.00276299
-0.00280239
0
0.00270572
0
0
0
0.00518301
0.00259331
0
0
0
-2.23407e-05
-0.00477023
0.00238756
0.00230567
0.00229646
-0.00447646
-0.00222089
-0.00217184
0
0
0
0
0.00418079
0.00206047
0.00203262
0
0
0
0
0
0
0
-0.00357008
0.00354148
-0.00350042
0
0
0
-0.00330534
0
0
0
0.00323285
0
-0.00651439
0.00327413
0.00325599
-0.00322587
-2.08262e-05
0
0
0.00625236
0
-0.0063884
-0.00323466
0
0.00310197
0.00305736
0
0
-0.00624326
0.00310525
0.00308541
0
0
-0.00302432
-0.00299893
0.00297872
0
0
0
0
0
0
0
0.00499064
0
0
0.00154136
-0.00116008
0
-0.000792129
0
0
0
0
0
-0.000675355
0
0.000702143
2.13429e-05
0
0.000817324
0
0.000830253
-0.000812864
0
0
0
0.000717228
-0.000684949
0
-0.000625892
0
0
-0.000522253
0
0
0
0.000391033
-0.000364314
-0.000332052
0
0
0
0
0.000332874
0.000279507
-0.000416961
0
-0.000103896
0
0
4.19056e-05
0
0.000146997
-0.000401712
0
-0.000581785
-0.000344716
0
0
0.000489279
0
0
-0.000601681
0.000615416
0.00065882
0.000731999
0.00149818
0.000773037
0
0
0
-0.00100162
0.00106363
0
0
0
0
-7.65141e-06
0
0
0
0.00259264
8.27669e-06
0
-0.00270648
-0.00136709
0
-0.00430536
0
0.0028309
0.00277716
-0.00273973
0
0
-0.00287982
0
-0.00288821
0
-0.00288856
0.00282846
0
0
0.00269307
-2.24351e-05
0
0.00268903
0.00266922
-0.00272569
0
0.00256518
0
0.00254912
-0.00250786
-0.00249926
0
0
0
0.00229843
0.0045379
-0.00451768
0
-0.00221394
0.00428307
-2.10948e-05
-0.00212734
0.00215973
-0.00216409
0
0
-0.00204002
-0.00198275
-0.00197414
0
0
0
0
0
0
-0.00352482
0.00350372
0.00345117
-0.00341032
0
0
0
0.00320455
0.00319641
0
-0.00318946
0
0
0.00633683
0
0
0.0032081
0.00631665
0
0
2.17543e-05
0.0031517
-2.0201e-05
-1.98355e-05
0.00325407
0.00317186
-0.00314255
0
0
0.00311159
-0.00311685
-0.00622451
0.00308908
0
0
0.00614267
-0.00914217
0.00607837
0.0060071
0
-0.00573278
0
0
0
-0.00856901
-0.00265602
0
-0.00248999
2.71808e-05
0.000764369
1.12368e-05
-0.000639926
0
0
0.00065076
0
0.000748152
0
0
-0.00167517
0
-0.000854478
0
-0.000837909
0
0
0
0
0
0.00134637
0
0
-0.000587292
0
0.00105637
0
0
0
0.000371842
0
0
0.000551605
0
0
-0.000355937
-2.0921e-05
-2.03058e-05
0.000209436
0.000135224
0
0
0
0
0
0
0.000464076
0.00029189
0.000577752
0
0
0
0
0.000527396
0
0.000596988
-0.00062652
0
8.36194e-06
-0.00159918
-0.00159963
0
-0.000950765
0
0
-0.00109693
0.00110811
0
0
0
-7.2318e-06
0
0
0.00136546
-0.0012987
-0.00386318
0
0.00569303
-0.00284651
0
0.00294385
0
0
0
-1.51594e-05
0
0
0.00293443
0
0
0
0.00300324
-0.00580916
0.00287687
0.00277832
-0.00282538
0.00285453
0
2.19766e-05
-0.00286383
0.00279892
-0.00273856
-0.00260824
-0.00265073
2.42535e-05
0
0
-0.0026273
0
0.00251648
-0.00242018
-0.00238096
-2.169e-05
0
0
-0.00221347
-2.11208e-05
0.00223552
-0.00224772
0.00224596
0
0
0
0
0
0
0
0
0
0
0.0036465
0.00361481
-0.0072528
-0.0072042
0.0035686
0.00354513
0
0
0
-0.00670422
0
0.00329467
0
0
-0.00324881
-0.00329481
0
-0.00654291
-0.00652656
0
0
-0.00325169
-0.00326652
0.00328359
-2.13109e-05
2.10327e-05
2.07762e-05
-2.04938e-05
0
0
0
0
0.00320228
-0.00318443
0
0
-0.00634651
0.00633682
1.64869e-05
-0.00614706
0
0.00582282
0.00563649
0
0
0.00402178
0.00253221
0
0.00183603
0.00135469
-5.33074e-05
0.000579129
0.00102471
-0.000466393
-0.000559437
-2.19135e-05
0
-0.000714081
0.000694191
0.0007076
0.000741151
0
0
0
0
0
0
0
0
0.000635611
-0.0006441
0
0.000589773
0.000576671
0
-0.000994921
0
0
0
-0.000721724
0
0
-0.000574469
0.000493396
0
0.000374079
-0.000575951
-0.000259966
0.000177644
-2.10513e-05
7.62007e-06
3.28929e-05
-8.57874e-05
0
0
0
-0.000271127
1.40047e-05
-0.000279912
0
0
-0.000522925
-0.000600682
1.02471e-05
0
-0.00125597
-0.000680689
0
-0.00077721
0.0016825
0.000882743
0.000904227
0.000968604
0
-0.001032
0
-0.00107316
0
0.00106026
0.00122652
-6.96349e-06
0
0.00132087
-0.00134235
0
-1.56522e-05
-0.00279862
-0.002901
0.00277735
0
0.00293068
0
0
0.00272397
0.0027901
0
-0.00291393
-0.0056542
0
0
0
0.00308854
0.00290565
-0.00595565
-0.00597838
-0.00308845
-0.00303037
0.00296533
-0.00290329
0.00296192
0
0.00269968
0
0.00260149
-0.00253911
0
0
0.0026358
0
-0.00522179
-2.1465e-05
0
0.00225395
0
0
-0.0023398
0.00229946
0.00236896
-0.00458221
-0.00446341
0
0
0
0.00417596
0
0
0
0
0
0
-0.00754798
0
0.00775671
0.00379651
0
-0.00371714
-0.00357529
0
-0.00356894
0.00349509
0
0
0
0
-0.00333952
0.0066924
0
0.00335013
0.00333454
0
0
0
0
-0.00338226
0.00672138
-0.00336652
-0.0067435
0.00335286
0.00335275
0
0
0
0
0
0
0
0
0
-0.0129576
0
0
0.00595809
-0.00570663
0
0
0.00297072
0
0
-0.000625193
-0.000468346
-0.000675973
-0.000312651
-0.000420083
0.00041762
0.000800863
-0.000399691
0
0
-0.000929341
-0.000522
0
0
0
0
0
0
0
0
-0.000510998
-0.000557614
0.000530417
0
-0.000517826
0
0.000436889
0.000444359
0
0.000351872
0
0
0
0
0
-0.000463837
0.00038194
0
0.000257249
0
-0.000392085
-0.000118604
-2.56252e-05
-4.08419e-05
1.04401e-05
0
0
0.000154005
0
-0.000578741
-0.000296127
0
0
0.000973742
0.000539626
-0.000545159
0
0.000662769
0.000673112
0
0
-0.000843699
0.000973618
-0.000974219
0
0
-8.75227e-06
0
-0.00103046
0.00101451
-0.00107276
6.58729e-06
0.00275121
0
-0.00135117
0
0
0.00280383
0.0027791
0
0.00276612
-0.00303726
-0.00304216
0
0
-0.00571604
0
0
0.00295741
0.0030844
0
0.00313391
0.00285964
-0.00610352
0
0.00292853
0.00300527
-2.03181e-05
-2.01948e-05
-0.00305392
0
0
0
0.0027884
0.00263672
0
-0.00259156
0.00266068
0
0
0
0.00278527
0.00255454
0
0
0.00233791
0
0.0024073
0
-0.00243632
0.0045071
0.0041814
0
0.00459456
0
4.04421e-05
0
0
0.00391236
-0.00385499
0.00386029
0
0.00770655
0
-0.00395964
-0.00391132
0.00390189
0.00386708
0.00367622
0
0.00360171
0.00355201
0.00348187
0
0
0
0.0033538
-0.00343761
-0.00346202
-0.00350238
0.00342952
0
0
0
0
0.00343319
2.39065e-05
0.00344924
0.00342682
0
2.19518e-05
0.0034048
-0.00339905
-0.00339116
0
0
0
0
0.00657462
0
0.00656662
0
0
-0.00611184
0
0
0
-0.00272173
0
0
0.000123824
0
9.83699e-05
9.28795e-05
-4.49133e-06
0
-0.000112778
-4.41665e-05
0
0.00011999
0.000208241
0
0
0
0
0
0
0
-0.000263598
0
0.000683035
0
-0.00039957
0.000376934
-0.000373451
0.000361482
-0.000387418
0
0
-0.000323461
-0.000292897
-0.00027349
0
0
0
0.000169869
-0.000330684
0.000251564
0
0
2.18213e-05
0
0
7.83981e-05
3.63614e-05
6.17127e-05
0
-0.000179333
0
0.00027956
0.000315914
0
0
-0.000452871
0
0
0
0
-0.000663443
0.000667659
-0.000722531
0
6.92285e-06
0
-0.000984886
0.000957607
0.00103987
0
0.00102284
-0.000996867
0
6.18465e-06
6.21192e-06
0
0
-0.00132926
0
0.00135479
0
0
-0.00286221
-1.15655e-05
-0.00297286
0
0
0.00294238
0
0
0
0
0
-0.0060688
-0.00287567
0.00303518
0
-0.00298432
-0.00284142
0.00591797
0.0030046
0
-0.00302721
0
0
-0.00285357
-0.00271601
0
0.00536799
-0.00273192
0
0.00273853
0
0
0
0
-0.00240564
2.09269e-05
-0.00263906
0
0
-0.0024888
0
-0.00216201
0
-0.00451332
0
3.82526e-05
0
0
-0.00402763
-3.293e-05
-0.00368745
0
-0.00737254
0
0.00378942
0.00383363
-0.00395221
2.32473e-05
0
0
-0.00363108
-0.0034801
-0.00336382
-0.0033517
0
0.00333049
0.00336361
-0.003579
0.00354979
0.00358025
-0.00351511
0
0
0
-0.00350923
0.00351333
-0.00347424
-0.00347133
0
0
-0.00344353
2.14106e-05
0.00687994
0.00342485
0
0
-0.00338613
0
-0.00663974
-0.00330195
0
0.00654379
0
-0.00615096
-0.00584493
-0.00581815
0
0
-0.000243424
0
2.53127e-05
-0.000275494
0
0
-0.000123374
0
0
-0.000280321
0
0.000191372
0.000213026
-0.000165918
0
0
-5.75193e-05
0
0
0
4.19693e-05
0
-0.000241666
0
0
-0.000216139
0.000219055
-0.000237516
0
0
0
0
0.000234202
0.000217883
0
0.000156906
0
-0.000126571
9.46234e-05
-0.00016463
0
-3.84134e-05
9.61758e-05
0
-2.83893e-05
1.58898e-05
1.46138e-05
-0.000200814
0
0.000223602
0
0
0.000327596
0
0
0
0.000469835
0
-0.000559469
0
0.00062825
-0.00065174
-6.31755e-06
0
-0.000835408
0
0.000904829
-0.000864673
-0.000954468
0
0
-0.000983575
0
-0.00113248
-0.00122649
0.00121762
0
0.0012624
0
-0.00254954
0
0
-0.00139739
0.0043826
0.00284398
0.00143773
0
0
-0.00291377
0
0
-0.00291834
-0.00305398
-1.36679e-05
0
0
0.00290879
0.00301039
-1.81332e-05
1.83329e-05
0
0
-1.86494e-05
0
0.0028442
0
-0.00272224
0
1.79862e-05
-0.00270094
-0.00257775
-0.00272779
0
0
0.00259685
0
0.00245914
2.08892e-05
0.00255839
0
0
0.00238792
-0.00230807
0.00219989
-0.00214119
0
0
-0.00663228
-0.00223959
0
0
0.00416128
0
0
-2.86315e-05
0
-0.00361483
0.00364244
0
-0.00371957
0
-0.00374164
0.00362593
0
0
-2.66437e-05
0
-0.00667247
-0.0067421
0.00354556
0
0.00362564
0
0
0
0
0.00354157
2.47509e-05
0.00352699
0
0
0
0.00349263
-0.00346407
-0.0069441
0
0.00344616
0.0034374
-1.63924e-05
0.00336889
-0.00335567
0.00329292
0
-0.00980922
-0.00311056
0.00609765
0.00880626
0.00583374
0
0
0.000183415
0
0
0.000901924
0
0
0.000651234
0
0
0
0
0
-0.00054332
0.000462869
0.000457331
0
-5.45439e-05
0
0
0
-0.000220168
0.000206798
-0.000190158
0
0
0
0
0
0
0
0
4.82703e-05
0
0
0
-8.95997e-05
0
2.86519e-05
-1.11337e-05
1.08908e-05
0
9.24354e-06
-8.59916e-06
0
0.000112474
-0.000136316
-0.000257075
0.000184559
0
-0.000252074
-0.000138666
0
7.15687e-06
0
0.000379152
0
-0.000429311
0
0.000494456
0
0
0
0.00119308
0
0
0
0
0.000833572
0.000907063
0
0
0.000930772
0
0.00106012
0
-0.00230185
0
-0.00119826
0
0.00120738
0.00131935
0
0.00128504
-0.00138265
0
3.90498e-06
-0.00135919
-0.00143172
0.00140092
0
-0.00144989
0.00282844
0.00292754
0.00280038
0.0014054
0
-0.00296826
0
0.00295688
1.6558e-05
0.00301169
0
0.0028366
0
-0.00260379
0
-1.48963e-05
0
1.60955e-05
-1.69518e-05
0.00247942
0
0.00255018
0
-0.0025814
0
0.00244817
-0.00449664
0.00230043
0
-0.00232086
0
0.00442813
0
0.00214431
0
0
0.00215026
0.00215412
0
-0.00223282
0
0
0
0.00380274
0
0
-0.00373233
-0.00184481
0
0
0.00366778
0
0
0.00361925
0.00347019
0
0.00342283
0.00347281
-0.00354661
0
-0.00357689
0
0
0
0
0
-0.0035155
2.39301e-05
0
0
0
-0.00347743
0
-1.96411e-05
0
-0.00344274
-0.00345254
0.00682426
1.49597e-05
0.00334446
0
-0.00329543
-1.45706e-05
0.00312035
0
-0.00295113
0
0
0
-0.000780975
-0.000987772
0
-0.00148405
0
0
-0.000772893
0
0
0
0
0
0
0
-0.00117411
0
0.000296883
-0.000631709
-0.000544811
0
0
-0.000388728
0.000697982
0.000313935
0
0
0.000243254
0
0
-0.000130599
0
0.000109206
0
9.60243e-05
0
0
7.41368e-05
9.4387e-05
0.0001112
-0.000114172
0
-0.000123172
0.000243225
0
0
0
0.000152045
0
0
0
-3.15966e-06
-0.000179557
-0.000370203
0
-0.00019536
-0.000207025
0
-0.000223737
0
0.00025581
0
0
-0.000576498
-0.00063974
0.000678683
0
0
-0.000772777
0
0
-0.000867472
0.000876265
-0.000953673
-0.000970186
0
0.00106152
-0.00106593
0.00227692
0
0
-0.00119247
0
0.00120499
0
0.00127246
-0.00126196
0.00133514
0.00134713
-3.49667e-06
0
0.00135325
0
0
-0.00134942
5.27941e-06
0.00149233
0
0
0.00145363
-0.00388145
-0.00140584
0
0
0
0
0.0012832
0.00273558
0.0025727
-0.00260702
0.0024201
0.00239933
0
-0.00494932
-0.00254561
0.00266124
0
-0.00242956
-1.84956e-05
-0.00223652
0
0.00466325
0
-0.00217766
0.0021357
0
0
0
-0.00200807
-0.00200941
0
-1.26007e-05
-0.00215309
-0.00212173
0
0
-0.00198929
0
0.00192161
0.0018997
0
0
0
-0.00181179
-0.0017614
-0.00353814
0
0
0.00175599
0
0.0035164
-0.00177229
0
0
0
0
-0.00355054
0.00353423
-0.00351237
-0.00347795
0.00350384
0
0.00349929
0
-0.00349767
0.00346759
0
0.00343714
0
-0.00339245
-0.00336769
0
-0.00328645
-1.53148e-05
0.00643924
0
-0.00306869
0
-0.0029478
0
0.00251209
0
0.0015331
0
0.00141859
-0.00142949
-0.00135267
0.00119355
0
0
-0.000961157
0
0
-0.000671197
0
0.000512176
-0.000494788
0.000436511
0.000782755
0.000325415
0
0
0
-0.000837855
-0.000490996
0
0
-0.000608434
0
0
0.00029172
0
0
0
-0.000259606
0
0
-0.000225528
0.00025418
0
0
0
-0.000242704
-0.000439092
-0.000239167
0
0.00022933
-0.000236458
0
0
-0.000236486
0.000240223
0.000481059
-0.000245415
0
-0.000241734
0.00024286
0.000246715
0.000246894
0
-0.000264429
-0.000272084
0
-0.000292441
0.000920381
-0.000983693
0
0
0
0
0
0.00120595
-0.000825627
0.00088965
0.000457867
0
0
0.00152743
-0.00106494
-0.00109978
0
0.0011373
0
-0.00233663
-0.00119906
-0.00241879
0
0
0
-2.46362e-06
0
0.0012811
0.00128654
0
0.00129942
-0.00131762
4.86851e-06
0
-0.00134826
-0.00134776
0.00122291
6.12085e-06
0
-0.00131926
0
-0.00126208
-0.00245255
0
-0.00122322
0
0
-0.00118992
0.00122037
0.00237908
0.00249752
-0.00256277
0
0
0.00231086
0
0
-0.0022271
0
0
-0.00210529
0
0
0
0.00192109
0.00192619
0
0.00398785
0.00398648
0.00199116
0
0
0.00383763
0
-0.00187862
0.00187951
0
0
-0.00178257
0.00176997
0.00173353
-0.00174693
0
0
-0.00347568
0.00174683
-0.00174578
0.00173514
-0.00175894
-0.0017848
0
0
0.00348662
-0.00523386
0.00345433
0
-0.00519824
-0.00174626
-0.00344135
0
0.00516207
0
0
-0.00337091
0
0
0
0.00329713
0.00320608
0.00315647
-0.00314033
0
0.00301079
0
0.00579432
0
-0.0033648
-0.00162096
-0.00138246
-0.00116176
0.000995052
0.00163675
0.00221831
0
0
-0.0005367
0.000436024
0
0.000372731
0.000636339
0
0
0.000494415
0
0
0.000381397
0
0
0.000359713
-1.02284e-05
0
0
0
0.000261246
0
0
0
0
0
0
-0.000206217
0
0
0
-0.000393232
0
0
0
0.000541324
0.000360764
0.000178373
0
-0.000331533
0.000323748
0.000162257
0
0.000496735
0
-0.000326017
0.000482222
0
0
0
5.2844e-07
0
0
0
-4.50714e-07
0
0.00031177
-0.000320645
-2.79591e-07
0
0
0
0
0
-0.000397526
0
-0.000433957
-0.000892654
0.000464484
0.000475452
-0.000488861
-0.000500904
0.000515825
0
-0.00163127
0
0.00112149
0.0016955
0.0011471
0
0
0
0.00178661
-0.000604641
-0.0012134
-0.000610924
0
-0.00062779
0
-0.00125055
0
0.000632584
0
0.000599517
-0.00185399
0.00126009
0.00124628
0
0.00120481
-5.0226e-06
-0.00119237
-0.00117852
0
0.00118575
-0.00118319
-0.00116789
0
0
-0.00119626
-0.00117234
0
-0.00112838
0.00109481
0.00106581
0
0
0
0
0
0.000988937
0.000999554
0
0
0
-0.000945365
-0.0018891
0
0
0.000924265
-0.00180448
0
0
-0.00175741
0
0
0.00259532
-0.000867869
0
0.000838364
0.000855419
0
0.00169877
-0.00168789
0.00338131
0.00168756
0.00168453
-1.22419e-05
0
0
0
0.00171432
0
0
0.00170851
0.0034102
0
-0.00168569
8.13267e-06
0
-0.00167716
0.00165531
0
0
0
-0.00322444
0
0
0
0
0
0
-0.00422671
0
0.00131199
0.000781881
0.00186233
0.000948686
-0.000787246
0.000356804
-0.000281774
0.00027375
0
0.0004369
0.000388744
0
1.17344e-05
0.000292039
0
0
0
0
-0.000205732
-0.000188419
0
0
-0.000164457
0.000157486
0
0
0
0
0
0
0
0
0
0
0.000368296
0
0
-0.000119788
0
0
0
0
-0.000117981
-0.000121949
0.000235205
0
0
0
-0.000213615
0
-0.000213135
0
-0.000103471
-0.000200316
0
0.000186551
0
-0.000356594
0.000175947
0
0
0.000349869
0
-0.000174839
-0.000179981
0.000543623
0.000179129
0
0.000187358
0
0
0.000201074
-0.000206787
0.000430278
0.000442915
-0.000687449
-0.000463942
0
0.000484594
0.000248009
-0.000251604
0.000259651
0
0
-0.000818838
0
0
0
-0.00028452
-0.000570453
0.000578013
-0.000289845
-0.000883186
0
0.000598375
0
0
0
0.000600149
0.000299676
-0.000587195
0.000585787
-0.00118466
0
0.00058447
0
0.00114124
0.00169853
0
0
-0.000569553
-0.00057223
0
0
-0.000560268
0.00110675
0.00167097
0
0.00106571
-0.00103532
-0.00102079
0.000513206
0
0
0
0
-0.0014223
-0.00096642
0
0.000483634
0
-0.00137024
0
0.000456815
0
-0.000855422
-0.000423582
0
0
0
0.000416797
0
-0.000409873
0.00124344
-0.000416041
0.000793241
-0.000819868
0.000815963
0
0
-0.00161373
-0.00158021
-0.000805587
0.00166654
0
0
0
0
0.000829024
0
0
-0.00244374
0
0.00159907
-0.00162937
0
0.00157819
-0.00159866
-0.000785683
-0.000808322
0
0.000787611
0
0.00073972
0
0
0
0.000697242
0.00136773
0
-0.00101544
0.000653833
-0.000465734
0
0
-0.000273268
-0.00024172
-0.000217155
0
0
0
0
-0.000276889
-0.000250866
0
0
0
0
0.000179723
0.000168767
0
0
-0.000159097
0.000154017
0
0
0
0
0
0
0
0
0
0
-0.000131977
0
0
0.000129448
0
0
0
0
-0.000139962
0.000139433
0
0
0
0
0
0
0
0
0.000120898
0
0
-0.000218094
0
0
-0.000204484
0
0
0
0
0.000196522
0.000204246
-0.000197721
-0.000192239
0
-0.000198044
0
0
-0.000206612
0.000209297
0
0
0.00023255
0
0
0
0.000244223
0.000247661
0.000254234
0
0
0.000267753
0
0
0
0.000276701
0
0
0.000281347
0.000284465
0
0
0
0
0
0
-0.00028811
0
0
0
0
-0.000560376
0
0
-0.000553154
0
0
-0.000557314
0.000554816
0
0
0.000541714
0
-0.000542208
0
0
0
0
-0.000491984
0
0
0
0
0.000455575
0
0
-0.000476874
0
0.000435977
0
-0.000457643
0
0
0.00039926
0
0
0
-0.000396912
0
-0.000402592
-0.000400482
0.000395109
0
0
-0.000772674
0
0
0
0
0.000766192
0
0
0
0
0
-0.00079181
0
0
0.000778838
0
0
0
0
0
0
0.000750556
0.000782923
0
-0.000751191
0
-0.000715327
0
0
0
-0.000666263
0
0.00164203
0
0.00104772
0.00082638
-0.000694708
0
-0.000519968
-0.000466822
0.000422563
0.000387957
0
0.00032056
0
0
0
-0.000223736
0.000207083
0
0
0
0
0
0
0
0
0
-0.000141373
0.000141509
0
0
-0.000140223
0
0
0
-0.000136322
0
0
0
0.000257883
0
0
0
0
0
0.000292224
0.000291009
0
0
0
0
0
0
0
0
0
0
0
0.000229895
0
-0.000224114
0
0
0
0
-0.000212292
0
0
0
0
0
0
0
0
-0.000207142
-0.000221335
0
0
0.000231179
0
0
0
0
0
-0.000511693
-0.000518216
-0.000519284
0
0
0
-0.000535788
0
0.000538551
0
0
-0.000548807
0
0
0
0
0
0
0
-0.000534133
0
0
0
-0.000528165
0
0.00052614
0
0
0
0.000526547
-0.000513529
0
0
0
0
0
0
0
0
0
0
-0.000858981
0.000849502
0
0
0
-0.000851966
0
0
-0.000794031
-0.000806091
0
0
0
0.000699891
-0.000713263
0
0.000706064
0
0
0
0.000696956
0
0
0
0
0
0
0
0
0
0.00070236
0
0.0006723
-0.00067825
0
-0.000654829
0
-0.0006526
0
0.000648137
0
0
0.000588177
0.000593914
0
0.00124032
0
-0.0012275
0
0
0
0
0
0
0
0.00096089
0.00116111
0.00196924
-0.000830489
-0.000681315
0.00181863
0
-0.000484438
0.00122786
-0.000366258
0.000363818
0
-0.000279176
0
0.000483125
0
0.000198022
-0.000181549
0
0
0.00030535
0
0
0
-0.000285512
0
0
0.000129936
0.000130708
0
0
0.00013186
0
-0.00023711
0
0.0001246
-0.000251816
-0.000473089
0
-0.00023412
0.000501429
0
0
0
0
-0.000287864
-0.000866628
-0.000553763
0
0
0
0
0
0
0
0
0
0
-0.000239254
0
-0.000237504
0
0
0
0
0.000226605
0
0.000452978
0
0.000442544
0
0
0
0
0.00063654
0.000705872
0
0.000487916
-0.000239854
0
0
-0.000976624
0.0010097
0
0.000513212
0.000519783
0.000515614
0
0
0
0.00159162
0
-0.00158079
0
-0.00105398
0.00160332
0
0
0
0
0
0
0
-0.000517025
0
0
-0.00101684
0.000510263
0
-0.000508375
0
0.00103
0.00102832
0.000503282
0.00149237
-0.000987409
-0.000981526
0.00096873
0
-0.000958863
-0.000906203
0.000901497
0
0
0
0.00083163
-0.000812008
0.00158128
0
0
0.00229134
-0.00153911
0.00148979
0.000754943
-0.000755189
0
-0.00140854
0.00132888
0.000648218
-0.000651579
0
0.000663104
-0.00130433
0
0
0.000653817
0
0.00127672
-0.00123922
0
0
0
0
0
0.00131175
-0.000661052
0
-0.000634361
0.000634355
0
0.00060763
0
-0.000598245
0.00120493
-0.000590803
-0.00120486
-0.00121117
-0.000561097
0.000562293
-0.00112022
1.39806e-06
0
0.00110864
0
0
0.0021502
-0.00203755
0
-0.00194151
0
0.000887909
-0.00203302
-6.60072e-05
0
0
-0.0011116
0
0.00166409
-0.00151531
0
-0.000627441
0
0
0
-0.000433901
-0.000849398
0
0
0
0
-0.000861031
0
0
0
0.00079637
0
0.000512866
-0.000504071
-0.00070805
0
0
0
0
0.000671918
0
0
-0.000237937
0.000415327
0
0
-0.000982359
0.000519853
-0.000539362
0
0
0
0.000561391
0.00053459
0
0
0
0
0
0
0
-0.000501793
0
0
0
-0.000977174
0.00049733
0
0
0
-0.000925335
0.000958537
0
-0.000465866
0
-0.000469344
0
0
0
0.000886078
-0.0013673
-0.00150408
0.00100361
0.000497919
0
0
0
0.00192899
-9.94269e-06
-0.000999555
0
-0.00102179
0
0
0
0.00109987
-1.01014e-05
0
0.00103785
0
0.00102359
-9.97185e-06
-0.00103036
0
0
0
0
0
0.00208824
-0.00100708
-0.00206407
0
0.00297143
0
0
0
0
-0.0029757
0.000975205
0.000949333
-0.000957881
0.000949006
0.000932567
0.000915686
0
-0.000907577
0.000853849
-0.00084812
0
0
0.00160468
0.00156102
0
-0.00147918
0
-0.00145964
-0.00138212
0.00138999
-0.0014084
0
0.00139787
0
0.00128989
-0.00121381
6.10125e-06
-6.54873e-06
0.00117463
-0.00116798
-7.30315e-06
0
0
7.55685e-06
0
-0.00116095
-0.00116086
0
-0.00224672
0
-0.0023555
0
-0.00118693
0
0
0
-0.00234046
0
0
-0.00223825
-0.00109055
-0.00330701
0
-0.00110465
0.00110446
0
-0.00315501
0.00103637
0.00102296
0
0
0
0
-0.00194628
0.00194192
0
0.00178099
0
-6.64855e-06
0.00335928
-0.00159244
0
0
-0.00211112
0.00183729
-0.00241067
0.00217858
-0.00134522
-0.00122255
0
0
0
-0.000840815
0.000776256
0.000765967
0
0
-0.00057437
0.000545905
0
0
0
-0.00048337
0
-0.000459855
0.000464726
0.000460452
0
0
0
0
-0.000442023
0
0
0.000456275
-0.000410208
0.000426674
0
-0.000495546
-0.00049499
0.000505128
0
0.00100853
0
-0.00107556
0
0
0.00109394
0
0
-0.00109849
-0.00117741
-0.00114391
0.00151277
0
-0.00104187
0.000966189
0.000976564
0
-0.000999423
0
-0.000955424
0.000986197
-0.00102622
0
0
0
0
0
0
0
-9.5796e-06
1.0046e-05
0.00106263
-0.00103126
-0.00104219
0.000973927
0
0
-0.000969007
-0.00102757
0.00101955
0.0020447
0.00105007
0
0
0
-0.00111309
-0.00107725
0.00211043
0.00199695
0
-0.0019649
0.000995437
-0.000982924
0
0
0
0
0
-0.00206262
0.00200835
1.96857e-05
0
-1.94862e-05
-0.00195532
0
0
0.00193558
0.00191843
-0.00188978
-0.00181758
0
0
0
-0.00173635
0
0.00171257
0
0
0
0
-0.00146223
-0.00140853
-0.0013602
0
-0.00268548
0.0013234
-0.00251946
0.00252425
0
0
-0.0025525
0
-0.00231741
0.00219991
-0.0010619
0.00306104
0.00105371
-0.00208298
-0.00106174
0
-0.00216132
0.00106773
0.00208008
0.00206134
0.00205698
0
0.00195927
0
0.0021026
0
0
0.00214768
0
0
-5.39297e-06
0
0
0.00202863
-1.54773e-06
0.00198447
0
-8.83448e-08
0
-0.00194352
0.001922
0
-0.0037159
0
-0.0018104
0
0
-0.00343998
0
-0.00331665
0.00320188
0.00311056
-0.00448804
-0.00621705
0
0.00241647
0
-2.1801e-05
4.95378e-05
0.00147394
-0.00132882
0.00245595
0.00224224
0.00103274
0
0
-2.10835e-05
-0.00073362
-0.000676278
0
0
0.000528014
0
-0.000538224
0
0
0
0
-0.000924972
0
0
0
-0.00103831
0
0
0.000910579
-0.000926233
0
0
0.000416048
-0.000450564
0.000968195
0.000919201
0
0
0
-0.000943968
-0.000974293
0.00103313
0.00100925
-0.0010261
-0.00104726
0
0
0.0021859
0.0011892
0.00112871
-0.00204688
0
0.00104581
-7.90239e-07
0
0
0.00103047
0.00105186
0.00100744
0
0
0.00104551
0.000994872
0
-0.00103754
0
0
0
-0.00100393
0.001046
0.00207647
0
0
-0.0029786
0
0
0
0
0
-0.00218907
0
0
0
0
0
-0.00219917
-0.00219227
-0.00208897
-0.00199872
0.00200574
-0.00407051
3.34711e-05
0
0
0
0
-0.00201006
0
0
0.0019708
0
-0.00398612
2.44975e-05
0
0
-2.14467e-05
-0.00186213
-0.00178167
0.0016978
0
-0.00337893
0.00330802
0
0
0
0
-0.00298248
0
0
0
0
0.00124457
0
0.00242757
0
0.00449112
-0.00450445
0
0
0.00227746
0.0021586
0.00201746
-0.00386941
0
-0.00353948
-0.00184905
0.00182173
0.00368316
0
0.00187724
-0.00181422
-0.00176229
-0.00173967
0
0
0
0.00178633
-0.0018573
0.00186534
-0.00187056
3.29046e-06
0
0
0.00177259
0.00179179
-0.00363316
0
-0.00176589
-0.00351301
0
0.00172262
-0.00344516
0.00173661
-0.003453
0
0.00167157
0.00330806
0.00163795
-0.00316945
0.00309601
0.00305361
0
0.00296611
-0.00287699
-0.00269982
2.65156e-05
0.00287841
0.00247247
-0.00451361
0
0.00177062
2.72428e-05
0
0
-0.00233022
-0.00103476
-0.000934359
-0.000855836
0
0.00139595
-0.000672331
-0.0012531
0.00111776
0
0
-0.000993711
0.000481679
0
0
0
-0.000899575
0.000871817
0.000925176
0
0
0.000934384
0
0
-0.000850737
0.000844469
0
0
0
0.000901212
1.20584e-05
-0.000884795
0
0
0
-0.00092121
0.000959711
0
-0.00205941
0.000999732
0
-0.00108465
0
-0.00109738
0
0
0.00105196
0
0.00104542
-0.00107505
0
-0.00205273
0.00218656
0.00110749
0
0
0
-0.00105037
-0.00103235
0
0.00106021
0
0
0
0
0.00204674
-0.00199862
0
0.00221435
0.00210448
0
0
0
0
0
0
0
0
0
0
0
0.00225739
0
-0.0021316
0.00202145
0
0.00391261
0.00190695
-0.00194675
-0.00189729
-0.00194907
0
0.00384416
0
0
0
0
-0.00186335
0.00188151
0
0
-0.00181627
0.00179208
-0.00165187
-0.00163786
-0.00330827
0.00316458
-0.00309663
0
0
0
0
2.07572e-05
-0.00264303
0
0.00242818
0
-0.002319
0.00228938
-0.00224153
0
-0.00203677
0.0020335
0
-0.00215051
0
-0.00194351
0
0.0033869
0
0.00154359
-0.00163849
0
9.59569e-06
0
-0.00162407
0
0.00147878
0.00146087
0
0
0
-0.00154818
0.00161163
-0.00495801
-0.00165636
-0.00483281
0
0.00301307
-0.00297387
0.00153112
0.00639378
-0.00313921
0.00311948
0.00309737
0
0
0.00302909
0.00301267
2.08648e-05
0
0
-0.00298822
0.0029171
0.00285968
-3.62087e-05
0
0
0
0
0
0.00211421
0
-0.00244701
0.00225041
0
0
-0.00160533
-0.00294217
0
0.00343227
-0.00201119
-0.00180589
-0.000808903
0
0.000665695
0.00119057
-7.35283e-06
-0.00205923
0
0.000939288
0.000931071
0
0
0
0
0.000780294
0
-0.000837462
0.000884698
0.000916409
0
0.000763732
0
0
0.000742846
0.000736178
0
0
-0.0008486
-0.000847071
0.000913779
0.000943168
0
0
-7.23408e-06
0
0
-6.39241e-06
0
0
0.00115553
0
0
-0.00235155
-0.00237305
0.0021573
0
-0.00110693
-0.00222815
0
0.00228974
-0.00239432
-0.00236489
0
0
0
-0.00220725
-0.00226119
0
0
0
0.00213393
-0.00206407
0
-0.00223394
0.00217872
0
-0.00472246
0.0021908
0
0
0
0
0
0
0.00244672
0.00231302
0
0.00219824
0.00226033
-0.00217793
0
0.00429132
-0.00201883
0
-0.00185897
0
-0.00186947
0.00193453
0.00201183
0.00387691
-0.00189663
0.00372465
-0.0039122
-0.00380531
0
0.00369415
0
0
0
0
0
5.58896e-05
0.00318181
0.00321729
0
0
0
0
0.00284366
0
0.00262762
0.00253739
0
-1.77492e-05
0
0.00215459
-0.0021586
0.00207825
0
0
0
0
0.00377727
-0.00185571
0
0
-0.00148213
0.00134058
0
0.00141191
-0.00278119
0.00139135
0
0.00137884
-0.00258174
-0.00365405
0.00121296
0
0
-0.00253767
0.00266132
0.00278698
0.00289602
2.2727e-06
0.00283706
0
-0.00252834
0.0024931
-0.00258049
-0.00271733
0.00266737
0
0
0
0
-0.0025639
-0.00253246
2.82835e-05
0
0
0
-0.00251628
0.00242027
-0.00466499
0
0
0.00201448
-0.00200884
0
0
0
0
0.00445656
0.00387754
0
0
0.00288916
-0.00249496
-0.00224195
0.00397496
0.00177574
0.00160161
0
-8.72593e-07
0.00113862
2.0534e-06
0.00198184
0
-0.000924641
0
-0.000844517
0
0.000799941
0
-0.000668641
0
-0.000867147
-0.000866682
-0.00087855
-0.000766941
9.54152e-06
0
0.000623966
-0.000716135
8.86635e-06
0
0
0
0.000777619
0
-0.000878213
-0.000890281
0.00165253
0.000776106
0
0
0.0011392
0.00213449
0.00227268
0
0
0
0.00223921
0.00230446
-0.00206387
0
0
0.00229129
0.00223736
0
0
0
0
0
0
0.00229195
0.00232017
0
0
0
-0.00255389
0.00237112
0
0
-0.00275903
0.00244057
0.00244132
-0.00221516
0.00212183
0
-0.00239024
0
-0.0025019
-0.00248418
-0.00502186
-0.00467932
-0.00215623
-0.00246132
-0.00250619
0.00658884
0
-0.00224751
0.00212398
-0.00392328
0.00386538
0
0.00408704
0
0
-0.0072166
0
-9.42733e-05
0.00812481
0.00391672
0
0
0.00360745
-0.00376116
0
0
-0.00314352
0.0033271
-6.08776e-05
0
-0.00272525
0
-0.00290588
0
-4.20938e-05
0
0
0
0
-2.36417e-05
0.00200985
0
0
0
0
0
0
0
-0.00165009
-0.00163903
0
0
-0.00259311
-0.00352835
0.00235307
0
0.00239432
-0.00244438
0
0
0.00434057
0.00198156
-0.00192389
-0.00195532
0
0.00208852
-0.00218975
-0.00459995
-0.00241754
0.00245508
0
0
0
0
0
0
-0.00219564
0.00223607
0
0
0.00217041
0.00218771
0
0.00209953
-0.00207809
0
0
0.00194646
-0.00392371
0.00371919
0
-0.00160109
-0.00297019
0.00148133
-0.00272216
0
-0.00465376
0.00421977
-0.00405203
-0.00357646
0
0
0.00266164
0.00236564
-0.00210358
-0.00196252
0
0
0
-0.00126951
-0.00114706
0.00214778
-8.38416e-06
0
0
0
0.000834648
0
-7.08444e-06
0
3.9796e-06
0.000685509
9.99261e-07
0.000811781
0
-2.77308e-06
-0.000669734
0
-0.000707653
0
3.33556e-06
0
0
0
-0.000791454
0
-0.00186828
0.000936929
-0.0015599
0
0
0
0
3.90685e-06
2.81368e-06
-0.00241202
0
0
0
0
-0.0021586
0
0
0
-0.00238992
0
0
0
0
0
0
0
0.00229071
0
0
0
0
0
-0.00229719
0
0
-4.28589e-05
0
0
-4.77965e-05
0.00217553
0.00245224
0
0.00259615
0.00253241
0.00248998
0.00241821
0.00240137
-0.0050322
0
-0.00829721
0
-0.00491416
0
0.00856392
-0.00479222
0
-0.00424809
0
0
0.00357277
0
-0.00392243
-0.0078821
0
0
0.00369327
-0.00713557
0.00783708
0.00370625
0.00318609
0.00344459
0
-0.00302345
0
0.00268715
0
0.00628189
0.00302367
-0.00281358
-0.00238308
0
0
-0.00204691
-0.00193914
-0.00188384
-0.00175716
0
-0.0035632
0
0
0
0.00281084
0
0.00304286
0
0
-4.21689e-06
0.00221758
-0.0041453
0.00208837
0
0
0
-0.00193117
-0.00366574
-0.00164237
0
-4.20421e-06
0
0
-0.00172213
0.00180439
0.00187617
0
0
0
0
0.00168821
0.00168283
-0.00170359
0.0017543
-0.00355465
0
0
-3.21499e-05
0
0.00161909
0.00153662
0.00156805
0
0
-0.00143339
0.00142072
0.00118039
0
0.00104999
0.00096464
0
0.000129389
0
0.00445522
-0.0039724
-0.00342018
0.0031719
0
0
-0.00244459
0
0.00198838
0
0
0.00152458
0
0
0.00118481
-0.00105197
-0.000925896
0
0
0
-0.000737041
0
-1.22936e-05
0
0.000646082
-0.000592146
7.89047e-06
-5.82479e-06
0
0.000651129
0.000658678
0
0.00183441
0
-0.000762429
-0.00165607
0
-0.00170309
0
0
0.0019797
0
0
-0.00140837
0
0.00200587
0
-0.00429343
-0.00239813
0.00482069
0
-0.00231942
0
0
0.00474421
0
0
0
0
0.00194692
0
0
0
0
0
0
-0.00232464
0
0
0.00263516
0
0
0.00224624
0
-0.0027915
-4.72356e-05
-0.00544765
0
-0.00238712
-0.00230877
0.00462226
0.00467786
0
-0.00505212
0
0
0.00515003
0.0102902
0
0.00424694
0
0.000123914
0
-0.00505359
-0.00533683
0.00471297
0.000124234
0
0
-0.00364551
-0.00347882
0
0.00784605
0
0
-0.00357311
0.0035386
-0.00858639
-0.00386215
-0.00343198
0
0
-0.00326966
0.00335225
-0.00304578
0
-0.00347149
-0.00329854
0
5.26663e-05
-0.00209769
0
0.00202036
0
0
0.00468588
0
0.00317227
-0.00290228
0
0
-0.00280357
0
0
0
0
0.00448392
0.00223942
0.00198504
-0.00388414
0
0
0
0.00165068
0.00152753
0.00279257
0.00143631
0.00158164
-0.00149345
0
0.00131721
0.00139503
0.00133738
-0.00129941
-0.00128994
0
0
-2.43672e-05
-0.00125959
0.00125337
0
0.00124378
0
0
-0.0011773
0
-0.00108853
-0.00102083
0
0
0
0.00158445
0.00144571
-0.00137128
0
0
0
-0.000604106
0.000492794
0
0
0
0.000105373
-9.51397e-05
0
-0.00227563
0
0
0
0
0
-0.00284807
0
0
-0.00217703
0
0.000751195
0
0
-0.000728541
0.000621007
0
-1.68333e-05
0
0.000418343
0
0.000449769
-0.000672038
0
0
-0.000656325
0
-0.00153889
-0.00156939
0
0.00135002
0
0.00160749
0.0013464
0.00148412
0
0
0
0.00130111
-0.00138278
-0.00322353
0
1.22756e-05
-0.00204492
-1.5065e-05
0
0.00230587
0
0
-0.0023719
0.00226363
0
0
0
-0.00217839
0
0
0
0
0
0
0
-0.00232071
-0.00242097
-0.00286552
0
0
-0.00480909
0
0.00243189
-0.00290222
0.00531936
0
0
0
-0.004009
-0.00810114
0
0.000123752
-0.00523638
0
-0.00552546
-0.00523468
0
-0.00445383
0.00494745
0.00623264
0
0
0.00556151
-0.000135093
0.00508887
0
0.00534937
0.00439298
0.0037569
0.00395936
-0.00394968
-0.00425015
-0.00390892
0
-0.00376207
0.00451717
0
0
0
0
0.00393326
-0.00368674
0.00353745
0
-0.0072297
0
0.00562904
0.00766636
0.00230206
0
0
0
-0.00293329
-0.00269987
0
0
0.00288794
0
0
0
0
-0.00315309
-0.00288562
0
-0.0025434
-0.00236662
0.00184656
0.00182206
0
0
0
0
0
3.23104e-07
-0.00124392
0
0.00111202
0
-0.000820425
-0.000895272
-0.000794718
0.000820077
0.00174234
0
0
-2.83647e-05
0.00075541
0
0.000690519
0
0
0
0
0
0.00088393
0
-0.000686395
0
0
-0.000525461
-0.000640978
-9.64815e-05
0
0
0
-0.000701681
0
-0.000661105
0
0
0.00303843
-7.37158e-05
0
0.00233861
0
0
0.00175556
0
0.00151049
6.87749e-06
0
0
0.00210705
0
-1.08321e-05
0
0
0.000676335
0
0
0.000629702
0
-0.000322944
0.000688539
0
0.00111312
-0.00119467
0
0
0
0
0.00107332
0
0
0
0
-2.71733e-05
-0.00276703
0
0.00100977
0
0
0.0012834
0.00144967
-0.00155106
0.00161876
0.0019854
-2.16907e-05
0
0.002292
0
0
-0.00220463
-0.00211265
0.00198752
0.00224708
-0.00266343
0
0
0
0
0
0
-0.00199363
0
0.00793414
0.00275103
0.00559185
0
0
0.00580768
0
0
0
-0.00557555
0
0
0
-0.00399612
0.000127375
0
0.00516725
0.000128386
-0.00510901
0
0
0
0.0105267
-0.00517036
0.00600919
0
-0.00530315
0
-0.00526353
0
0
-0.0056099
-0.00507802
0
-0.0045722
0
0.000123622
0.00445665
0
0.000114546
0
-0.00381953
0
0
-0.00826899
0
0
-0.00662055
0.00711322
0.00718254
0
-0.00012807
-0.0121728
-0.00600923
0
0
0
0.00753076
0
0
0
0
-0.00274979
-0.00269183
0
0.0033699
0.0034306
0.0030411
0
0
-0.00222727
-0.00308277
0
0
0
0
-0.000801085
-0.00057935
-0.0012664
0.000827586
-0.000828156
0
0.000289928
0.000283835
0
0
0
-0.00025085
0
0
-0.000857853
-0.000838417
0
-0.000622517
-0.000344835
0
0
-3.3197e-05
0
-9.24457e-05
0
-0.00035399
0
0
-0.000842666
-0.00173354
-0.000737403
0
-0.00116636
-0.00115386
-0.000161324
0
-0.00014735
0
0.00268558
0
-0.00236167
0
0
0
0
-0.00140946
0
-0.00116133
-1.21683e-05
0
0.000884377
-0.000792319
0
7.62978e-07
0
-0.000956062
0
0
0
-2.0019e-05
0
0
-0.000358171
0
-0.000696295
0.000794631
0
0
0
0
0
0
0
0
0.000913793
-0.000858758
0.00083875
0
-0.000845934
0
0
0
0.00101456
2.6362e-05
0.00130853
0
-2.85053e-05
0
-3.55029e-05
0
0.00188195
0.00181185
0
-0.0018144
-3.84935e-05
0.0022971
0
0
0.00178676
0
0
-0.00390768
0.00200276
-0.00403932
-0.00461888
0
-0.00425366
0
0
0
0.00559666
0
0.00574734
0.00495886
-0.00459938
-0.0043196
0
0.00380574
0.00437584
0.00427902
0.0042176
0.000141726
0.00482961
-0.00466163
0
-0.0046036
-0.0048262
0
-0.000148059
-0.00475504
0.00499521
0
0.00530239
-0.00521257
0.00532041
0
0.000145161
0.0042251
0
0
0.000132556
-0.00417941
0
0.00822352
0
0.00382076
0
0
0.0142574
0
-0.00727395
0.000173762
-0.0140855
0
0
-0.00621693
0.00012756
0.0115425
0
0
-0.00459271
-9.08261e-05
-0.00336625
0
0
-0.00258894
0.00486029
0.00423066
0
-0.00314009
-0.00247491
0
0
0.00151015
4.20758e-06
0.00108781
0
0
0.0010677
0
-8.30902e-07
0.000598413
0.00045878
-7.20514e-06
-0.000140686
0.000175028
0.000130152
0
0
-0.000397638
0
0
0
0
-0.000789832
6.34868e-05
0
-0.000907736
-0.000933037
0.00111913
0
0.00121919
0
0.00272567
0
0
0
0
-0.000124798
0.00206915
0
-0.00170375
0.00179322
0.00154008
-0.000153729
0.00284174
-0.000136616
0
-7.92814e-05
0.0020364
0
0
0
0
0
0
0
0.00103261
0.00180747
0
-0.000698129
0
0
0.000399359
0
0.000665578
0
-0.000716355
0
-0.000526406
0.000535421
0.000372845
0.000169653
0
0.000240276
0
0
0.000375978
0
0
0
0
0
0
-0.00136814
0
0
0
0
0
-0.000951443
-0.000812339
-0.0017566
0.0010469
-0.00121006
0.0011213
-0.00116602
0
-0.00144424
0
-0.00176351
0
0
0
-0.00162836
-0.00179477
0.00183751
0
0.00158787
0
0
0.000134882
0
0.00684969
0
0.00325159
0
0
0
0
-0.0051893
0
-0.00529557
0.0044049
0.00015624
0.000160814
0
0
0
-0.000161863
-0.00808433
0.000156228
0
0.00932538
0
0.00469639
0.00419118
0
-0.00963254
0.000157377
-0.00476818
0
-0.0107386
0.00539675
-0.00512764
0
0.00450292
-0.00439454
0
0
0.00780983
0.000140359
0
-0.0038976
0
0.00675448
0
0
-0.00645657
0
0.00672992
0.00623365
0.000184987
0
0
0.00524615
0.00520478
-0.0052224
0
0.004428
0.00433479
-0.00350054
0.0065973
0
0
0.00234918
-0.00423054
-0.00152862
0
0
0.00152091
0
0
-0.00135818
0.00164462
0
0
0
-0.000311745
0
-0.000434113
0.000693137
0.000476425
0.00134057
0.000737889
-0.000772034
0.000718156
0
0
0.000934983
0.00197918
0
0
0
0.00220434
-0.00211349
0.00230271
0
0
-0.00244808
0
-0.00243849
0
-0.00459676
-0.00268866
0
0
0
0.00302523
0
-0.00229709
0.00204522
0
0.00237169
0.00682005
-0.00328981
0.00340846
0
-0.0020089
-6.81141e-05
0
0
0
0.00138371
0
0.00118479
0
-0.00180319
-0.00075409
0
0
0
0
-0.00027339
0
0
0
-4.41454e-05
0
-0.000119964
-9.0631e-05
1.77345e-05
-4.39221e-05
-9.89924e-05
-0.000124784
0
0
0.00011448
0
0
0
0.000179724
0
0
0.000253124
0
-0.000579749
0
0
0
0.00132725
4.60955e-05
0.00161688
0
0
-0.00116591
0
0
-0.00126448
0
0
0
0
0
0
0.00127445
-0.00246229
0.002549
-0.00295989
0
-0.0029801
0.00602632
-0.00262834
-0.00282059
0
-0.0060327
0
0
0
0.00368863
0
-0.00433426
0
-0.00434348
0.00472501
0.00416355
0
-0.0039362
0
-0.00387208
0.00770187
0.00450814
0
-0.000172281
0
-0.0043865
-0.004466
0
0.00484915
0.00482214
0.00894275
0
0.000162616
0
0
0
0.00425934
0
0
0
-0.000147742
0.00779231
0
0.00686375
0.00682612
-0.00685206
0
0
0
-0.00592466
0
0
0.000204043
-0.00475765
-0.00425676
-0.000153177
-0.00455722
0
0
-0.000110031
0
0
-0.00309516
0
0
-0.00174854
0.00183992
0
0
0
-0.00104063
-0.00066351
0
0.000196027
-0.00031061
-0.000195031
0.000486557
0
0.000355367
0
0.000442802
-0.0005463
0.000657208
-0.000757
-0.000924879
0
-0.00113067
0
0
0
1.20213e-05
0.0033801
0
0
-0.00319956
0
-0.00333162
-0.00311131
0.00301176
0
-0.00378032
0.00370005
0.00382444
-7.30302e-05
0.0037213
0
0
0.00439334
0
0
0.00305044
0
0.00370059
-0.00358628
-0.00502757
-0.00410206
0
0
0.0014984
-6.90715e-05
0
0
0
1.24501e-05
0
-0.000847325
0
-5.33742e-05
0
0
-0.000456931
-0.000356846
0
0.000262024
0
0
0
0.000146342
0
-5.83878e-05
0
-9.87727e-05
0
0.000136526
-1.43966e-05
0
0.000111972
8.194e-05
0
0
0
-2.09799e-05
0
0
0
0.000213471
0.000341441
0
-0.000417782
0.000390528
-0.000450708
0.000581547
-0.000680713
0
0
0
0
0
0.00176116
0
0.000911544
0
0
-0.000927023
0
0
0.00123361
-0.0025396
0
-0.00250485
0.00278743
-0.00583859
0.00287961
0.00244197
0
0.00262138
0
0.00307707
0
-0.00346433
0
0.00363051
0
-0.00310009
-0.00360905
0
0
0.000167408
-0.00396916
0
-0.00742961
0.00404664
0.00414853
-0.00853947
0
0.00819762
0
0
0
0
-0.00371206
0
0.00440277
0.00436114
-0.00411874
-0.00420749
-0.00435117
-0.00388569
0.00337823
0
-0.00379005
-0.00386481
-0.00370854
-0.0105519
-0.00702122
0.00653973
0.00685741
0
0
0.00023002
0.00527082
0.00517073
0.000206413
0.00510765
0.00498004
-0.00497849
0.00461673
0
-0.00437916
-0.00860767
0
0.00309835
0
0
0.00224214
0.0021199
-0.00212969
-0.00143384
0
0
0.000903603
0.000432426
0
0
-2.16418e-05
0.000557185
-0.000904354
0
-0.000693184
0
0
-0.000986082
-8.82539e-06
0
0
0
0.00147241
0
0.0020996
0
1.25664e-06
-0.00454297
0
0.00542211
0
0.00291838
0
0.00351394
5.58678e-05
0
0.00451402
0
7.58606e-05
0.00435867
0
0
-0.00448964
-0.0102459
0.00662761
0
0.00519319
0
-0.00451832
-0.00447866
0.00720849
0.00539079
0
0
-0.00233916
-0.00113224
0
0
0
-0.00179481
0.000835267
0
0
0.000609858
-0.000585167
0
0.000423799
0.000801554
0
-0.000297602
0
0
0
0
-0.000129742
0.000335801
0
7.10046e-05
0
0
-5.54268e-05
-1.91959e-05
-1.00929e-05
-6.67389e-06
-1.26586e-05
-3.01239e-06
0
-0.000151326
0
0
0
-0.000114777
-0.000149873
0
0.000280424
-0.000329852
0.000344009
0
0.000474485
0
0
-0.000533539
0
0
-5.8301e-05
0
-0.000728681
0
0
0.00163462
0
0
0.000839839
0
0
0.00285001
-0.000956475
0.00227028
0.00109722
-0.00235224
-0.00227191
0
0.0024259
-0.000161351
0
0
0
0
0.00279297
0.00604098
0.00330999
-0.00307964
0
0.00016347
0.000165563
-0.00324133
0.0032504
-0.00340269
-0.00347831
0.00689261
0
-0.00357355
0
-0.00344099
0
0
0.00345055
0
0
-0.000160949
0.00711902
0.00376873
-0.00356173
0.000151738
-0.003514
-0.00326717
0
0.00317453
0.000131606
0.00629143
0
-0.00655699
-0.00672295
0
0
0.00601315
-0.000213236
-0.00532679
0.00992365
0.00483324
0
0.00465612
0
0
0.00375407
0.0039122
0
-0.00308795
0.00283874
0
-5.11339e-05
0
3.37131e-05
3.01194e-05
0
0
0
0
0
0
0.000193393
0.000333166
0.000814329
0
0
0
-0.000644443
1.23754e-05
-1.81895e-05
0
0.00137087
0
-0.00383899
0
-0.00263738
0
-0.00871475
0
0
-0.00613291
0
7.94806e-05
-0.00601186
-0.00403448
6.68692e-05
0.0043892
0
0.00463157
-0.0050309
0
-0.0045356
0
-7.37313e-05
0.0065597
-0.008483
0
-0.014275
-0.0069849
-0.00583672
0.00495864
-0.00843637
0
0
0
0.00097186
0
0
-0.000857096
0.000839213
0.00159345
-0.000732191
-0.00069587
0
0
0.00103641
0
-0.000461541
4.4312e-05
0
0
0
0
0
0.000179734
9.11922e-05
-0.000119072
7.64957e-05
-5.86937e-05
0
-3.90297e-05
1.15307e-06
1.59469e-05
1.27754e-05
0
2.22356e-06
1.8935e-05
0
0.000120669
7.74104e-05
0
0.000109553
0.00011305
5.17033e-06
-0.000144803
0
0.000200442
-0.000485613
0
-0.00057947
0
0
0.000394457
0
0
-0.000494779
-0.000484169
0.000507472
-0.000538961
0
-0.000660919
0
0.000661986
-0.000745903
0
0
-0.000822864
0.000860965
0
-0.000930429
0
0.0019833
0
-0.00316226
-0.00222064
0
0
0
0
-0.00368892
-0.00259375
0
0.00533807
0
0.00284258
0.00289899
0.00297193
0
-0.00287647
0
-0.0030402
0
0
0
0.00320111
-0.00307988
-0.0030912
-0.00316922
0
0
-0.00312933
-0.00605747
0
0.0061276
0.00317879
0
0.00313546
0
-0.00291526
0.00286142
-0.00558883
0
0
-0.0027234
-0.00260991
0
-0.00247746
-0.00468352
0
-0.00422976
-0.00217221
0
-0.00674871
0
0
0
0
-0.00267753
0
-0.00273794
-0.00256763
-0.00180363
0
2.2646e-05
0.0016708
0
0
-0.00182681
0
0
0
-9.79902e-05
-0.000618897
-0.000646086
-0.000784617
0
0
0.000274996
0.000437106
-0.00317318
0
-0.00180779
0
0.00265969
-0.00217074
0
0
0.00383493
-0.00316674
0
0
0
-0.00664876
0.0110862
0.00758727
-0.00212337
-0.005551
0
-0.00670294
0
-0.00498728
0.00577026
-0.00718905
0.00855138
0
0
0
0.00806546
0.0067846
0.00732642
0
-0.00980665
0
0
0
0
0.00037386
0
0.00139751
1.92176e-06
-0.00126576
-0.000600525
-9.29712e-06
0
0
-0.000896349
0
0.000372363
-0.000665293
0
0
0
0
0
-0.000255892
-0.000109631
0
-4.2936e-05
0
-4.95017e-05
1.2411e-05
0
1.17007e-05
2.28048e-05
0
0
0
2.55396e-05
-2.34246e-05
-2.37326e-05
0
-3.73182e-05
-4.66791e-05
6.08931e-05
7.25727e-05
0
-9.94576e-05
0.000128465
0
0.000262724
9.00749e-05
0
0.000214076
0
0
-0.00031517
0.000716317
-3.22251e-05
0.000422099
0.000416428
0
0
-4.07339e-05
0.000473677
-0.000510133
0
0
0
0
-0.00066169
0
0
0.000764416
0.00085398
0
0
0
0
0
0.00196751
0
0.00106748
-0.00232863
-0.00112085
0
0.00111185
0.00112571
0
0.00239274
0.0011472
0.00118619
0
0
0
0
0.00144666
0.00282501
0
0
0
0
0.00268379
0
-0.000120895
0
-0.00260085
0.00256444
0
-0.0024971
0
0.000103051
0.00259406
0
0.00270335
9.87861e-05
0
0.00422667
-0.00183825
-0.0017436
0
-0.00309512
0
0.00441452
0
0
0.00197855
0.00179881
0.00116732
0.00112797
0
0.00220776
0
-0.000974301
0.00157934
0
0
0
0.00153289
0
0
0
-0.000479613
-0.00111844
0.000602351
0.000524012
0
0
0
-0.00109584
0.00313049
0
0
0
0
0.00515904
0.00274279
0
0.00390189
0.00371517
0
-0.00397247
0.00381473
-0.00404663
-0.00764842
-0.00250316
3.83185e-05
0.00317353
0.00450312
-0.00438182
0
0.00723135
0
0.0152078
0
0
0
0.00433981
0
0
0
0
0.0113524
-0.00543596
0
0
0
-0.00102688
-0.000496707
-0.000952833
-0.000449294
0.000849428
0.000801004
0.00113953
0
-0.00032808
0.000597644
0
0
0.000599708
0
0
0
0
0
-2.205e-05
0.00011484
0
0
0
6.773e-05
-8.42212e-05
7.11408e-05
-4.88072e-05
-3.0209e-05
0
0
0
1.78488e-05
0
0
0
0
0
0
5.45219e-05
0
7.06732e-05
0
9.49282e-05
-0.000217796
-0.000113543
9.7892e-05
-0.000126419
0
0
0.000214993
-0.000692688
-0.000248703
-0.000243217
-0.000828952
0
0
-0.000484896
-0.000506348
0.00054027
0
0.000597356
0.000677888
0.000755857
0.00172728
0
0
-4.9581e-05
0
0.00113168
0
0
0
0
-0.00127065
0
-0.00154892
0
0.0015199
0
-0.00345579
-0.00168753
0
-0.00155879
-0.00155045
-0.00154364
0
0
-0.00164185
-0.00162572
0.00163771
0
0
0
0
0
0
0.00173656
-0.00406529
0
0.001855
-0.00525008
0
0.00334535
0
0.0057504
-0.00288732
0.00298491
0
0.00717218
0
-0.00257122
6.22719e-05
0.00274392
0
0.00407331
0
-0.00233778
0
0
-0.00233504
-0.00219164
0.00136115
-1.13935e-05
0
0
-0.000997338
0.00140901
0
-0.000843126
0
0
0
0
-0.00060509
0
0.000272964
0.000632836
-0.000954206
0
0.000586416
0
0
0.0023609
-0.00208477
0
0
0.00169518
0
-0.00560102
-0.00798906
0.00390605
-1.37731e-05
-0.00479208
0
0.00975354
-0.00521199
6.81389e-06
0.00510595
0.00373904
-0.00458955
2.04743e-05
1.59648e-05
-1.95634e-05
0
0
0
-0.00624085
0.00571663
0.00555586
0
-0.00548298
0
0
0
0.00587414
0
0.0122576
0
0
0.000626818
0.000598925
0.000569623
0
-0.000516197
0
0
-0.00045547
0
0.000403065
0
0
0.000268888
1.97782e-06
0.000216191
0
0
0.000130151
-0.000118107
0.000167726
0
0
6.31436e-05
0
0
5.28313e-05
-3.69242e-05
0
2.94526e-05
0
-1.54385e-05
-8.76809e-06
0
0
0
0
0
0
0
6.5551e-06
0
-0.000101283
0
-0.000373359
0.000404784
0
-0.000110898
-9.68385e-05
0
0
6.9445e-06
0.000475532
-9.40346e-06
0.000297919
0.000298543
-0.000299937
0
0
0
-0.000260186
-0.000329325
-0.000810824
-0.000904481
-0.000991812
-0.00150858
0
0
-0.0012823
0
-0.000674328
0.000605006
0.000611119
0
0
0.00134596
0
-0.00169984
0
-0.00148041
0
4.63659e-05
0.00166276
-0.00181849
4.73248e-05
0
-0.00193453
0
0
4.7783e-05
0.00188709
0.00172176
0
-0.00226491
0.00218862
-0.00235979
0
-0.00175009
-0.00193342
0.00200362
0
0.00441035
0.00416294
0
0
0
-0.00550315
0
-0.00602748
0
-0.00395932
0
-0.00148696
0.0041661
0
0.00126759
-0.00364408
0
0
0
0
0
0.00236043
0
-0.00398562
-0.00171362
0
0.00139567
0
0
0.000822944
0
0
0
0
0.000389529
0.000257907
-1.70398e-05
1.63697e-05
0
0
-3.05168e-05
0
0
0
0
0
0.0019341
-0.00215736
0
1.19748e-05
0.00718328
-0.00437169
-0.00692931
0.00554023
0
-0.00515628
0
0.00604206
0
-0.00538157
0
-0.00611281
-0.0065726
0.00315963
0
0
0.00672253
0
3.71782e-05
-0.00646262
0
0.00646238
0
0
0.00784059
-0.0140541
0
-1.61568e-05
0
-0.000403306
-0.00145495
0
0
0
0
-0.000578228
0
0
-0.000426838
0
0
0
-0.000335915
-0.000654422
1.43226e-06
0.000237578
0
-0.000179649
0.000150805
0
0
0
-7.41898e-05
0
0
0
-2.42517e-06
0
1.61633e-05
0
-1.428e-05
1.15867e-05
2.24184e-05
0
0
0
1.48846e-05
3.09513e-05
6.22135e-05
-0.000104182
0
0
0
0.000122003
-0.000309957
0
0
-0.000252401
0
-0.000185591
0.000196046
-0.0002215
-0.000214811
0
-0.000398999
0.000400574
0
0.000350016
0
0.000476903
0.000514134
-0.000574886
0
0
0.000507343
0.000559265
-0.000743747
0
0
-0.000642163
-0.000686921
-0.0014421
-0.000857111
0
-0.00182211
-0.000866154
0.00104835
0.000844812
0.000950201
0
0.00323401
-0.0022654
0.00344775
0.00224737
0
0.00225775
0
-0.00113212
0.00112143
0
-0.00415739
-0.00222049
0.00242388
-0.00479133
0.00260031
0
0.00232461
-0.00231757
-0.00240952
0
-0.00265923
-0.00234657
0
0
0
0.00225079
0
0.00202579
-0.00181776
0
0
0.00179956
-2.07078e-05
0
-0.00140518
0.00151296
0
0.0013086
0
0.0014965
-0.00122087
-0.00260365
0
0.00404568
0.0031104
0
0
0
0
0
0.000486128
0
-0.000359625
0
0
-2.31283e-05
-0.000654749
0.00148688
0
-0.000468157
-2.5851e-05
0
0.00159802
0
0.00142144
0
-0.00198251
0.00249609
0
0.00262334
-0.0052182
0
0.00266496
-0.00303848
-0.00305271
0
-0.00335138
0
-0.00334748
0
0.00355666
0
0
0.00376587
0
0
-0.00771101
0
-0.00378448
0
0
-0.0116991
0
0
-0.00459188
0.00828767
0.00420169
-0.0119211
0
-4.35432e-06
0.000470795
0
0
0
0
0.00066989
0
0.0002508
0.000468455
-0.000238514
0
0
0
0.000435394
-0.000536135
-0.00024944
0
0
0
-0.000110009
8.77351e-05
0
0
0
0
0
-1.94314e-06
0
2.04227e-05
0
-8.33054e-05
8.33043e-05
7.40331e-06
0
0
0
2.69818e-05
-7.64204e-05
-6.91587e-05
0
0
0
0
-1.15382e-06
0
0
-0.000123257
0.000371274
-0.000148579
0.000237711
0
0
0
0.000174157
0.000494712
0
0
-0.000722892
0
0
0.00056656
0.000768345
0
0
-0.000741016
-0.000642563
0.000764671
0
0
0
0.000723879
1.37709e-05
1.51576e-05
0
0
0.000902047
0.00106509
-0.000991656
0.00116564
0
-0.00280505
0
-0.00127604
0
-0.00107008
0
0
0.00255184
0.00125077
0
0.00231803
0.00366063
0
0.00276869
0
0.00124931
-0.00135489
0.00287052
0
0
0
0
0
0
-0.00128803
0
0
-0.00205013
0.00385442
0
-0.00195648
0
-1.56035e-05
-0.00160528
-0.00143886
0
0
-0.0029102
-0.00126853
-0.00156876
0.00128595
0
-0.00109359
-6.60384e-06
-0.00103087
0
0
0
0
0.000435554
-0.000218404
0
0.000172417
0
0
0
-0.000286938
-0.000910375
0.000354122
0.000663482
-0.000783446
0
-0.00202936
0
-0.000889668
0
0
-0.00298709
0
0
0.00582757
0
0
0.00680591
0.00353455
0
0.0036737
0
0.00373009
0
-0.00811615
-0.00439717
0
0
0
0.0044641
0
0.00444837
-0.0043903
0
-0.00470704
0.00477478
0
0
-0.00508582
0
-0.00478731
0.00463197
0
0.000530248
0.000492371
-0.000472577
0
0
0
0
0
-0.000326944
0
-1.30311e-06
0
0
0
0
-2.09367e-06
0
0.000137226
0
0
0.000176071
-0.000123558
-7.01217e-05
0
7.21332e-05
7.35664e-05
-8.17492e-05
8.54795e-05
0
-2.8805e-05
0
5.19571e-05
-0.00012848
-0.000112589
0
0
0
-3.05532e-06
0
-0.000153517
0
0.00013018
-0.000235313
0
0.000156226
0
0
0.000205139
0
0.000296749
0
0.000288965
0
0
-3.5206e-06
0
0
0
0.000251584
0
0
-0.000675439
-0.000331577
0
0
0.00096026
0
-0.000455912
0
0
0
-0.000472833
0.0010049
0.00169672
0
0
0
0.000602083
0
-0.0012876
0
0.00310529
0
0
-0.0012386
0.00117399
-0.00118642
0
-0.00146547
0
0
0
-0.00143217
0
0
0
-0.00138542
1.13747e-05
0
0
0
-0.00154296
0.00126757
0
0
0.00285116
0
0
0.00334698
-0.002083
-0.00112621
0.00315102
0
-0.00196993
0.0019187
0.00168739
0
0
0.000783706
0.00212112
0
-0.000636776
0.000704356
0.00120288
-0.00131862
0
0
0
0
0
-0.000594979
0
0
0
0
0.000589489
0
0.000275307
0
-0.000503788
-0.00064316
0
0
0
0
-8.28572e-06
0
0
0.00172126
0
0
-0.00330994
0
-0.00221927
-0.00384619
0
0
0
0
0
0
0.0047958
0.00467468
0
0
-0.00245836
-0.00508978
0
1.41142e-05
-0.00492296
0
0.00538422
0
0
0
0
0
0
0
0
-0.000304723
-0.000280708
0.000535681
0
0
0
-0.000228141
-0.000414401
0
0.000355325
-1.62052e-06
0
0
0
0.00026976
0.000269797
0
-0.00020758
-0.00021343
-0.000231231
0.000212521
-0.00016443
-4.2449e-06
0.000109424
-0.000118432
4.19867e-06
9.54176e-05
-0.000106843
0.00010865
-3.84994e-06
-8.48207e-05
9.5541e-05
0
0
8.9421e-05
0
0
0.000148847
-6.38253e-05
0.000135403
0
-0.000194221
0.000111101
0
0
0
0
0.000151192
-0.00016504
0
-0.000144069
-0.000317177
-0.000256934
0
-0.00097386
0.000316618
0.000227576
0
0.000289215
0
0
0
0.00038087
0
0
0
0.000528224
0.000547081
0
-0.000600253
0
-0.000544251
-0.000563654
-0.00133628
0
-0.000658269
0
-0.000731096
-0.000674401
0.00154354
-0.000798349
-0.00170058
0
0
0.00141244
0
0.000710603
-0.000800015
0
0
0.00072891
0
0
0.000696956
0
0
-0.000806929
0.00326659
0
0.00174271
0
0.00156883
-9.52321e-06
0.0015478
0.00174734
-1.07027e-05
0
0
-3.79014e-06
0
0.00258728
-0.00121589
0.000953666
-0.00106949
0
0
-0.00092337
0
0.00183357
-0.000775302
0.000706491
1.64479e-07
-1.08825e-06
-0.000609391
0.000594905
0
0
0.000392627
0
0.000208845
-0.000281648
0
0
0.000221287
0
-0.000446717
0
-0.000174487
0.000346527
0
0.000918768
0
0
-0.00149371
0
-0.00131963
0.00143683
0
-0.00193371
0.00202532
-0.00179978
0
0
0.00262217
0
0
0
0
0
0
0
0
0
0
-0.00270111
0.0026708
-0.00280644
-0.00286251
-0.00542712
0.00519358
0
0
0
0
0
0
0
0
0
0
0.000344282
1.0095e-06
0
0
0.000286675
0
1.81306e-06
0.00050748
0
-0.000436883
0.00020138
-0.000187928
0.000183408
0
-0.000339772
0
-0.000140524
0
0.000247864
0.000259878
-0.000247236
0.00019002
0.00016813
-0.000129
0
-6.01075e-05
0
0
-7.73829e-05
-3.24789e-06
9.92812e-05
0
0
0
8.25254e-07
0.000174887
0
-0.000118407
5.25205e-05
0
0
0
5.73635e-08
0
0
0
0
-0.000112924
0.000103784
0
2.36394e-07
0
0.000253512
0
0.000433523
-0.000323152
-0.000265699
0
-0.000311674
0
0
0
0
0
0
0
-0.000246382
-0.000258559
-0.000304675
0.000941956
-0.000324943
0
0.00061938
0.00070996
0
0.000747131
0
0
0.000821835
-0.000855935
5.78597e-06
0
0
-0.000884432
0
-0.00078247
0.00159596
0.000852748
-0.000866315
0
-0.000873925
0.000955635
0
-0.000849585
0
0.00100921
2.91229e-06
-0.00284953
0
-0.00100658
0
0
-0.00218712
-0.00170328
-0.0018566
-0.000781836
0
0
-0.00138607
0
-0.000727915
0
-0.00104426
0.00191134
0.000689848
0
0.00107516
0.000559525
-0.00119508
0
-0.00165904
0.00158834
-0.000834573
0.000587163
-0.00118692
0
0.000381868
-0.000452703
0
-0.000165168
0.000194048
1.6174e-05
0
-5.20868e-06
0
-0.000471725
0
0.000145688
-0.000798493
0
0
0
-0.000589647
0.00144176
0
0
-0.00171311
0
0
-0.000939297
0.00171103
0.00094232
-0.000889802
0.00136579
0
0.00115466
0
0
0
-0.00116176
0
-0.00144584
0
0
0.00264002
0
0.00551252
0.00538828
0
0
0
0
0
0
0
0.00284047
-0.00245393
0.00234866
0
0
-0.000199257
0.000373471
0.000182999
0
-0.000174353
0
0.000315365
0.000149842
0
0
0.000249818
0.000228708
-0.000443098
0
0.000221612
0
-1.06524e-06
0
0
0.000148474
0
0.000125809
-9.7249e-05
0
7.88051e-05
1.77131e-06
-7.78752e-05
0.000100314
-8.76829e-05
0.000225308
0
0
-8.11191e-05
0
-0.000207462
-0.000199171
0
9.38126e-05
0
0
0
0
8.18025e-05
0
0
8.27375e-05
0
0
6.11666e-05
0
0.000110383
0
-7.07874e-05
0
0
-0.00025312
0
0
0
0.000186183
0
0
0
0
0
0
-0.000250903
0.000296134
0.000349252
-0.000342415
0.000672995
0
0.000370274
0.00038614
0
0
0
-0.000532412
0
0.000528391
0.000984003
0
0
0.000946434
0.000548324
0.000967933
-0.00145049
0
0.00106569
-0.00051171
0
-0.000582344
0
0.000529232
0
-0.00121828
0.00116324
0.00115789
0
-0.00233827
0
0
0.000881256
0
0
-0.00192177
0
0.000948599
-0.000912286
0
-0.00181242
-0.000853699
0.000701659
-0.000825163
-0.000898196
0.00065292
0.000661149
-0.000775242
0
0
0.000606084
-0.000643893
0
0
0.00139774
0
-0.000622396
0
0
0.00014773
0
0.000292377
0
-1.81862e-06
0
0
0
-6.57423e-05
8.15e-05
-0.00014868
0
0.000239332
0.000241953
0
0
0
0
-0.000769587
0
-0.000548692
0.000513406
-0.000594944
0.000475491
-0.00103727
0
-0.000774135
0
0
0
9.48702e-08
0
0.000936958
0
0
0
0
-0.0025218
-0.0023383
0
-0.000542284
0
0
0
0.000682547
0
-0.000960304
0.000420081
0.000147381
0
-0.000735565
0.000492802
0
-0.000424356
0.00019889
-0.000211997
0
0
-0.000188893
0
0
0
0
0.000143309
0
-0.000136911
0
0.000220392
0
-9.65027e-05
-0.000167875
0
-0.000161011
0.00011368
0
-6.19276e-05
-7.19845e-05
0.000102418
-0.000136386
5.30361e-05
-9.28811e-05
0
0
5.65754e-05
-2.56806e-05
0
0
0
0
0
-2.04532e-05
0
0
0
0
0
-8.48311e-05
0
0
-0.000203892
0
0
0
0.000112381
0
0
0.000423053
-0.000138161
0
0
-0.000318244
0
0
0
-0.000175227
0.000177999
0
0
0
0
0
-0.00044836
0
-0.000903735
-0.000823284
-0.000278663
0
0
0.000338825
0
0.000372879
0
-0.000340702
0.000383384
0
-0.000392712
0
0.000359456
0
-0.000688907
0.000740584
0
-0.00153332
-0.000693733
-0.000739407
0.000762526
0
-0.000787459
0
0.000908169
0.00161491
0
0
0.000715493
0
0.000743846
0.000718632
0
-0.000675373
0.00132045
0
0.00143468
0.00134535
-0.00167179
0.000654134
0
-0.00110658
-0.00155099
0
0
0
0.00163496
-0.00121146
0
0
-0.00105387
0
0
0.000407799
0.000374883
-0.00028339
0
-0.000787442
0
0
0
0
0
-8.58016e-07
-0.000899232
-0.000389046
0
0.000309196
0
0
0
0
0
-0.000480687
0
0
0.00100821
0
0.00054059
0.000244942
-0.00046622
0
-0.000529469
-0.000618294
0
-0.0010117
0
0
0.000720037
0
-0.000835772
0
-0.00153575
-0.00067612
0
-0.000632765
0
0
0.000292101
0.000326911
-4.7932e-05
-0.000162931
0.000450503
0
-0.000258722
-0.00250961
-0.000393115
0
0.000305479
-0.000302495
0
0
0
0.000164043
0
0.000140897
0.000132738
0
0.000255208
-0.000147254
-0.000342459
0
9.72659e-05
0
0.000179656
-7.1964e-05
6.81022e-05
0
0
0
-0.000165285
-0.000285778
-6.82513e-05
0
-5.92484e-05
0
0
-3.7966e-05
0
7.01805e-05
0
-4.51511e-05
-4.47077e-05
3.3061e-05
-4.46481e-05
6.34261e-05
0
0
4.61898e-05
0
4.0857e-05
-4.61526e-05
0
0
0.00024143
0
9.52013e-05
0.000172319
0
0
0.000141679
0
0.000323813
0
-0.000118888
0.000271125
0
0
0
0.000379357
-0.000403639
0
0
0
0.000317
0.000254008
0
0
0.000325305
0.000589763
0.000569513
0
0
0.000675913
0
0.00070975
0
0.00102521
-0.000738355
-0.000338299
-0.000796362
0
0.000749922
0
0.00132471
0
0
0.00150315
0.001454
0
-0.00160756
0
0.00163027
0
-0.00181433
0.000825143
0
0
-0.00244399
0
-0.000791105
0.00155438
0.000776727
-0.00151542
0.000760095
0
0
0
0.0020132
-0.00158102
0.000836406
0
0.00202644
0
0
0
-0.00154444
0
0
0
0
-0.000682642
0
-0.00151555
-0.0013909
-0.00166263
0
0.00106259
0
0
-0.000499237
-0.000510052
0.000442312
0.00178317
0.00163938
0
0
0.000659991
0.000627162
0
0
0
0
0.00033442
0.000365777
0
0.000331594
0
-0.000531993
-0.000333788
0.000634898
0.000168698
0.000237525
-3.47925e-05
0
-3.83142e-05
5.79305e-05
0
0.000149762
-0.000225778
-0.000815897
0
0
0.000832852
0
0.000558489
0
0
0.00121508
0.000687203
-0.00198314
0.00160698
-0.00251781
0.000854348
-0.00260856
0.00665902
0
0
0
0
0
0
0
-0.000222833
0
-0.00019082
-0.000168018
0
0
0.000180741
0.000122688
0
-0.000104202
0
0
5.60983e-05
-5.02486e-05
0
0
0
0
8.10593e-05
6.17831e-05
0
-4.06219e-05
0
0
2.78308e-05
0
0
0
2.66654e-05
4.19914e-05
-3.57944e-05
4.27109e-05
0
0
0
-6.41915e-05
0
-4.35659e-05
3.85482e-05
0
0
0
0
-0.000136633
-0.000195834
0
0
-0.000168623
0
0
0
0.000153652
0
0
0
0
0
0
0
0
0
-0.000350526
-0.000319263
0
0
0.000384712
0
0
0
0
0
0
0
0
-0.00043532
0
0.000435368
0
0
0
0
0
0
0
0
0
0
0
0
0
0
0
-0.00102503
0
0
0.00101624
0
-0.00101261
0
-0.000988765
0
-0.00097847
0
0
0
-0.000906657
0
-0.00091756
0
-0.000851337
0
0
0
0
0
0
0
0
0.0006582
0
0
0
0.000530755
0
0
0
0
0.000423985
0.000399616
-0.000376564
0
0
0
0
-0.000537931
-0.000489483
0
0
0
0
-0.000329446
-0.000293287
0
-0.000216272
0
0
0
-0.000155969
-0.000166076
0
0
0
-0.000137963
-0.000118254
0
0
-0.000257911
-0.000311279
0
0
0
0
-0.00050005
0
0
0
0.000726336
-0.000776618
0
0.000971027
0.000946194
0
0.00114074
0.0542639
-0.0581708
0
0
0.128831
-0.123874
-0.119304
-0.111131
0
-0.0980451
0.0834235
0.150866
0
0.119922
0
0
0
0.00168335
0
0
0
-0.0335389
0.0205489
0.0460214
0.0596019
0
-0.00103761
-0.0222578
-0.0468724
0.0479412
0.00159806
-0.0470982
0.00149083
0
0
-0.030919
-0.0591814
0
-0.109287
0.024611
-0.0167824
0
0.00157661
0
-0.000240683
-0.00459678
-0.0288631
0.00921868
-0.00470059
-0.0527456
0
-0.0109215
-0.00223205
-0.00331727
0.00389135
0.00121128
0.000139663
0.000987229
0
0.0023484
0
0
0
-0.0112255
0.0271752
-0.0276873
0
-0.00164623
0
-0.0511529
0.0340241
-0.000977799
0
0.0319736
0
0
0.000830213
0
-0.0124966
0
-0.0231132
0
-0.0412473
0
-0.0243483
0
0
0
-0.0420793
0
0
0
-0.000341529
0
0.0354232
0
0.0674129
0
0
0
0
0.0178855
0
-0.000121027
0
0
-0.0264563
0.0567627
0
0.0303507
-0.0306578
0.0279948
0
0.000371031
0
-0.0454189
0
0.0543811
0
0
0.0323129
0
0
0
0
0
0
0
0.0334083
0.0158111
-0.031085
0.0291804
-0.0598816
0
-0.0307279
0.0301506
-0.00027373
0
0.0277116
0
0.0451752
0
0
0.035574
0
-0.058086
-0.0222782
0
0.0183276
-0.00712584
0
0
0
-0.0166132
-0.0158904
0.0156043
0
-2.35704e-07
0
0
0
-0.0274263
0
0.0269812
0
0
0
0
-0.0668961
0
0.0270467
0.0194199
-0.0192322
-0.0129496
0.00438596
-0.018541
0
-0.0167739
0.0164969
0
0.015909
0.029929
0.0300464
0
0.0288678
-0.0277518
0
0
0
0
0
0
0
0.0320663
0
0
0.015217
0.0163137
0
0.00451177
0.0191563
0.0177142
0.0170551
-0.0167226
-0.0162313
0
-0.0295389
-0.0297428
-0.028906
-0.0283571
0.0273266
0
0
0.0244407
0.0228265
-0.0216356
0
-0.0341349
0
0
0.0200291
-0.0143922
0
0
-0.00144491
0.0191506
-0.0189111
0
0
0.0328944
0
-0.0153828
0.0149554
0.0292592
-0.0271696
0
-0.0246476
0
-0.0240447
-0.000471457
0.000515294
0
0.00115709
0.0268622
0
-0.0188771
-0.012293
0
0
-0.00141975
-0.0195745
0
0.0178974
0
-0.016484
0
0.0161638
-4.60103e-05
-0.0288823
0.0271123
0
0.000246242
0
0
-0.0212104
0.0206211
0
0.0316699
-0.0262994
-0.0209117
0
0.0118659
0
0
0
0
-0.0194315
-0.0189347
0
0
0
0
-6.26249e-05
0.0281727
0
0
0.000191638
0
0
0
0
0
0
-0.0236532
0.0203155
0
0
0
0
0
0
8.05335e-05
0.0197369
0.0182612
0
-0.0176878
0
0.0157838
0
0
0
0.000137876
0
0
0
0
0.0162963
-0.0134736
0.0231836
0
-0.0127944
-0.00855006
0
0.00035
0
0
0.0206716
-0.0204931
-0.0373981
0
0.0356028
0
0
0
0
0
0.0251262
0
-0.0214792
0
0.0176581
-0.015846
0.025907
0
0
0.0122279
0.000661223
0
0.00063252
-0.000820095
0
-0.0104719
0
0.0191794
0
0.000125679
-0.0177192
0.0163834
0
0.0146434
0
0
0
0.0210483
0
-0.0169902
0
-0.0248733
0.0100295
-0.00727828
-0.00506786
0.000609598
0
-0.00127693
0.00141221
0
0.0108032
-0.0106151
0
-0.0198628
-0.0359454
-0.000126863
-0.0172348
0
-0.0148285
0
0
0
0
0
0
0
0.000301419
-0.00980164
0.00704739
0.00940346
0.00625199
0.00178432
0
-0.000586985
0
0
0.0105187
-0.0101869
0.0197972
0.018206
0.0184312
-0.0177838
0
-0.0151596
0
0
0
0
0
-0.015924
0
0.000263143
-0.00897055
0
-0.00446024
0
-0.00151924
0
0
-0.011619
0
0
0.0103252
-0.0100558
0.00953951
0.00951842
0.0177259
-0.0165776
0.0151114
0
-0.0129468
0
0
0
0.0163456
0
0.0226797
0.00881604
0.00590063
0.00375892
0
0
0
-0.000184689
0.0118541
0
0
0
0.0103624
7.6051e-05
-0.00965641
0
0.0167539
0
0.0137235
-4.65356e-05
0
0
0
0
0
-0.00562964
0
-0.00559395
-0.000230996
0
0
0
0.00012481
0
0
0.0112774
0
0
-0.00985596
0
0
0
0
7.59043e-05
0.0260553
0
0
0
-0.00776017
0.00665855
-0.00526539
0
0
-0.00663379
-0.00172776
0
0
-0.000101768
0
-0.00556003
-0.0110822
-0.0108041
0
0.0100405
0
-0.00916311
0
0
-0.0212904
-0.01301
0
0
0
0.00739365
-0.00639473
-0.0048561
0
0
0.0037847
0.00184739
0
-0.00184293
-2.8646e-05
0
-2.18575e-05
0
0.0105911
0
-0.00980015
0
-6.82878e-05
0
0
0.00703543
0
0
0
0.00419754
-0.00672314
0
3.71985e-05
-0.00479074
0
-0.00209908
0
0
0.00178607
4.91943e-05
0
0.0110604
0
0
0
0
-0.004689
0.00883971
0
0
0
-0.00671138
0
-0.00523288
-0.00389936
0.00603047
0
0.00414185
0.00501513
0
0.00434323
0.000919604
0
0
0
0.0028178
-0.00543291
0
0
0
0.00480235
0.00456742
-0.0043536
0
0
0.00342243
0.00665168
0
0.00515743
0.00367735
0.0028666
0
-0.00198825
0
0
-0.00193751
-0.000767122
0
-0.000955499
-9.26734e-05
-0.00266147
0
-0.00259125
0
0
-0.00465585
-0.00223237
0.00411494
0
0
-0.00323523
0
0
0.00240138
-0.0017988
-0.00301626
0
0.0020738
-0.00185353
0
0.000833897
0
0
0.000925722
0.000141477
0
-0.00127934
0.00248557
0
0
0
0.00207454
0
0.00189196
0
0
-0.00148092
0
-0.00310166
-0.00172464
0.000729769
0
0
0.00144416
0
-0.000378305
0
0
0
-4.89095e-05
0
0.00118212
0
0
0
0
0
0
-0.00174439
0
0
0.00140586
0
0.000952873
0
-0.000688173
0
0
0
0
-0.000347874
0
0
0
0
0
-0.000948168
0
0
0
0
0
-0.00161206
0
-0.00158554
0.00134941
0
0
0.000813917
0
-0.00120933
0
-0.00095729
-0.00043289
0
0
-8.6492e-05
0
0
-5.14745e-05
0
-0.000926171
0
0
0
0
-0.00315443
-0.00152949
0
-0.0014426
-0.00130775
0
0
-0.00241968
0
0.0011519
0.00192191
-0.000836895
0.000391793
0.000664789
0
7.82695e-05
0
0
3.63261e-05
0
0.00173583
-0.00327394
0
0.0034301
-0.00341457
1.09017e-05
0.00288147
0
0.00250943
0
0
0
0.00496094
0
0
-0.00192596
0.0015825
0
-0.000608372
0.00113115
0
0
0
0
0.00326868
-0.00312535
0.00304207
0
-0.0031387
0.00309663
0.00284473
0
0
-0.00465886
-0.00451
0.00413559
0
-0.00336791
0
0.0034168
0
-0.00313034
0
0
-0.000662702
0
0
0
0
-0.00288665
0.00560091
0
0.00547834
0
-0.00542989
0
0.00487703
0
0.00441608
0.00831295
-0.00385387
0
0
0
-0.00332977
0
0.00562748
0
0
0
0
0
0.00212314
0.000331299
0
-0.00246033
0
-0.00485101
0.00474914
6.92199e-05
-0.00444471
-0.00444979
0
0.00400923
-0.00377563
0.00684941
0
0
0
0.00321628
0
-0.002165
0
0
0
0
0
-0.00245709
-0.000202929
0
0
0
-0.00411675
-8.91387e-05
8.53668e-05
0.00782142
-0.00389459
-0.0073526
-0.00357679
0
-0.0122036
0
0
0
-0.00293785
0
0
0
-0.000163756
0
0
0
0.00226732
-0.000592258
0
0
0
0.0067109
-0.00336063
0.00349653
0.00313247
0.00333857
0.00628504
0
0
0.00529374
0
-0.00401782
-0.00329259
0
0
-0.00188952
0
0.00010907
0
-0.0015952
0
-0.0024438
0.000415449
0
0.00207263
0
-0.00247289
0
0
-0.004989
0
0
-0.00443524
0
0.00397233
0
9.61281e-05
0.00240247
0
0
0.000400146
0
0.00102199
0.000484817
0.00248977
0
0
0.00202955
0
-0.000127546
0
0
0
-0.00364186
0.00333624
-0.00330791
0
0.000212281
0
-0.00258854
0
0.0024109
0
0
0
-0.00194101
0.000520285
-0.00164156
-0.000134241
-0.00620031
0
0
-0.00408961
0.000115811
-0.000813514
0
0
0
0.000270392
-0.00434368
0.00189599
0
0.00127946
0
0
0
0
0
0
0.000882171
0.00426974
-0.00147418
0.000120764
-0.000758425
0.00708981
-0.00320553
0
0.00195209
0.00177314
-0.00183355
0.00115364
0
-0.00111263
0.00027463
0.000255416
0
0
0
0
-0.0019956
0
0
0.00197436
0
-0.00288747
0
0
0.00154883
0.00366736
-0.00673552
0.00339922
0
0
-0.00194151
0.00340853
-0.00412422
0
0.00342189
-0.00150526
0.000239433
-0.00288228
0
0.0100742
-0.00547761
0.00634007
0
0
-8.27699e-05
0
0
0.00926865
0
0
0.000453458
0.000332893
0
-0.00440348
0
0
0
0.00791967
0
-0.00516069
0.00335742
0.00019711
0.00505103
0.00889187
-0.0139095
0.00879833
-0.0121062
0
0.00663999
-0.0016863
0
0
-0.012182
0.0065059
0
-0.0080834
0.00940537
0.00296836
0.00935204
-0.0036664
0
0.00886923
-0.0100339
0
-0.000213805
-0.00391964
-0.00664071
-0.0145852
-0.0272244
0
0
0.00848087
0
-0.000171074
0.00650664
-0.0110966
0
-0.0257956
-0.0129783
0
0.0124105
0
-0.00610465
-0.00602986
-0.00104302
0
-0.0112214
0
0
-0.000145796
0
-0.017683
0.0189953
0.0185242
0
-0.0169803
0.0108935
0
-0.000293987
-0.0127551
0.0133895
0
0.0290392
-0.0187031
0
-0.00079109
0
0
0.0078847
0.00649878
0
0
0
0
-5.55809e-05
0
0.0226701
-0.0232777
0
0.0230009
0.0223475
-0.014145
0
-0.0351698
0.0167286
0.0321543
0
0
0.0491279
-0.023461
-0.0390097
0
-0.00940825
-0.0093233
-0.00192091
0.0190334
-0.018409
0
0.0160821
0.0292519
0
-0.0274487
0.0269737
0
-0.0261162
0
-0.0183569
0
0.0206307
-0.0597685
-0.0745255
0
0.03408
-0.029414
0.0285085
0.000546166
0.0218588
0.0231168
-0.0219417
0
-7.23528e-05
0.0215802
0.0200857
-0.000140125
-0.0171863
0
0.0327157
0
0
0
0.0294704
0.0240898
0
0.0447114
0.0446211
0.0412645
0
-0.038103
0
0
0.000466241
-0.000215403
-0.0136736
-0.00036174
0.00112637
-0.0235213
-0.0245764
-0.0228309
-0.0210645
0
0
0
0
0
-0.0299449
-0.0334176
0.0282644
0
-0.0992801
0
0
0
0
0
0
0.00041747
-0.0266177
0
0.027553
-0.00011864
0
0.0272117
0
0
0
-0.0405137
0
0.0392266
0
0.000482605
0
-0.000555761
0
0.112905
0
0
0
-0.0477386
0.0396346
0
0.03122
-0.0294688
0
0
-2.56706e-06
0
0
0
0
0
0.000592188
0
-0.000494876
0.0415739
0.0409612
-0.0392582
-0.000606886
0
-0.128796
0
0
0
0.000936697
-0.0443183
-0.0435708
-0.033919
0.0341855
0.0449469
0.0349131
-0.00813355
-0.0375143
0.0319942
0
0.0572169
-0.0563031
0.0511225
0
-0.0999372
-0.0465447
0
0.0430457
-0.0374899
0
0.141233
0.0651011
0
0.051107
0.00105607
0.0469027
0.0992177
0.000562986
0
-0.0497156
-0.0402174
-0.0101646
0.0413855
-0.0351964
0
-0.0640892
0.12527
0.054604
0
0.101342
0
0
0
0.0344927
0
-0.00129802
-0.00139272
0
-0.0548268
0.068703
-0.050264
-0.056686
0.0397236
0.0887095
0
0
0.000100655
0
0
0
-0.0635382
-0.061862
-0.0531445
0
-0.093787
0
0.0416496
0
-0.0544101
0
-0.0638328
-0.0645026
0
0
0
0.0478099
0
0
-0.0996147
0
0.0538694
0.0199259
0
-0.0219007
0.0466566
0.0464138
0
0
-0.0311817
0.0306226
0
-0.0498849
0
0.00713604
0
0
0.049499
0.0382984
0
0
-0.098656
-0.0569333
-0.075676
0
0
-0.000504556
-0.00417584
0
-0.0323523
0.0332699
0
0.0309099
0
-0.0270652
0
0
-0.0212627
-0.0245165
0.0839313
0
0
0.0180639
0.0112736
0.00175912
0
0.0168843
0.042893
0.0309134
0
0
-0.119622
0
0
0.0251969
-0.0764296
0
-0.0956165
-0.115309
0
0.100433
0
0
-0.00126209
-0.225803
0
0
-0.145053
0
0.101015
0
0
0
0
0.014419
0
0.0288781
0
0
-0.0603781
-0.10629
0
0
-0.0639473
0.0589522
0.0019429
0
0
-0.00148917
-0.0246819
0
0
0
-0.0672456
0
-0.0563821
0
0
0.0868202
-0.00710065
0
0
0.0299661
0
-0.0876735
0
0
0.135484
-0.117631
-0.000428009
-0.11775
0
-0.119862
0.124583
-0.186123
0
0
0
-0.114972
0
0.000954533
0
0
-0.144419
-0.00237743
0
-0.167659
-0.0943785
)
;

boundaryField
{
    inlet
    {
        type            calculated;
        value           uniform 0;
    }
    outlet
    {
        type            calculated;
        value           nonuniform List<scalar> 
57
(
3.45019e-17
-2.05621e-17
0
0
0
5.77553e-18
-4.98411e-18
-4.45977e-18
2.02946e-18
1.89858e-18
0
0
0
1.61543e-18
-3.15227e-18
1.54556e-18
0
7.48851e-19
-7.41982e-19
7.3117e-19
-4.22703e-21
-7.22082e-19
0
3.52561e-19
-5.28459e-19
1.7565e-19
0
1.88017e-19
-1.97484e-19
0
0
-7.80559e-19
7.9982e-19
7.98827e-19
-8.2579e-19
-1.6721e-18
3.47916e-18
-1.82359e-18
0
0
2.21903e-18
8.42762e-21
-7.89469e-18
5.64202e-18
0
6.74957e-18
6.67053e-20
7.19467e-20
-9.26584e-18
-1.05987e-17
-9.22412e-20
2.75201e-17
-1.56768e-17
0
0
-2.94467e-17
5.88313e-17
)
;
    }
    upperWall
    {
        type            calculated;
        value           uniform 0;
    }
    lowerWall
    {
        type            calculated;
        value           uniform 0;
    }
    frontAndBack
    {
        type            empty;
    }
}


// ************************************************************************* //
