/*--------------------------------*- C++ -*----------------------------------*\
  =========                 |
  \\      /  F ield         | OpenFOAM: The Open Source CFD Toolbox
   \\    /   O peration     | Website:  https://openfoam.org
    \\  /    A nd           | Version:  8
     \\/     M anipulation  |
\*---------------------------------------------------------------------------*/
FoamFile
{
    version     2.0;
    format      ascii;
    class       volScalarField;
    location    "100";
    object      wpod_1;
}
// * * * * * * * * * * * * * * * * * * * * * * * * * * * * * * * * * * * * * //

dimensions      [0 1 -1 0 0 0 0];

internalField   nonuniform List<scalar> 
12225
(
-6.60382e-16
8.06147e-18
1.21161e-17
-2.86583e-17
5.13519e-17
5.32951e-18
3.50107e-20
2.83235e-17
1.6207e-17
-4.52581e-18
-1.14572e-17
9.81203e-18
1.21862e-17
-6.54746e-18
1.18847e-17
1.14389e-17
-4.24714e-18
-8.33915e-18
-5.4418e-18
6.88099e-19
4.26005e-18
2.16393e-18
4.54573e-18
-4.95876e-19
1.21566e-18
1.10213e-18
1.95874e-18
-1.77256e-18
-1.33776e-19
-8.73039e-19
8.57584e-19
1.91304e-19
-3.50387e-18
-1.53591e-18
-2.295e-18
2.17803e-18
-2.31011e-18
1.33397e-18
1.99919e-18
1.45981e-18
1.11491e-18
-2.2257e-18
1.8001e-18
-2.85447e-18
-7.23327e-19
1.60781e-18
1.10678e-18
-2.15293e-18
1.91618e-19
9.54267e-19
-1.98983e-18
8.92143e-19
8.22558e-19
4.66626e-19
6.61366e-19
8.68596e-19
-1.21124e-18
-1.1725e-19
-2.84211e-19
1.38551e-19
-4.09376e-19
-1.0023e-20
-1.28515e-19
2.08011e-19
-9.53778e-19
8.34186e-19
-6.31786e-19
-5.74222e-19
7.48882e-19
-1.7177e-19
2.1586e-19
-5.23396e-19
8.6214e-19
5.77005e-19
3.48579e-19
-2.66632e-20
-2.45064e-19
-1.49099e-19
-6.21088e-20
4.43754e-20
-1.7485e-19
-1.33879e-19
-3.78333e-20
-4.56982e-20
-1.46607e-19
-8.0044e-20
5.10409e-20
4.43859e-20
-4.44345e-20
-5.33191e-20
-5.38487e-20
-4.81241e-21
5.8695e-22
4.68966e-21
1.50138e-20
-1.35524e-20
1.02546e-21
9.83333e-22
0
0
0
0
0
0
0
0
0
0
0
0
0
0
0
0
0
0
0
0
0
0
0
0
0
0
0
0
0
0
0
0
0
0
0
0
0
0
0
0
0
0
0
0
0
0
0
0
0
0
0
0
0
0
0
0
0
0
0
0
0
0
0
0
0
0
0
0
0
0
0
0
0
0
0
0
0
0
0
0
0
0
0
0
0
0
0
0
0
0
0
0
0
0
0
0
0
0
0
0
0
0
0
0
0
0
0
0
0
0
0
0
0
0
0
0
0
0
0
0
0
0
0
0
0
0
0
0
0
0
0
0
0
0
0
0
0
0
0
0
0
0
0
0
0
0
0
0
0
0
0
0
0
0
0
0
0
0
0
0
0
0
0
0
0
0
0
0
0
0
0
0
0
0
0
0
0
0
0
0
0
0
0
0
0
0
0
0
0
0
0
0
0
0
0
0
0
0
0
0
0
0
0
0
0
0
0
0
0
0
0
0
0
0
0
0
0
0
0
0
0
0
0
0
0
0
0
0
0
0
0
0
0
0
0
0
0
0
0
0
0
0
0
0
0
0
0
0
0
0
0
0
0
0
0
0
0
0
0
0
0
0
0
0
0
0
0
0
0
0
0
0
0
0
0
0
0
0
0
0
0
0
0
0
0
0
0
0
0
0
0
0
0
0
0
0
0
0
0
0
0
0
0
0
0
0
0
0
0
0
0
0
0
0
0
0
0
0
0
0
0
0
0
0
0
0
0
0
0
0
0
0
0
0
0
0
0
0
0
0
0
0
0
0
0
0
0
0
0
0
0
0
0
0
0
0
0
0
0
0
0
0
0
0
0
0
0
0
0
0
0
0
0
0
0
0
0
0
0
0
0
0
0
0
0
0
0
0
0
0
0
0
0
0
0
0
0
0
0
0
0
0
0
0
0
0
0
0
0
0
0
0
0
0
0
0
0
0
0
0
0
0
0
0
0
0
0
0
0
0
0
0
0
0
0
0
0
0
0
0
0
0
0.000635
-0.000383693
0
0
0
0.000192842
0
0
0
0
-0.000207652
0
0
0
0
-0.000219424
0
0
0
0
0
0
0
-0.000194916
0.000179996
-0.000162215
-0.000147773
0
0
0.000120458
0.000114122
0
0
0.000100618
0
0
-9.14386e-05
0
-8.62573e-05
-0.00016819
0
0
0
0
0
-0.000144497
-0.000141622
-0.000138191
0
0.000131174
0
-0.000125561
-0.000122444
0
0
0
-0.000111262
0
0
0
0
0
0
0
0
8.77078e-05
0
0
-8.00507e-05
-7.69344e-05
0
7.19729e-05
-6.88844e-05
0
6.41166e-05
0
0
-5.48328e-05
0
4.87665e-05
0
-4.31491e-05
-4.04283e-05
-3.71247e-05
-6.7502e-05
6.21317e-05
0
0
0
3.45653e-05
2.87604e-05
-2.1204e-05
0
6.67385e-06
-4.87329e-07
-7.33218e-06
0
0
0
-3.90685e-05
0
0
6.51828e-05
0
0
9.19996e-05
0
0
-0.000119455
-0.000128452
0
0.000148617
0
-0.000166729
0
-0.00018457
-0.000193244
0
0
0
0
0
0
0
-0.000223591
0.000225643
0
0
0
0
0.000465607
0
-0.000469643
0.000475839
0
0
0
-0.000481578
-0.000479865
0
-0.000473308
-0.000468615
0.000460619
0
0
0.000444447
0
0
0
0
-0.000429612
-0.000429381
0
-0.000417033
0
0
-0.000417961
0
-0.00040508
0
0
-0.000411083
0
-0.000409682
0
0
0
0.000405136
0
-0.000409791
0
0
0
0
0
0
0
0.000874373
0
0
-0.00136589
0.000733066
0
-0.000530094
0
-0.000235391
0.000452305
0.000436332
0
0.000411503
0.00019919
0
0
0
0
0.000167202
0
-0.000310747
0
0
0.000277031
0
-0.000256824
0.000121572
-0.000115233
0.000110078
0.000105683
0
0
-9.3907e-05
9.10929e-05
0
0
-8.32432e-05
0
0
7.75702e-05
0
-7.44868e-05
0.000145501
0
0
0.000274436
0.000269313
0.00026385
-0.000130233
0.000127804
0.000376242
-0.000247029
-0.000120951
0
0.00011679
-0.000115079
0
0
0
0.000107693
0
-0.000206419
0
-0.000198536
0
0.000190748
0
-0.000184331
9.05646e-05
0
0.000173808
8.5552e-05
8.36964e-05
0
8.18079e-05
7.91478e-05
0
-7.54178e-05
0.00014706
0
6.95294e-05
0
-0.000198517
0
0.000191273
6.15966e-05
-6.09211e-05
-0.000117
0.000113589
0
0
0
-0.000289192
-9.31128e-05
9.16477e-05
0
8.40155e-05
-7.97366e-05
-7.73241e-05
0
0
0
-5.9722e-05
0
0.000104401
0.000135481
-8.94218e-05
0
-3.42706e-05
0
-5.12665e-05
2.1486e-05
2.17546e-05
0
2.65371e-05
-1.67338e-05
-7.56333e-06
0
1.43489e-06
1.82461e-05
0
1.69111e-05
3.61969e-05
4.17608e-05
0
0
0
-2.75705e-05
-2.89144e-05
0
-8.64882e-05
-8.37016e-05
0
-8.42079e-05
-0.00019917
9.89987e-05
0.000113525
0
0
0
0.000140926
-0.000144198
-0.000297294
0.000141891
-0.000131502
-0.000129521
0
0
0.000137492
0
0
-0.000323404
0
-0.000168684
0.000181625
0
-0.000165304
0
0
0.000192771
-0.000364954
0.00017517
0
0
-0.000202119
0
-0.00020915
0
0
0
-0.000211808
0
0.000221841
0
0
-0.000457726
0.000433998
0
0
0
-0.00153532
0
0.000972182
-6.57466e-07
-0.000865898
0
0.000682751
0
0
7.46647e-07
-0.000242756
-0.000237607
-0.00022989
0
0
0.000217825
0.000432483
-0.000426163
0
-0.00040199
0.000193035
0
-0.000374855
-0.000183349
0.000357206
0.000174583
0
-0.000328054
-0.000315417
0
-0.000295208
0
-0.000278866
-0.000134938
0
0
0
0
0
0
-0.000239904
0.000354532
0
0
0
3.92509e-07
-0.000218031
-0.000426654
0.000423084
0.000208956
-0.000203606
-3.52509e-07
-0.000197351
0
-0.000190536
-3.55728e-07
0
0
0.000184153
0
0
-0.000172758
-0.000341573
0.000167223
0
-0.000161541
0
-0.000157388
-0.000152629
0.000303223
0.000149328
0
-0.000288397
0
-0.00042847
-0.000280198
-0.000271265
0.000262891
-0.000387527
0
0
0.000243023
0.000351588
0
-0.000113035
0
0.000334651
-1.19008e-06
1.2095e-06
-0.000205682
0
0.00019115
-1.28214e-06
0
0
0
-0.000163332
0
0
0
0
0
-0.000137277
0
-0.00011891
-0.000109087
0.000108928
0
9.41983e-05
0
8.35619e-05
-7.46253e-05
-0.000230583
0
-0.000189378
-6.00874e-05
0
-0.000109066
-9.66398e-05
0.000128794
0
3.15275e-05
1.9615e-05
7.24616e-05
0
0
0
4.742e-06
0
0
1.35658e-05
1.64313e-05
0
0
4.99574e-05
0
-7.85476e-05
-6.90064e-05
0
0
0.000104731
1.61645e-06
1.555e-06
0
0.000226471
0
0
0
-0.000132953
0
0.000336873
0.000179635
0
0.000177558
0
0
0.000571268
-0.000423492
0
-0.000463227
0.000223608
0
0
0
0.00076048
0
0.000272376
0
0
0
0
0
0
0.000574785
0
0.000311164
-0.000900952
0
0
0.000643069
0.000737751
-0.0006977
-0.000686003
0.00171083
0.00119757
0.000698611
0.000284822
0
-0.000409756
0.000188284
0
0.000172655
0
-0.000329707
0
-0.000159172
-0.000314259
0.000312304
0
0.000299802
0
0
0.000280981
0
1.27771e-06
0
0
-1.19582e-06
0.000252528
0.000247744
0.00024171
0
0.000470875
0
0.000228141
0
0
-0.000221617
0
0.000214254
-6.22643e-07
-0.000419252
0.000414911
0
0
0.000199908
0
0.000194046
-0.000191635
-0.000189362
0
0.000184849
0.000182608
-0.000361009
0.000177583
0.000175383
0
0
-0.00016956
0
0
0.000325074
0.000321152
0
0
0
0
0.000298316
-0.000293537
-0.00028971
-0.000570293
0
-7.05549e-07
0
0.000268346
-7.15589e-07
0.0002592
-0.000254194
-7.35744e-07
0
-0.00024146
-0.000235826
-0.000461947
0
0.000222532
0
-0.000429331
0.000210047
-0.000204196
0.00020169
0.000395736
-0.000190521
0.000186696
0
-0.000357995
0
-0.000336594
0.000329546
0.00032356
-0.000310874
-0.000302983
0
-0.000144599
0
0
-0.00025513
0
0
-0.000229303
0
0
0
0.000386779
0
0.000350535
0.000164463
0.000165084
-1.81625e-06
0.000142664
-0.000275315
-0.000128304
0
-0.000107392
-0.000208878
0
0
0
1.54395e-06
0
0
0
0
7.67958e-05
0
-4.6589e-05
0
-8.15382e-06
2.03635e-08
-1.81971e-05
3.11962e-05
1.95875e-05
-2.71141e-05
3.60507e-05
0
3.90899e-05
0
0
0
0.000128903
0
-1.18684e-06
0
0
0.000188044
0
0
-0.000226205
6.73144e-07
0
0.000276235
0.000279109
0
0
-0.000305322
-4.33767e-07
0
-0.000359374
0
0
0
0.000410191
0
0
-0.000406132
0
0
0.000889068
0
0
-0.000491086
-0.00106894
0.000525085
0
-0.00100293
-0.000759394
-0.000632402
-0.000508048
0
0.00072642
1.28935e-06
0
0
0
0.00029475
0
0
0
0
0
-0.000271028
-0.000264921
0
0
0.000252517
-0.000496322
0
-0.000241014
0.000235146
0
-0.00068281
0.000451392
-0.000447433
-0.000220334
0
-0.000653413
0
0
0.000210444
-0.000417761
-0.00061755
0.00060952
0.000200316
-0.000395896
0
0
1.12297e-06
0
0.000375775
0.000371145
0.000367301
0
-0.000359274
0
0.000701411
0
-0.000342715
0
0.000334208
0
0
0
0
0
0
0
0.000302053
0
0
0.000289001
0
0.000280806
0.000277343
0.000272633
0
0
0.000260389
-0.000514298
0
0.000743975
0
0.00023996
0
0.000231833
0.000454253
-0.000222612
0
0.000215291
-0.000422792
0
0
-0.000398458
0
0.000382006
0
0.000363538
0
0.000695529
-0.000339763
-0.000666856
0.000324307
0.000314963
0
-1.2772e-06
0
-0.00028454
0.000275151
0
0
0.000251205
-0.000244916
0
0
-0.000219468
0
-0.000204459
0
-0.000190973
0.000181678
-0.000353854
0.000169072
0.000160169
0
0.000144472
0.000137752
0
0
0.000243746
-0.000116286
0.000215653
0
0
0
-0.000313925
0
0.000131974
0
0.000102389
0
-8.00848e-05
6.59667e-05
5.40703e-05
-4.38804e-05
0
0
-1.08486e-06
0
0
0
-3.957e-05
0
-6.42078e-05
0
-8.27372e-05
-9.00072e-05
9.94252e-05
0
-0.000125561
0.000137611
0
0.000159984
-0.000340785
0
-0.000391441
0.000200914
-0.000214205
0
0.000242235
0
0
0
-0.000291127
0
0
0
0
0
-0.000343623
0
-0.00076066
0
0.000800154
0.000810131
0
0
0.000726656
0
0
0
1.62612e-06
1.52574e-06
0.000301157
0
0
0
0
0
0.000538552
0
-0.000525893
0.000257664
0.000253657
0
0
-0.000242253
0.000238587
0
0.000230347
-0.000453777
0
0.000435672
-0.000433598
0.000430917
0
0
0.000422827
0
0
-0.000412458
0.000816332
0.000402555
-0.000797172
0.000393695
0
0
0
-0.000376385
0
-0.000368223
-0.000363954
-0.000360034
-0.000356998
0.000352051
0
-0.000344153
0
-8.35996e-07
0
-0.00065701
0
0.000321508
0
0
0.000619493
0
0
-0.000297586
0
0
0.000573455
0
-0.000556696
-0.000274243
0
0.000535788
0
-0.000518698
0.00102103
0
-0.000494924
0
0
-0.000473243
0
-0.000456057
0.000447918
0
0
0.000424929
-0.000418294
-0.000411287
-0.000405687
0
-0.000387511
-0.000377329
0
0
-0.000358126
0
0.00034138
0
-0.000326757
0
-1.01131e-06
0
0.000295755
0
0
0
0
0.000260546
0
0
0.0004803
0
0
0
0.000418516
0
0.0003876
0
-0.000368189
0.000351144
0
-0.000323643
0
0
-0.000582386
0.000284551
-0.000261333
0
0
0
0.000417423
0
-0.000187705
0
0
0
0
-0.000131687
0
0.000112272
-9.47336e-05
-8.36478e-05
7.18724e-05
0
0
0
0
0
0
0
1.27898e-05
0
-3.08612e-05
0
0.000169586
0
-0.000156949
-8.46241e-05
9.51789e-05
0
0.000239666
0
0.000283434
0
0
0
0
0
-0.000412155
-0.000437177
0
0
0
0
0.000538223
0
0.00117925
-0.000600486
-0.000618064
-0.000636754
-0.000648658
0
-0.000676832
0
-0.000896084
-0.000755132
0.000333993
0.000307364
0.000292602
0.000561776
0
0
-0.000531112
0
-0.00103292
0
0.000506283
0
0
-0.000486661
0
-0.000474032
0
0
0
-2.89532e-06
0
0
0
0
0
0
0.000417224
0
-0.000407903
-1.98462e-06
-0.00039823
0
0.000390151
-0.000384017
0
0
0
0
0
0
0.000359234
-0.000355868
0.000351158
-0.000696811
0
0.000680801
-0.000672914
-0.000333411
0
0.000324058
0
-0.000317059
0
0
-0.000610828
0
0.000598676
0
0
0
-0.00113616
-0.000560935
0.000552949
0.000546838
0
-0.000531979
0
0.000514992
1.05968e-06
0
0
0.000487586
0
0.00047115
0
-0.000458665
-0.000448182
0
0
0
0.000418245
0.000410607
0.000406316
0
0
0.000382374
0.000376374
0
0
0
-0.000692191
0
0.000330677
0
-0.000318474
0
0.000608502
0.000589868
-0.000576122
0
0
0.000543029
0
0.000516128
1.63328e-06
-0.000490093
0
0
-0.000443683
0
0
-0.00040689
0.000394668
-0.000759757
0
0.000353845
0
0
0.000647386
-0.000316413
0
0
0
0
-0.000239804
0.000233741
0.000219532
0
0
0
0.00018833
0.000350408
0
-0.000456444
0.000131946
0.000123023
0
-0.000207017
0
0
0
0
-9.94428e-05
0
0
0
0
0
1.21189e-07
-4.68931e-05
6.03082e-05
-6.67899e-05
0
0.000114423
0
-0.000170615
-0.000184931
0
0
-0.000242473
-0.000264904
-0.000279961
-1.39414e-07
0.000331875
0
0
0
-0.000408327
-0.000429039
0
-0.000952188
1.73527e-06
2.62615e-06
0.000507947
0.00106499
-0.00159453
0
0
0.00164341
0.000699504
4.6508e-06
-0.000581136
4.13273e-06
-0.000537717
0
0
0.000509529
0
0.00049638
0
0
0
0
0.00047516
0
0.000459153
0
0
0.000441568
0.000431088
0.00042728
0.000425077
0
0.000421484
0.000416787
0.000413326
-0.000407222
0
0.000397977
-2.08932e-06
-0.000392969
-0.000389467
0
0.000379463
0
0
-0.000737331
-0.000730281
0
0
-0.00106383
0.00105461
0
-2.19589e-06
0
-0.000671224
0.000663947
0.000655975
0
0
0
-0.000629986
0
0.000614552
0
0
-0.00059226
0
0
0
0.00112713
0.000555594
0
1.13751e-06
0
0.000528795
-0.000521426
0.000514228
-0.000506589
0
0.00049227
9.79175e-07
0
0
0.000467855
0.000459855
0.000454027
0.000444746
-0.000435865
0
0
0
0
-0.000806572
0
0
-0.00114176
0
0.000725665
0
0.000698618
0
0.000675117
0
0.000642134
0
-0.000617672
-0.00121041
0.000589194
0
-0.000570423
-0.000556271
0
-0.000532348
-0.00051687
0.000505035
-0.000489971
0.000481464
0.00046131
0
0
-1.21145e-06
0
0.000398336
0.000391406
0
0
0.000347484
-0.000341273
0
0
0
0.000294355
0.000285192
0
-0.000264414
0
0
0
0
-0.000214944
-0.000204764
-0.000376522
0.000357201
0.000329263
0.000308037
0
0.000534331
0
0
0
0
0.000152659
0
0
-9.76778e-05
0
0
4.18036e-07
-4.44126e-05
-8.6753e-06
-1.28764e-06
-1.91179e-05
-9.17845e-05
6.69479e-05
-5.35179e-07
0
0
0
0.00016852
0.000191272
0.00020841
-3.84378e-07
0
0
0
0
0.000333005
0
0
0.000387008
0.000406881
0.000409811
-0.000428982
-0.000447293
0.00147091
0.00110199
0
-0.000715783
0
5.34436e-06
-0.000557666
-0.000532002
0
-0.000509279
0
0
0
-0.000476507
0
0
0.000470863
0
0
-0.000454691
0
-0.000443118
0
-0.00085261
0.000422037
3.08835e-06
2.9896e-06
-0.000412914
-0.000409117
-0.000816416
2.57797e-06
0
0
-0.000788171
0.00038797
0.000384867
0.000381764
0
-0.00111976
0.000742496
0.000736069
0.000726679
0.000720333
0
-0.000709188
0.00140125
-0.000693232
-0.000688951
0.00136152
0
0
0
0
-0.000644826
0
0
0.000623031
0
-0.00121984
0
0.000596925
0
0
0
0
-0.000560868
0
-0.000547154
1.10989e-06
0
-0.00052653
0.000519634
-0.000512506
0
0
-0.000978416
-0.000482417
0
0
-0.00139492
0
-0.00135867
-0.000443888
0.000436086
0.000863586
0
0
0
-1.55905e-06
-0.000794164
0
-1.50968e-06
0
-0.000735885
-0.000720103
0.000706706
0
-0.000680943
0
0.000652394
0
0.000629815
0.000614946
-0.000601935
0
0.00116253
0
0
0
0
0
0.000506459
-0.000494692
-0.000473153
0
0
-1.01526e-06
0
0.000415213
-0.000810377
0
0.000755389
-0.00108503
0
-0.000699779
0
0
-0.000311716
-0.000303455
0.000568493
0.000559298
0
0
0
0
0
0
0.000817974
0
2.83143e-07
-0.000353817
0.000325673
-0.000306368
0
0
0
0
0.000196904
0
0.000157472
0.000280535
-0.000121298
0
9.37096e-05
6.87345e-05
6.06852e-05
5.11337e-05
-2.96935e-05
-2.66109e-06
-1.2512e-05
6.71442e-05
0
0
9.68009e-05
-0.000119213
0
-0.000318403
0.000169867
0
0
0
-0.000524423
-0.000553266
0
0
0
-0.00068422
-0.000699746
0.000743938
0
0
-0.000968507
0
-0.000651455
0
-0.000533675
0.000517188
-0.000514004
0
0.000494687
0
0
0
0.000461595
-0.000464636
0
-0.000912836
0.000454874
0
0.00043885
0
0.000420641
0.000417803
0.000822705
-0.000819332
-0.000406726
-0.001219
0.000402654
-0.000809541
0.00120487
-0.000397051
0
-0.000787722
0.000771595
0.000768865
0
0
-0.000747696
0.000736072
-0.00146629
-0.00145383
0
0
0
-2.67715e-06
2.55146e-06
0.000689035
0.000679956
-0.00134849
0
0
0
-0.000647441
-1.77943e-06
0
0
0
0
-1.46077e-06
0
-0.0011848
0
0
0
0
0
0.000553636
0.00109108
-0.000538733
0
-0.00105559
0.0010397
0
-0.00101161
0.00100134
0.00147149
0
0
0
0.000929344
0.000916071
0.00180264
0
-0.000873195
1.4921e-06
-0.000850099
-0.000834903
0
0.00163424
0.00160335
0
0.000766467
0
0
0.000727995
1.2635e-06
-0.000707632
0
0
-0.00132419
0
1.12359e-06
0
0.00061016
0
-0.000589137
0
0
-0.000552331
0
0
0
0.000506532
0.00048456
0
0.000928187
0.000449724
-0.000871479
-0.000426984
-0.000418103
0.000812066
1.23984e-06
0.000755778
0.000742978
0.00142669
-0.00069367
0
-0.000656296
-0.000627975
-0.000593487
6.8818e-07
0
0
0
0
0
0
-0.000863294
0
-0.00080347
0
-0.000703911
0
0.000316263
0
-0.000277759
0
-0.000471615
0
-0.000193682
-7.95528e-07
0.000307705
0
0
0
0
-8.21914e-05
0
0
0
1.60116e-05
-4.67512e-05
0
-6.27345e-05
8.53986e-05
0.0002091
0.000245642
0.000270258
0.000334742
-0.000349727
0
-1.06571e-06
0.000943425
0
0
0
2.03244e-06
3.24766e-06
-0.000658807
0
-0.00122106
0.000849494
0
0.000597116
0
0.000516339
0
0.000495554
0
-0.000490265
0
0
0
0.000459557
0.000450086
0
0.000438399
-0.000432345
0
0
0
0
-0.000405972
-0.000403148
0.000400357
0
0.00079016
-0.000800559
0.00159646
-0.00079111
0
0
0.000771899
0
-0.000756604
0.000754637
0
0.00147445
0
0.000724431
0.000718992
-0.00071681
0
0
0.000694053
2.44098e-06
-0.000679777
0.000675653
-2.10961e-06
0
0
0.000649446
0.000641267
0.000634728
0.000629659
0
0
0
0.000602938
0
-1.25513e-06
0.000585937
-0.000579127
0
0.00113116
-0.00111751
-0.00165809
-0.00163685
0
0
0.00105296
-0.00103873
0
0.00101186
-0.000998263
-0.0009828
0
0
-0.000951275
0
-0.000914598
-0.000899498
-0.00089129
0.000877759
-0.000862909
0.000847508
0.0016666
0
-0.000816881
-0.000804802
0
0
0
0.000747222
0
-0.000725508
0.000713917
0
0
0.000669355
0
-0.00128716
0
0
0
-0.000600012
0
0
0.00167903
0
0
0
-0.00153741
-0.000495733
0
-0.000956044
-0.000928755
0.00179665
-0.000877487
0.000851921
1.02083e-06
-0.000821825
0
-0.000770845
-0.000739094
0.000724739
0
-6.05272e-07
0.00129994
0
-0.000609797
0
0
0
0
0
0
0.000446561
0
0.000426355
-0.000406965
0.000378389
0
-0.000342431
0
7.24865e-07
0
8.45409e-07
0
0
-0.000205548
-0.000185041
0
0.000299917
0
0
0
0
0.000121827
0
-4.62819e-05
-2.28865e-06
1.56658e-05
0
0
-0.00015136
-0.000196248
-0.000213283
1.84782e-06
0.000293279
0
0.000370659
-0.000813177
0
0
-0.000486724
0.00106483
2.61209e-06
0
0
0.00109148
-0.000739194
0.000596329
0
0
7.12504e-06
0
0
0
-5.84079e-06
0
0
0
-0.00044323
-0.000884576
0
0
0
-0.000862533
-0.000857336
0.000846367
0.000832747
0
0
0
0
0
-6.01077e-06
-0.000786348
0
0
0
0
0
0
-0.000742497
0
-0.000733694
0
0
0
0.000711085
0
0
0
2.24736e-06
0
-0.00134319
0.000663724
0
0
-0.000644637
0.000639928
0
-0.000625826
-0.000620928
0
0
0
0
0.000590267
-0.000583947
0.000577157
-0.00114348
-0.002255
0.00111279
0.00110324
0.00109022
0
0
0
0
-0.0010297
0
0
0
0.000977317
0
-1.1942e-06
0
0.000925809
0
0.000897324
0
0
0
-0.000846564
0
0
-0.000808284
-0.000794374
-0.000783928
0
9.00706e-07
0
0.000732459
0
0
-0.000690895
0
0
0.000645622
0.000636898
0
0
0.00060625
-0.00119036
0
-0.00113804
0
0
-0.00105944
0.00103937
0.00101584
0
0
0.000942251
-0.000917478
0.000892622
-0.000867462
-0.000851558
-0.000839447
-0.000801016
0
0.00076466
0.000746799
0
0.00070016
3.29475e-07
0.000653873
0
0
0
0
0
0
-0.000499523
0
-0.000451811
0
0.000428469
0
0
-0.00036302
0
0.000661665
0
0.000283356
0
0
0
0
0
-0.000667548
0.000287864
0.000270175
0
-0.000201597
-0.000173063
0
0
-2.61756e-06
1.65567e-05
0
-9.07765e-05
0
0.000162782
0
-0.000470894
0
-0.000293843
0
0.000359875
0
0
0.000442785
-0.000483352
1.99373e-06
0.000534924
0
0
0
-0.000478407
0
0
-0.000457869
0
-0.000469493
0
-0.00046206
0
0
0
0
0.000859289
-0.000860484
0
0
0.000836411
0.000834347
8.3855e-06
-0.000819427
0
0
0
0
0
0.00156528
0
0
0
0
-0.000755526
-0.000750303
0
0
-0.000733143
0
0
0.000715456
0
0
0
0
0
1.96567e-06
0.000673797
0.000665094
0
0.000653933
0
0
-0.000635367
0.00126091
0
0.000617868
0
0
0
0
0
0
-0.00115382
0.00114045
0.00112664
0.00111193
-0.00109913
0
0
0
0
0.00104058
0.00102807
-0.00101394
0.00100607
0
-0.00196225
0
0.000951713
0.000941447
-0.00185984
0
0
-0.000882873
0.000874977
-0.000863463
0.000855961
0
0
-6.85638e-07
0.000797878
-6.69867e-07
0
6.54145e-07
-0.000744043
6.29429e-07
0
0
0.000697012
0
0
0.00130953
0.000644945
0
0
0
0.00120419
0
0
0
0
0.00215074
-0.00105392
1.01488e-06
0.00101172
0
-0.000952731
0
0.000908341
0.000883539
0
0.000853287
0.00163541
0
-0.000779165
-0.00151944
0
0
-0.00138646
7.41209e-08
0
0
0
-0.000588798
0
0
0.0010374
0.000495047
0.000477666
0
0
-0.000425719
0
-0.000374443
0
-0.000342358
0
-0.000591778
-0.000559619
0.000499256
0
0
0
0.000365779
-2.79424e-06
-0.000307221
0
0.000226263
0
0
0
-7.00332e-05
0
-4.65082e-06
6.28532e-05
0
-0.000140061
0.000146751
-2.53348e-06
0.000238373
-2.28265e-06
0
-0.000328975
0
0
0
0.000441166
1.38241e-06
-0.000994347
0
0.000865489
0.000556608
0
0
0
0
0
0.000461867
0
-1.30972e-05
0.000928777
0
0
0
0
0.00171995
0
0
0
0
-0.00162858
0
0
0
-0.000791063
0
0
-0.000765933
0
-0.00076448
0
0
0.000740156
0.00147274
0
0
0.000717994
0
-0.000711577
-0.000703404
0.000700641
0
0
0
0
-0.000671028
-0.000664421
0
0
-0.000645861
0
0
0
-0.00124849
0
0
-0.00121544
0
-0.00119315
0
0
0
0.00114641
0.00113743
-0.00112573
8.68755e-07
0.00109659
0
0
0
0
-0.00103346
-0.00102233
0.00100907
-0.00100034
-0.00098964
0.000978816
0
0
4.30921e-07
-4.08858e-07
-0.000914957
0.000903876
-3.91134e-07
-0.000877497
0.00173077
-0.000853986
0
-0.000826911
0.000811236
0
0.000787051
0
0.000761138
-0.00074941
-0.000736221
0.00144908
0
0
-0.0013797
0
-0.001328
-0.00130001
0
-0.00126529
0
0
0.00119293
0
0
0
7.61401e-07
0.00107227
-0.00104649
-0.00102161
0
0.0019376
-0.00094345
-0.000924959
0.000904352
0
-0.000863457
-0.000831021
-0.000807924
0
0.000771747
0
0
0.00140927
-0.000673094
0
0
0
0.000599996
0
0
-0.000534691
-0.000513138
-0.000990332
0.000962216
-0.000907124
0.000440987
0
0.000775826
0
0
0
0.000610374
0.00115102
-0.000532224
-0.000501569
0.000468975
0.000431489
-0.000386489
-3.09556e-06
0
0
0.000246165
0
-0.000152796
0
0
6.37643e-05
6.65109e-05
0
0
0.000215068
-0.000114272
0.000192233
-0.000209215
0.000236699
0.000266166
0.000606692
0
0
0
-0.000419261
0.000437688
0.000467789
0
-0.000800058
-0.000487023
0
0
0
0
0
0
0
0.000855294
-0.000853052
0
0
0.000856974
0
-0.00167468
0.000830326
0
0
0
0.000788718
0.000789906
0
0
0.000768461
-0.000765746
0
0
0.000748112
0.000740606
0
0
0
-0.000719927
0
0
0.00070894
0.000704413
0.000699258
0
-0.000687354
0
0
0
0.00133085
0
0.00130904
0
0
0.00127663
0
0.00125776
-0.00124606
0
-0.00122296
-0.00121203
0.00120059
0
0.00235847
0
0
-0.0011472
0
3.92744e-07
0.00111388
2.82968e-07
0
0
0
0
-0.00104343
0
0.00101829
0
0
0.000982192
0.000970125
0
0
-0.000934284
0.00184691
2.11346e-08
-0.000902742
0.000887147
-0.000877198
-0.000865063
-0.000849842
0
0.00247193
0.0016262
0
0
0
-0.0030547
0.00149892
-0.00147362
-0.00144595
0
0
0.00137412
0
0
0.00130926
0
0.00126649
0.00124399
0
-0.00119136
0
0
0
-0.00220479
-0.00107715
0
0
0
2.39657e-07
0.00190726
-0.000931552
-0.000910847
-0.000885637
0.00173315
0.000838138
0.000815571
0
0
0
0
-0.00141695
-0.000684733
-0.000666571
0
0
0
0
0
0
0
0.00100022
-0.00096133
0.000911575
0
0
0
0.000747515
0
0
0
-0.000591082
0
0.00103681
-0.000488127
-0.000449962
0.000400045
-3.35514e-06
0
0
-0.000520552
0
0.000327301
0.00013374
0
-5.58122e-05
-4.2523e-05
0
0
-0.000168485
0.000109314
0.000164528
0
0
-0.000251682
-0.000287577
0.000318032
0
0
0
0
0
0
0
0.00101808
0
0
0.000913385
-0.000849567
0
-0.000769582
0
0
0
0
0
-0.000781314
0
0.000766584
9.13171e-06
0
0.000753599
0
0.000738898
-0.00072761
0
0
0
0.000711446
-0.00071037
0
-0.000694798
0
0
-0.000682725
0
0
0
0.000664543
-0.000657897
-0.000653053
0
0
0
0
0.00126287
0.00125231
-0.00248268
0
-0.00122186
0
0
-0.00119334
0
-0.00117388
0.00232804
0
0.00228577
0.0011358
0
0
-0.00110359
0
0
0.00107278
-0.00106225
-0.00105368
-0.00104312
-0.00206549
-0.0010243
0
0
0
0.00097972
-0.000966872
0
0
0
0
-4.69416e-07
0
0
0
-0.00172912
4.58029e-07
0
0.00167147
0.000829781
0
0.00238876
0
-0.00154934
-0.00153297
0.00152336
0
0
0.00143474
0
0.00139383
0
0.00133362
-0.00130874
0
0
-0.00126664
-1.72677e-07
0
-0.00117881
-0.00116342
0.00114369
0
-0.00110758
0
-0.00105167
0.00102648
0.0010207
0
0
0
-0.000895426
-0.00179639
0.00174264
0
0.000825153
-0.00164739
-2.22636e-07
0.000768599
-0.000746926
0.000722305
0
0
0.00065784
0.000642465
0.000628619
0
0
0
0
0
0
0.000956009
-0.000926042
-0.000889419
0.000847352
0
0
0
-0.000702045
-0.000666603
0
0.000583054
0
0
-0.000975903
0
0
-0.000371182
-0.000670494
0
0
3.66586e-06
-0.00019908
-3.68949e-06
-3.71725e-06
-6.62716e-05
-3.83693e-05
1.7934e-05
0
0
8.31078e-05
-0.000111782
-0.000307664
0.000190299
0
0
0.00057548
-0.000931235
0.000700054
0.000712052
0
-0.000811534
0
0
0
-0.00232987
-0.000983545
0
-0.00188253
-1.28316e-05
0.000883294
-1.20693e-05
-0.000887717
0
0
0.000862705
0
0.000853053
0
0
-0.00163335
0
-0.000800085
0
-0.000786252
0
0
0
0
0
0.00151052
0
0
-0.000745797
0
0.00146805
0
0
0
0.000716224
0
0
0.00140149
0
0
-0.00137435
6.9046e-07
5.45594e-07
0.00134041
0.0013334
0
0
0
0
0
0
-0.00252524
-0.00124849
-0.00247912
0
0
0
0
-0.00118195
0
-0.00115963
0.00115243
0
1.03158e-06
0.00223005
0.00222861
0
0.00108633
0
0
0.00104801
-0.00104761
0
0
0
-9.90027e-07
0
0
-0.00094072
0.000937346
0.00280955
0
-0.00368691
0.00183394
0
-0.0017138
0
0
0
-1.27531e-06
0
0
-0.00155826
0
0
0
-0.00142666
0.00283023
-0.00139205
-0.00139887
0.00141396
-0.00135392
0
4.54569e-07
0.00128451
-0.00125615
0.0012709
0.00123488
0.0012131
1.16462e-07
0
0
0.00107469
0
-0.00101582
0.000954812
0.000989516
-2.73423e-07
0
0
0.000941764
-3.69864e-07
-0.000866148
0.000844091
-0.000799602
0
0
0
0
0
0
0
0
0
0
-0.00108224
-0.00105971
0.00213934
0.00200851
-0.000959121
-0.000905146
0
0
0
0.00158358
0
-0.00065949
0
0
0.000566163
0.000537177
0
0.000903761
0.000823521
0
0
0.000290654
0.00025773
-0.000203215
-3.87121e-06
3.87398e-06
3.85041e-06
-3.85752e-06
0
0
0
0
0.000120121
-0.000161572
0
0
-0.000534569
0.00056927
4.74283e-06
-0.000693932
0
0.000754777
0.000785177
0
0
0.00123828
0.00100473
0
0.0018802
0.00179932
1.0236e-05
0.00089
0.00179821
-0.000899154
-0.000904598
8.70917e-06
0
-0.000881596
0.000875825
0.000869624
0.000858315
0
0
0
0
0
0
0
0
0.00081592
-0.000808665
0
0.00080033
0.000794494
0
-0.0015721
0
0
0
-0.00153377
0
0
-0.00150954
0.00150246
0
0.00148264
-0.00293822
-0.00145816
0.0014479
-6.61444e-07
0.00142543
-0.00141684
0.00140131
0
0
0
0.0013676
1.29116e-06
0.00134555
0
0
0.00130839
0.00127701
1.53891e-06
0
0.00248946
0.00123805
0
0.001238
-0.00243636
-0.00120681
-0.00118557
-0.00118142
0
0.00116988
0
0.00113545
0
-0.00111906
-0.00107995
-1.4378e-06
0
-0.0010638
0.00104582
0
-2.31855e-06
0.00198197
0.00200123
-0.00201243
0
-0.00189066
0
0
-0.00182681
-0.0018692
0
0.00185095
0.00338467
0
0
0
-0.00159141
-0.00157146
0.00295372
0.00300194
0.00151313
0.00145752
-0.00148384
0.00145625
-0.00147228
0
-0.00143552
0
-0.00125432
0.00115561
0
0
-0.00112866
0
0.00231394
-3.87417e-07
0
-0.00107884
0
0
0.00101729
-0.00099566
-0.000973891
0.0019031
0.00180214
0
0
0
-0.0016535
0
0
0
0
0
0
0.00253801
0
-0.00249803
-0.00113412
0
0.00109136
0.000998342
0
0.000953807
-0.000932961
0
0
0
0
0.000653774
-0.00123337
0
-0.000546473
-0.000495979
0
0
0
0
0.000261269
-0.000445382
0.000182858
0.000292422
-9.67635e-05
-5.67784e-05
0
0
0
0
0
0
0
0
0
-0.00128454
0
0
0.00071839
-0.000757051
0
0
0.00134206
0
0
-0.000917883
-0.000881026
-0.00178007
-0.000898393
-0.000922421
0.00092785
0.00183837
-0.000907346
0
0
-0.00184901
-0.000917664
0
0
0
0
0
0
0
0
-0.000874561
-0.000869071
0.000865683
0
-0.000855256
0
0.000846803
0.00084416
0
0.000835304
0
0
0
0
0
-0.00161312
0.00159952
0
0.00157586
0
-0.00311881
-0.00154593
-0.0015339
0.00304705
-0.00151623
0
0
-0.00147257
0
0.00290342
0.00144846
0
0
-0.00283379
-0.00137926
0.00136425
0
-0.00135474
-0.00133632
0
0
0.00133329
-0.00129705
0.00126446
0
0
-1.9367e-06
0
0.00122302
-0.0011994
0.00119216
1.7609e-06
-0.0023213
0
0.00115442
0
0
-0.00226098
-0.0021706
0
-0.00218454
0.0019985
0.0020157
0
0
0.00394493
0
0
-0.00198337
-0.0017979
0
-0.00180511
-0.00182984
0.00346234
0
-0.00163471
-0.00165348
-9.0291e-07
-8.02602e-07
0.00161882
0
0
0
-0.00154175
-0.00144968
0
0.00125803
-0.00137254
0
0
0
-0.00120593
-0.00118783
0
0
-0.00115531
0
-0.00106062
0
0.00107671
-0.00210249
-0.00201094
0
-0.00178096
0
1.09741e-06
0
0
-0.00160137
0.0015658
-0.00150491
0
-0.00285876
0
0.00133779
0.00121697
-0.00127183
-0.00122387
-0.00115104
0
-0.00104686
-0.000999573
-0.000917928
0
0
0
-0.000758516
0.00069681
0.000646819
0.000619195
-0.000556013
0
0
0
0
-0.000318656
3.84096e-06
-0.000225018
-0.000188583
0
3.8251e-06
-4.65821e-05
1.86418e-05
-4.20701e-05
0
0
0
0
0.000460716
0
0.000568729
0
0
-0.000705035
0
0
0
-0.00129407
0
0
0.000974458
0
0.000959833
0.000960421
0.000994235
0
-0.000995568
-0.000996794
0
0.000997219
0.000990885
0
0
0
0
0
0
0
-0.000948241
0
0.00187395
0
-0.000928644
0.000922076
-0.000918598
0.000913868
-0.000908384
0
0
-0.000894493
-0.000888084
-0.000882424
0
0
0
0.0008609
-0.00171001
0.00170589
0
0
2.29342e-06
0
0
-0.00324178
-0.0016181
-0.00160135
0
0.00156277
0
-0.00155654
-0.00154914
0
0
0.00150783
0
0
0
0
0.00140884
-0.00142319
0.001437
0
2.46465e-06
0
0.00137472
-0.00141237
-0.0013632
0
-0.0012926
0.0012974
0
2.02503e-06
1.99395e-06
0
0
0.00124429
0
-0.00120697
0
0
0.00237439
-2.72255e-06
0.00216756
0
0
-0.00212689
0
0
0
0
0
0.00388661
0.00198068
-0.00187271
0
0.00175713
0.00182598
-0.0035351
-0.00173094
0
0.00165451
0
0
0.00165423
0.00162041
0
-0.00290682
0.00150039
0
-0.0013803
0
0
0
0
0.00127567
2.97105e-07
0.00122023
0
0
0.00110178
0
0.00108356
0
0.00198473
0
9.38511e-07
0
0
0.0017257
-1.29197e-06
0.00170304
0
0.00314574
0
-0.00143909
-0.00133708
0.00136748
2.67033e-06
0
0
0.00115632
0.00108694
0.00103043
0.000934588
0
-0.000867219
-0.000828616
0.000751939
-0.000730452
-0.000674984
0.000613048
0
0
0
0.000408668
-0.000364313
0.000314421
0.00026857
0
0
0.000132725
3.6733e-06
-0.000103579
1.6842e-05
0
0
-0.000138813
0
-0.000401078
-0.000232736
0
0.000611635
0
-0.000680309
-0.000715424
-0.000707142
0
0
-0.000908068
0
-0.000924238
0.000954716
0
0
4.44702e-06
0
0
0.00106708
0
-0.00107514
-0.00107079
0.00106533
0
0
0.0010446
0
0
0
7.82567e-07
0
-0.00201743
0
0
-0.000992207
0.000987456
-0.000980266
0
0
0
0
0.000948287
0.000942164
0
0.00092968
0
-0.000920237
0.00091066
-0.00181895
0
-0.0008959
0.00266675
0
0.00174675
3.15882e-06
3.15007e-06
0.00341149
0
-0.00165598
0
0
-0.00164554
0
0
0
-0.00158373
0
0.00153888
0
-0.00150426
0.00152763
-2.80517e-06
0
0.00148924
0
-0.00148738
0.00149371
0.00145123
0
0
0.00137441
0
0.00132694
0.00132368
-0.00133953
0
-0.00131292
0
0.00255656
0
0
0.0012409
-0.00348809
-0.00229974
-0.00114733
0
0
0.0022266
0
0
0.00210587
0.00214522
-1.76554e-06
0
0
-0.00206419
-0.00195494
-9.83596e-07
8.55829e-07
0
0
-5.22633e-07
0
-0.00181715
0
0.00174586
0
2.81534e-07
0.00158105
0.00157357
0.00151081
0
0
-0.0013756
0
-0.00135412
1.8349e-07
-0.00128949
0
0
-0.0011684
0.0011716
-0.00115393
0.00111843
0
0
0.00313081
0.00102074
0
0
-0.00182271
0
0
-1.5251e-06
0
0.00151202
-0.00142285
0
0.00135226
0
0.00125022
-0.00123523
0
0
-3.03539e-06
0
0.00188784
0.00175905
-0.000806169
0
-0.00072009
0
0
0
0
-0.000457075
3.37798e-06
-0.000348318
0
0
0
-0.000159135
0.000113416
0.000153104
0
3.82366e-05
6.55145e-05
-3.53848e-06
0.000139132
-0.000171896
0.000212926
0
-0.000824338
-0.000317717
0.000614994
0.00103089
0.00067592
0
0
0.00040736
0
0
-0.00155787
0
0
-0.00114569
0
0
0
0
0
0.00117127
-0.00116896
-0.00116318
0
-1.81788e-06
0
0
0
0.00110497
-0.00109347
0.00216418
0
0
0
0
0
0
0
0
0.00101395
0
0
0
-0.000990708
0
0.000973647
-1.86562e-06
-0.000961639
0
1.87211e-06
-1.88353e-06
0
-0.00185602
0.00184113
0.00274248
-0.00181446
0
0.00176813
0.000880658
0
3.53093e-06
0
-0.00172867
0
0.00168542
0
-0.00164099
0
0
0
-0.00320787
0
0
0
0
-0.00150312
-0.00151623
0
0
-0.00143268
0
-0.00140385
0
0.00280143
0
0.00137547
0
-0.00131363
-0.00131703
0
-0.00124895
0.00120429
0
1.28446e-06
0.00121867
0.00121943
-0.00119365
0
0.00116509
-0.0022625
-0.00224944
-0.00222591
-0.00108836
0
0.0021656
0
-0.0020516
7.58e-07
-0.00193408
0
-0.00189429
0
0.0018236
0
-3.28583e-07
0
1.6725e-07
-1.0203e-07
-0.00165338
0
-0.00158395
0
0.00152008
0
-0.00147087
0.0027653
-0.00138013
0
0.00134742
0
-0.00252818
0
-0.00119021
0
0
-0.00103339
-0.00104979
0
0.000996861
0
0
0
-0.00176993
0
0
0.00150237
0.000747534
0
0
-0.00133476
0
0
-0.00116874
-0.00109268
0
-0.00100018
-0.00093884
0.00086514
0
0.000771238
0
0
0
0
0
0.00044019
3.01625e-06
0
0
0
0.00019168
0
-3.20468e-06
0
-4.06708e-06
-3.40656e-05
0.000161696
3.29779e-06
0.000134617
0
-0.000224889
-2.645e-06
0.000277861
0
-0.000320196
0
0
0
0.000404627
0.000458571
0
0.00115128
0
0
0.000647943
0
0
0
0
0
0
0
0.0018911
0
-0.000612212
0.00121624
0.00120863
0
0
0.00116672
-0.00230165
-0.00113784
0
0
-0.0011094
0
0
0.00108247
0
-0.00107389
0
-0.00105778
0
0
-0.00103558
-0.00102796
-0.00102238
0.00101485
0
0.000997918
-0.00197041
0
0
0
-0.000959758
0
0
0
-1.95678e-06
0.000917219
0.0018188
0
0.000899424
0.000882247
0
0.000877589
0
-0.000837594
0
0
0.00167427
0.001657
-0.00163107
0
0
0.00155552
0
0
0.00152717
-0.00146051
0.001433
0.00146227
0
-0.00144147
0.00143924
-0.00286506
0
0
0.00137893
0
-0.00129037
0
-0.00126125
0.00124615
-0.00124868
-0.00128004
-1.04749e-06
0
-0.00122079
0
0
0.00116507
6.37251e-07
-0.00113981
0
0
-0.00107027
0.00317121
0.00100253
0
0
0
0
-0.000996723
-0.00190044
-0.00186325
0.0018273
-0.0018195
-0.00175476
0
0.00332734
0.00161853
-0.00158497
0
0.00154515
1.91303e-07
0.00146579
0
-0.00267373
0
0.0013252
-0.00128163
0
0
0
0.00107255
0.0010873
0
-2.87457e-08
0.00102107
0.000969012
0
0
0.000857348
0
-0.000797955
-0.000771045
0
0
0
0.000666795
0.000635877
0.00121698
0
0
-0.000516421
0
-0.000924094
0.00043824
0
0
0
0
0.000582734
-0.000530617
0.000474891
0.000429501
-0.000365471
0
-0.00026124
0
0.000158853
-0.000114498
0
-3.17648e-05
0
-5.9512e-05
-9.09772e-05
0
-0.000182879
-2.64842e-06
0.000514807
0
-0.000264256
0
-0.000288522
0
-0.000423517
0
-0.000529853
0
-0.000663332
0.000713089
0.000716361
-0.000711446
0
0
0.000684109
0
0
0.000666805
0
-0.00065961
0.000643686
-0.000635515
-0.00128036
-0.000642495
0
0
0
0.00180647
0.00119596
0
0
0.00175517
0
0
-0.00113779
0
0
0
0.00110764
0
0
0.00108254
-0.00107184
0
0
0
0.00104142
0.00205929
0.00102484
0
-0.00100839
0.000998762
0
0
0.000969399
-0.000966353
-0.00192064
0.000946324
0
0.000932419
-0.000923419
-0.00091424
-0.000914002
0
0.000881677
0.00087418
0
0.000871434
-0.00257273
0.00257183
0
0
0
0
0
-0.00237624
0.00151533
-0.00149806
-0.000756384
0
0
-0.00223141
0.00147692
0.00146007
0
-0.00144563
0
0.0027369
0.00137548
0.00267478
0
0
0
-9.62113e-07
0
-0.0012678
-0.00123035
0
-0.00121758
0.00113673
4.67797e-07
0
0.00113268
0.00109732
-0.00109778
1.48136e-07
0
0.00102137
0
0.000953938
0.00196468
0
0.000960763
0
0
0.000907493
-0.000856912
-0.00172563
-0.00166322
0.00163909
0
0
-0.00154845
0
0
0.00138296
0
0
0.00133815
0
0
0
-0.00115557
-0.00113558
0
-0.00216739
-0.00208269
-0.00101571
0
0
-0.00183424
0
0.000853041
-0.000805399
0
0
0.000729436
-0.000692293
-0.000662578
0.000627119
0
0
0.00107834
-0.000512252
0.000481924
-0.000459936
0.000429248
0.000403624
0
0
-0.000618357
0.000853788
-0.000521355
0
0.000620578
0.000174391
0.000299058
0
-0.00029011
0
0
7.44301e-05
0
0
0
9.80407e-05
0.000154174
0.00017088
-0.000233732
0
0.000255263
0
0.00055913
0
0.000440036
0.0002646
0.000318516
0.00034037
-0.000348033
-0.000729166
-0.00108211
0
0
0.000340473
-0.000333411
0
-0.000326505
-0.00065701
0
0
-0.000660354
0
0
-0.000662449
0
0
-0.000628539
-9.45959e-07
0
0
0
-0.000609353
0
0
0
0
0
0
0.00057051
0
0
0
0.00111383
0
0
0
-0.00162737
-0.00106762
-0.000532729
0
0.00104664
-0.0010374
-0.000518036
0
-0.00151987
0
0.000997069
-0.00148263
0
0
0
1.82021e-06
0
0
0
-1.66705e-06
0
-0.000895469
0.000880347
-1.51215e-06
0
0
0
0
0
0.000819438
0
0.000793415
0.00156373
-0.000788359
-0.000767791
0.000768704
0.000760285
-0.00074062
0
0.00221899
0
-0.00142543
-0.00211136
-0.00138552
0
0
0
-0.0019585
0.000645786
0.00129676
0.00063313
0
0.000622624
0
0.00117908
0
-0.000584925
0
-0.00056415
0.00162126
-0.00110038
-0.00106696
0
-0.000999592
2.0725e-07
0.000989419
0.000976524
0
-0.000947039
0.000918348
0.000885501
0
0
0.000849733
0.000810443
0
0.000807551
-0.000777954
-0.000753857
0
0
0
0
0
-0.00065984
-0.000633673
0
0
0
0.000563355
0.00108811
0
0
-0.000501837
0.000963677
0
0
0.000842594
0
0
-0.00112277
0.000361844
0
-0.000324759
-0.000304769
0
-0.000568247
0.000530536
-0.00100861
-0.000477723
-0.000458864
-5.35243e-07
0
0
0
-0.0002978
0
0
-0.000227364
-0.000393889
0
0.000135618
7.79077e-07
0
6.22162e-05
-5.65926e-05
0
0
0
-6.45234e-05
0
0
0
0
0
0
-0.000445226
0
-0.000106093
-0.000132394
-0.000402593
-0.000284749
0.000295561
-0.000154144
0.000156135
-0.000153077
0
-0.00030586
-0.000303926
0
4.05575e-07
-0.000312337
0
0
0
0
0.000327752
0.000333866
0
0
0.000321391
-0.000320463
0
0
0
0
0
0
0
0
0
0
-0.000884755
0
0
0.000290766
0
0
0
0
0.000280736
0.000274927
-0.00054824
0
0
0
0.000534706
0
0.000524465
0
0.000256586
0.000509365
0
-0.000500255
0
0.000978275
-0.000484051
0
0
-0.000940732
0
0.00045997
0.000456328
-0.00135906
-0.000449664
0
-0.000436987
0
0
-0.000423105
0.000415197
-0.000828062
-0.000812329
0.00122199
0.000798074
0
-0.00078682
-0.000382439
0.000381438
-0.000379267
0
0
0.00108754
0
0
0
0.000348337
0.000682709
-0.000670863
0.000330604
0.000981701
0
-0.00063782
0
0
0
-0.000599693
-0.000293261
0.000579881
-0.000559883
0.00112125
0
-0.000547697
0
-0.00102431
-0.00152239
0
0
0.000483815
0.000469765
0
0
0.000442072
-0.00086551
-0.00128016
0
-0.000825298
0.000787234
0.000767524
-0.000378556
0
0
0
0
0.00101599
0.000656332
0
-0.000316041
0
0.000873274
0
-0.000276233
0
0.000515608
0.00024925
0
0
0
-0.000199686
0
0.000189802
-0.00055798
0.000171302
-0.000319878
0.000300525
-0.000287819
0
0
0.000549047
0.000491332
0.000257483
-0.000399754
0
0
0
0
-0.000166732
0
0
0.000309256
0
-0.000136378
0.000112356
0
-5.42216e-05
6.69287e-05
-2.27401e-05
-2.73463e-06
0
2.51427e-06
0
3.64608e-05
0
0
0
0.000109255
0.000163138
0
4.48253e-05
-6.77897e-05
8.8608e-05
0
0
0.000127666
0.000134068
0.000133895
0
0
0
0
0.000283199
0.00030216
0
0
0
0
-0.00032004
-0.00032485
0
0
0.000320826
-0.000322275
0
0
0
0
0
0
0
0
0
0
0.000304071
0
0
-0.000299607
0
0
0
0
0.00028716
-0.00028248
0
0
0
0
0
0
0
0
-0.000265327
0
0
0.000517703
0
0
0.000501017
0
0
0
0
-0.000478301
-0.000474514
0.000468571
0.000465156
0
0.000453451
0
0
0.000439376
-0.00043395
0
0
-0.000421219
0
0
0
-0.000399875
-0.00039564
-0.000392301
0
0
-0.000378024
0
0
0
-0.000357971
0
0
-0.000340532
-0.000339032
0
0
0
0
0
0
0.00030236
0
0
0
0
0.000567126
0
0
0.00052491
0
0
0.00049696
-0.000480825
0
0
-0.000456218
0
0.000443695
0
0
0
0
0.000387843
0
0
0
0
-0.000342492
0
0
0.000329065
0
-0.000291614
0
0.000286696
0
0
-0.000259009
0
0
0
0.000185362
0
0.000188855
0.000184885
-0.00015684
0
0
0.00027283
0
0
0
0
-0.000283308
0
0
0
0
0
0.000161202
0
0
-8.45026e-05
0
0
0
0
0
0
5.1688e-05
9.07256e-06
0
-8.89484e-06
0
-4.8414e-05
0
0
0
-0.000148361
0
2.59852e-05
0
-7.49615e-05
-0.000134583
0.000184334
0
0.000229053
0.000245848
-0.000250514
-0.000254081
0
-0.000275289
0
0
0
0.000310493
-0.000306501
0
0
0
0
0
0
0
0
0
0.000322035
-0.000316633
0
0
0.00031017
0
0
0
0.000309362
0
0
0
-0.00060279
0
0
0
0
0
-0.000565784
-0.000566278
0
0
0
0
0
0
0
0
0
0
0
-0.000515417
0
0.000501831
0
0
0
0
0.000477325
0
0
0
0
0
0
0
0
0.000429
0.000423909
0
0
-0.000409599
0
0
0
0
0
0.000757511
0.000748481
0.000737164
0
0
0
0.000688055
0
-0.00067255
0
0
0.000640129
0
0
0
0
0
0
0
0.00054539
0
0
0
0.000515344
0
-0.000491568
0
0
0
-0.000441264
0.0004308
0
0
0
0
0
0
0
0
0
0
0.000653843
-0.000663866
0
0
0
0.000603378
0
0
0.000485527
0.000474428
0
0
0
-0.000433488
0.000373517
0
-0.000387243
0
0
0
-0.000288879
0
0
0
0
0
0
0
0
0
-9.00775e-05
0
-0.000113183
8.47994e-05
0
6.58564e-05
0
3.83647e-05
0
2.2705e-06
0
0
6.0906e-05
5.73182e-05
0
0.000157364
0
-0.000161451
0
0
0
0
0
0
0
0.000349791
-2.35384e-05
-0.000117353
0.00010304
0.000142837
-0.000545519
0
0.000213082
-0.00067371
0.000235342
-0.000239354
0
0.00024991
0
-0.000501244
0
-0.000284868
0.000282054
0
0
-0.000582376
0
0
0
0.000592085
0
0
-0.00030694
-0.000300808
0
0
-0.000301712
0
0.000597758
0
-0.000300146
0.000602711
0.0011805
0
0.000586547
-0.00117072
0
0
0
0
0.000555564
0.00167096
0.00111147
0
0
0
0
0
0
0
0
0
0
0.000512127
0
0.00049739
0
0
0
0
-0.000474047
0
-0.000929149
0
-0.000908312
0
0
0
0
-0.00127713
-0.00126251
0
-0.000826918
0.000408535
0
0
0.00157314
-0.0015472
0
-0.000753973
-0.000745366
-0.000730514
0
0
0
-0.00205485
0
0.00200683
0
0.00129973
-0.00190555
0
0
0
0
0
0
0
0.000547914
0
0
0.00104864
-0.000510512
0
0.000485517
0
-0.000929334
-0.000929869
-0.000444678
-0.00130025
0.000838397
0.000832673
-0.000809725
0
0.000767498
0.000741645
-0.000730672
0
0
0
-0.000657045
0.000650386
-0.00121087
0
0
-0.00172815
0.00110755
-0.00103683
-0.000488022
0.000476643
0
0.000928006
-0.000848384
-0.000429797
0.000391154
0
-0.000379837
0.000650471
0
0
-0.000298952
0
-0.000519416
0.000454459
0
0
0
0
0
-0.000385066
0.00011654
0
0.000118606
-9.65051e-05
0
-7.2459e-05
0
5.38449e-05
-2.67611e-05
1.28073e-05
2.36499e-05
-1.9347e-05
-3.80956e-05
3.53853e-05
-9.82356e-05
-6.162e-07
0
0.000147284
0
0
0.000328681
-0.000428411
0
-0.000514561
0
0.000299013
0.000130659
-8.13541e-06
0
0
0.000406593
0
-0.000855574
0.000904116
0
0.00046237
0
0
0
0.000485462
0.00101182
0
0
0
0
0.00163424
0
0
0
-0.00167837
0
-0.00111023
0.00117347
0.00173054
0
0
0
0
-0.0017242
0
0
0.000583412
-0.00114589
0
0
0.00227466
-0.00113696
0.00112658
0
0
0
-0.00110559
-0.0010868
0
0
0
0
0
0
0
0.0010129
0
0
0
0.00197124
-0.000985621
0
0
0
0.0018847
-0.00188022
0
0.000926815
0
0.000909074
0
0
0
-0.00171573
0.00251803
0.00250384
-0.00167331
-0.000819301
0
0
0
-0.00312654
9.72503e-07
0.00151941
0
0.00148011
0
0
0
-0.00137206
2.8997e-07
0
-0.00132707
0
-0.00129463
-1.39404e-07
0.00125208
0
0
0
0
0
-0.00223751
0.00109628
0.00214821
0
-0.00310153
0
0
0
0
0.00278214
-0.000917977
-0.000888772
0.000869308
-0.000839817
-0.00082737
-0.000808351
0
0.000770764
-0.000741063
0.00072461
0
0
-0.00134501
-0.00131485
0
0.00122199
0
0.00115447
0.0011181
-0.00108401
0.00105022
0
-0.00095834
0
-0.000907026
0.000867654
-2.78561e-06
2.74237e-06
-0.000757118
0.000732288
2.67963e-06
0
0
-2.53554e-06
0
0.000533483
0.000510481
0
0.000916956
0
0.000800316
0
0.000361738
0
0
0
0.000448473
0
0
0.000289387
0.000133731
0.000232098
0
5.49509e-05
-1.7238e-05
0
-8.51167e-05
5.83121e-05
7.06465e-05
0
0
0
0
-0.000297759
0.000368603
0
0.000433512
0
1.45484e-06
-0.000611644
0.00033139
0
0
0.000827774
-0.000833026
0.00133971
-0.00142278
0.000936909
0.000939467
0
0
0
0.000983808
-0.000978454
-0.00100533
0
0
0.00104692
-0.00102923
0
0
0
0.00106606
0
0.00106091
-0.00113093
-0.00111101
0
0
0
0
0.00110478
0
0
-0.00112954
0.00110545
-0.00110779
0
0.00110228
0.00110601
-0.00110554
0
-0.00214213
0
0.00216973
0
0
-0.00213698
0
0
0.00207832
0.00205542
0.00206318
-0.00298586
0
0.0020028
-0.00198923
-0.00193815
0
0.00195779
0
0.00191433
-0.0018626
0.00186557
0
0
0
0
0
0
0
1.58182e-06
-1.47632e-06
-0.00165562
0.00165298
0.00161237
-0.00159873
0
0
0.00155132
0.00153107
-0.00151336
-0.00297582
-0.00146992
0
0
0
0.00136842
0.00135063
-0.00266751
-0.00262429
0
0.00257055
-0.00124758
0.00123161
0
0
0
0
0
0.00223172
-0.00217411
2.13334e-06
0
-2.36362e-06
0.00200269
0
0
-0.00188515
-0.00184096
0.00180149
0.00174925
0
0
0
0.00159438
0
-0.00151902
0
0
0
0
0.00132301
0.00129515
0.00126302
0
0.00235328
-0.00113682
0.00220509
-0.00213506
0
0
0.00191077
0
0.00178387
-0.00172114
0.000823651
-0.00237361
-0.000758923
0.00145012
0.000686916
0
0.00124201
-0.000600566
-0.00112491
-0.00106603
-0.00100228
0
-0.000884085
0
-0.000773528
0
0
-0.000593016
0
0
4.96918e-06
0
0
-0.000287323
4.47856e-06
-0.000193291
0
4.10921e-06
0
7.54641e-06
4.14909e-05
0
-0.00025915
0
-0.000199603
0
0
-0.000613344
0
-0.000765794
0.000797485
0.000834556
-0.00127634
0.0017202
0
-0.000899258
0
2.34727e-06
-3.63362e-06
-0.00089534
0.000917247
-0.00184562
-0.00191749
-0.000962999
0
0
7.6186e-06
0.00097607
0.000977919
0
0
-0.00101415
0
0.00101035
0
0
0
0
0.00208069
0
0
0
0.00217489
0
0
-0.0021614
0.00222433
0
0
-0.00107407
0.00108366
-0.00215125
-0.00213352
0
0
0
0.00209677
0.00211141
-0.00212504
-0.00209745
0.00208751
0.00209312
0
0
-0.00410883
-0.00202156
-0.00202814
0.00392354
0
-0.0019733
2.01421e-06
0
0
-0.00193146
-0.00188018
-0.00188295
0
0
-0.00182287
-0.00180535
0
0.00178116
0
0
0
0.0016563
-0.00164787
-0.00327799
0
0
0.00471389
0
0
0
0
0
0.00294292
0
0
0
0
0
0.00267713
0.00262749
0.00257919
0.00252605
-0.00252565
0.00493834
1.18268e-06
0
0
0
0
0.00222178
0
0
-0.00209249
0
0.0040116
2.84322e-06
0
0
-3.16535e-06
0.00181983
0.00177403
-0.00172421
0
0.00331531
-0.00322989
0
0
0
0
0.00284131
0
0
0
0
-0.00123364
0
-0.00231243
0
-0.00433516
0.00418739
0
0
-0.00186265
-0.00179793
-0.00173397
0.00335663
0
0.00309701
0.0014695
-0.0014069
-0.00266429
0
-0.00120347
0.00115443
0.00109524
0.00103324
0
0
0
-0.000804734
0.000750632
-0.000693442
0.000645705
-6.59345e-06
0
0
-0.000430432
-0.000383485
0.000674559
0
0.000253823
0.000390871
0
-0.000102506
0.000117675
-2.74221e-06
-7.47416e-05
0
0.000133306
0.000352108
0.000207463
-0.000489851
0.000541173
0.000630661
0
0.000765238
-0.000789565
-0.000824882
-2.49637e-06
-0.000952475
-0.000943432
0.00184965
0
-0.000914824
-3.17398e-06
0
0
0.00187719
0.00095441
0.000930033
0.000951427
0
-0.00193972
0.000983166
0.00195148
-0.00192028
0
0
0.00197669
-0.000973024
0
0
0
0.00207381
-0.00205237
-0.0021118
0
0
-0.00213434
0
0
0.00211236
-0.00216278
0
0
0
-0.00211942
-4.06331e-07
0.00206728
0
0
0
0.00206915
-0.00207943
0
0.00413457
-0.00204775
0
0.00204009
0
0.00202968
0
0
-0.00195017
0
-0.00194637
0.00192249
0
0.00378643
-0.00379121
-0.00185227
0
0
0
0.00180219
0.00176492
0
-0.00175965
0
0
0
0
-0.00326455
0.00325895
0
-0.00308333
-0.00309414
0
0
0
0
0
0
0
0
0
0
0
-0.00265344
0
0.00254531
-0.00251045
0
-0.00486491
-0.00237511
0.00233906
0.00227656
0.00225469
0
-0.00435819
0
0
0
0
0.00197488
-0.0019367
0
0
0.00182481
-0.00178466
0.00175208
0.00168936
0.00332204
-0.00326505
0.00316913
0
0
0
0
9.39188e-06
0.00271311
0
-0.00257386
0
0.00242725
-0.00234861
0.00227708
0
0.00211951
-0.00204403
0
0.00189266
0
0.0017402
0
-0.0032544
0
-0.00149951
0.00142776
0
-9.37591e-06
0
0.00117182
0
-0.00106943
-0.00101368
0
0
0
0.000774516
-0.000716281
0.00199809
0.000616142
0.00163368
0
-0.000911019
0.000834282
-0.000376558
-0.0012731
0.000541322
-0.000441456
-0.000336868
0
0
-8.214e-05
1.2482e-05
1.17207e-05
0
0
-0.000361201
0.000422244
0.000500075
-6.90896e-06
0
0
0
0
0
0.000812174
0
0.000957184
-0.000912982
0
0
0.000932193
0.00187684
0
-0.00285057
0.00193143
0.00185225
0.000944316
0
-0.00096619
-0.00190548
1.4852e-05
0.00376864
0
-0.00190645
-0.00191399
0
0
0
0
-0.00200237
0
0.00200508
-0.00199702
-0.00204556
0
-0.00203308
0
0
-0.00210442
-0.00208261
0
0
0.00207159
0.00204899
-0.00201991
-0.00207895
0
0
7.10255e-08
0
0
-4.4277e-07
0
0
-0.0019808
0
0
0.00390843
0.00393088
-0.0039032
0
0.0019112
0.00375908
0
-0.00371653
0.00366327
0.00363416
0
0
0
0.00354463
0.00350169
0
0
0
-0.0033192
0.00328321
0
0.00319844
-0.0032035
0
0.00611409
-0.00305046
0
0
0
0
0
0
-0.00278835
-0.00272924
0
-0.00271137
-0.00266602
0.00263942
0
-0.00499147
0.00247131
0
0.00239463
0
0.00232819
-0.00225458
-0.00223571
-0.00437868
0.00216167
-0.00421991
0.00415549
0.00403788
0
-0.00387548
0
0
0
0
0
8.38474e-06
-0.00332982
-0.0032578
0
0
0
0
-0.00290255
0
-0.00271693
-0.0026498
0
-1.13102e-05
0
-0.00236221
0.00228191
-0.00221443
0
0
0
0
-0.00367399
0.00176388
0
0
0.00157122
-0.00152931
0
-0.00136661
0.00263009
-0.00126487
0
-0.00111898
0.00216832
0.00307525
-0.000989611
0
0
0.00162732
-0.00150451
-0.00139745
-0.00126005
1.81547e-05
-0.00104247
0
0.000862945
-0.000777049
0.000686227
0.000590711
-0.00047679
0
0
0
0
6.44694e-05
-5.76696e-05
1.36472e-05
0
0
0
-0.000448061
0.000505839
-0.00115034
0
0
0.000734102
-0.00078943
0
0
0
0
-0.0018325
-0.00191377
0
0
-0.00184827
0.00183419
0.00187945
-0.0038403
-0.00183221
-0.00183336
0
-1.57796e-05
-0.00188741
1.51205e-05
-0.0037303
0
0.00186584
0
0.00188965
0
-0.00195385
0
0.00192436
0
0.00193342
0.00197159
0.00201492
0.00204487
-4.89651e-06
0
-0.00198862
0.00200619
-3.27988e-06
0
0
0
-0.00200502
0
0.00203494
0.00196626
-0.00391044
-0.00196321
0
0
-0.00194911
-0.00382247
-0.00385524
0
0
0
-0.00381661
-0.00379921
0.0038374
0
0
-0.00362194
-0.00370613
0
0
0
0
0
0
-0.00348504
-0.00345617
0
0
0
0.00324546
-0.00321708
0
0
0.00309534
-0.00310013
-0.00302094
0.00297774
-0.00295904
0
0.00291311
0
0.00282491
0.00279222
0.00549762
0.00541229
0.00269442
0.00264744
0.00260651
-0.00777193
0
0.00243216
-0.00241281
0.00475206
-0.00469642
0
-0.00459065
0
0
0.00864329
0
-7.29904e-06
-0.00806696
-0.00396267
0
0
-0.00373822
0.00366421
0
0
0.00346218
-0.0033621
-9.59549e-06
0
0.00313298
0
0.00295407
0
-1.12408e-05
0
0
0
0
-1.24529e-05
-0.00239158
0
0
0
0
0
0
0
0.00177756
0.00173043
0
0
0.00306543
0.00441983
-0.00282042
0
-0.00252682
0.00240834
0
0
-0.00413809
-0.00195853
0.00187091
0.00178231
0
-0.00153242
0.00142632
0.00268946
0.00123376
-0.00109244
0
0
0
0
0
0
0.000451017
-0.000384309
0
0
-0.000107877
-1.02071e-05
0
0.000156384
-0.000222877
0
0
0.000458919
-0.00106324
0.00119385
0
-0.000705242
-0.00147814
0.000803914
-0.00166261
0
0.00194597
-0.00190676
0.00184254
0.00187791
0
0
-0.00183614
-0.00182082
0.00189798
0.00191164
0
0
0
0.0018801
0.00187678
-0.00372631
-1.44675e-05
0
0
0
-0.00182994
0
-1.0823e-05
0
9.01075e-06
-0.00191956
7.87436e-06
-0.00194157
0
6.28681e-06
0.00190733
0
0.00191547
0
-3.97411e-06
0
0
0
0.00191915
0
0.00391568
-0.00187669
0.00375574
0
0
0
0
-1.75917e-06
-1.4892e-06
0.00375033
0
0
0
0
0.00370462
0
0
0
0.00359432
0
0
0
0
0
0
0
-0.00331543
0
0
0
0
0
0.00311611
0
0
-1.71752e-06
0
0
-2.04864e-06
-0.00288646
-0.00284105
0
-0.00278605
-0.002742
-0.00269161
-0.00267211
-0.00264133
0.00521228
0
0.0100231
0
0.00474053
0
-0.00928544
0.00460668
0
0.00448362
0
0
-0.00420995
0
0.00408157
0.0079561
0
0
-0.00372953
0.00728577
-0.00712969
-0.00351804
-0.00343788
-0.00337144
0
0.00320753
0
-0.00305838
0
-0.00576633
-0.00284174
0.00273849
0.00266707
0
0
0.00248407
0.0023704
0.00231408
0.00225166
0
0.00420625
0
0
0
-0.00361389
0
-0.00331641
0
0
2.64536e-05
-0.00281702
0.00540847
-0.00257924
0
0
0
0.00211798
0.00400828
0.0019174
0
2.42235e-05
0
0
0.001404
-0.00128766
-0.00116798
0
0
0
0
-0.000707809
-0.000615445
0.000536352
-0.000391831
0.000658254
0
0
-1.86525e-05
0
8.79292e-05
0.000163087
0.000254345
0
0
-0.000479529
0.000555166
0.000599884
0
0.000732772
0.000766394
0
-1.65148e-06
0
-0.00183537
0.00177944
0.00181693
-0.00179888
0
0
0.00181235
0
-0.00184269
0
0
-0.0018257
0
0
-0.0018381
0.00179247
0.00179592
0
0
0
0.00181594
0
-1.1329e-05
0
-0.00179963
0.00183742
8.34854e-06
-7.58413e-06
0
-0.00187388
-0.00184499
0
-0.0036819
0
0.00184406
0.00367804
0
0.00362107
0
0
-0.00364715
0
0
0.00372546
0
-0.00370902
0
0.00733571
0.00355738
-0.00713478
0
0.00356502
0
0
-0.00719123
0
0
0
0
-0.00342884
0
0
0
0
0
0
0.00319019
0
0
-0.00315682
0
0
-0.0030309
0
0.00300013
-2.91595e-06
0.00583857
0
0.00285155
0.002755
-0.00551016
-0.00552748
0
0.0053403
0
0
-0.00514492
-0.0101373
0
-0.00485708
0
7.42102e-06
0
0.00453536
0.00450739
-0.00441286
8.44475e-06
0
0
0.00407388
0.00402948
0
-0.00784945
0
0
0.00363521
-0.00354951
0.00695021
0.00341622
0.00331818
0
0
0.0031268
-0.00306825
0.00298993
0
0.0028014
0.00276503
0
1.34678e-05
0.0025288
0
-0.00239412
0
0
-0.00654473
0
-0.00405509
0.0039386
0
0
0.00347431
0
0
0
0
-0.00566287
-0.0027446
-0.0025966
0.00493753
0
0
0
-0.00201084
-0.00192267
-0.00368111
-0.00175397
-0.00161266
0.00156028
0
-0.00132683
-0.0012473
-0.00113474
0.00101674
0.000926471
0
0
-2.26696e-05
0.000546968
-0.000461131
0
-0.000278662
0
0
2.44157e-05
0
-0.000133169
-0.000214889
0
0
0
0.000978933
0.00112979
-0.00130178
0
0
0
-0.00164534
0.00170847
0
0
0
4.59739e-06
-5.22048e-06
0
0.00176184
0
0
0
0
0
0.00354713
0
0
0.00344287
0
-0.00176147
0
0
0.00174647
-0.0017387
0
-1.19037e-05
0
-0.00176909
0
-0.00174922
0.00169744
0
0
0.00173901
0
0.0035145
0.00361694
0
-0.00351243
0
-0.00343771
-0.00349114
-0.00348239
0
0
0
-0.00356394
0.00356003
0.00725056
0
4.57316e-06
0.00332561
-4.03598e-06
0
-0.00331627
0
0
0.00343436
-0.0033801
0
0
0
0.00329443
0
0
0
0
0
0
0
0.00307523
0.00305982
0.00300143
0
0
0.0059248
0
-0.00291843
0.00293395
-0.00551759
0
0
0
0.00526637
0.010591
0
8.53995e-06
0.00511347
0
0.00498294
0.00485343
0
0.00473793
-0.00467448
-0.00451034
0
0
-0.00434941
-9.58555e-06
-0.00417332
0
-0.00396146
-0.00389754
-0.00386
-0.00386665
0.00383428
0.00357888
0.00356984
0
0.00349212
-0.00338058
0
0
0
0
-0.00303589
0.00302234
-0.00288067
0
0.00541931
0
-0.00509878
-0.00748988
-0.00242828
0
0
0
0.00445042
0.00425242
0
0
-0.00373874
0
0
0
0
0.00313663
0.00297444
0
0.00271035
0.00263888
-0.00255943
-0.00238368
0
0
0
0
0
-2.86393e-05
0.00167234
0
-0.0014868
0
0.00129818
0.00116734
0.00105267
-0.000939305
-0.00175456
0
0
-2.43578e-05
-0.000531834
0
-0.000335547
0
0
0
0
0
0.000283537
0
-0.000570113
0
0
-0.0010838
-0.00238715
-0.00131618
0
0
0
0.00340067
0
0.00182525
0
0
-0.0019392
-4.37388e-06
0
-0.00191914
0
0
-0.00187313
0
-0.00188478
1.23027e-05
0
0
-0.00353853
0
-1.35131e-05
0
0
-0.00183302
0
0
-0.00182779
0
0.00171338
-0.003575
0
-0.00370404
0.00371728
0
0
0
0
-0.00367167
0
0
0
0
-9.36542e-06
0.00752977
0
-0.00364082
0
0
-0.00359239
-0.00360558
0.00346813
-0.00343262
-0.00337098
-5.37331e-06
0
-0.00336851
0
0
0.00352808
0.00346947
-0.00339942
-0.0033922
0.00335957
0
0
0
0
0
0
0.00316195
0
-0.00928059
-0.00312626
-0.00598933
0
0
-0.00632316
0
0
0
0.00560728
0
0
0
0.00542704
1.00726e-05
0
-0.00526597
1.0894e-05
0.00530461
0
0
0
-0.00989442
0.00494186
-0.00459983
0
0.00477091
0
0.00448404
0
0
0.00393146
0.00407735
0
0.00404115
0
1.17519e-05
-0.00367219
0
1.21503e-05
0
0.00342442
0
0
0.00657201
0
0
0.00586363
-0.00581426
-0.00557608
0
-2.99155e-05
0.0103676
0.00503466
0
0
0
-0.00931508
0
0
0
0
0.00374881
0.00366191
0
-0.00339379
-0.00324629
-0.00306676
0
0
0.00273542
0.00531765
0
0
0
0
0.00208927
0.00195957
0.00372731
-0.00178643
0.00167272
0
-0.00142472
-0.00127755
0
0
0
0.00090787
0
0
0.00187169
0.00160237
0
0.00103433
0.000530799
0
0
-2.90281e-05
0
-4.48043e-05
0
0.00064791
0
0
0.00107257
0.00246393
0.00139235
0
0.00161748
0.00175835
-3.66796e-06
0
1.1476e-05
0
-0.00138864
0
0.00160013
0
0
0
0
0.0015597
0
0.00164332
1.20331e-05
0
-0.00147876
0.00141169
0
-1.34104e-05
0
0.00310284
0
0
0
-2.41644e-05
0
0
0.00279777
0
0.00325819
-0.00314665
0
0
0
0
0
0
0
0
-0.00315293
0.00316507
-0.00324823
0
0.00296235
0
0
0
-0.00279332
7.06135e-06
-0.00262643
0
-6.81102e-06
0
-5.89969e-06
0
-0.00293295
-0.00299473
0
0.00283122
-5.86052e-06
-0.00301375
0
0
-0.00278482
0
0
0.00553957
-0.00257701
0.00526121
0.00540817
0
0.00479744
0
0
0
-0.0055244
0
-0.00523518
-0.00474167
0.00497971
0.00485585
0
-0.00472512
-0.00467534
-0.00462373
-0.0045801
1.27172e-05
-0.00456441
0.00458132
0
0.0042496
0.00432729
0
-1.20331e-05
0.00375553
-0.004186
0
-0.00393427
0.00396691
-0.00361583
0
1.30867e-05
-0.00366244
0
0
1.29194e-05
0.00323176
0
-0.00647412
0
-0.00309518
0
0
-0.0119075
0
0.00550521
2.90467e-05
0.0104821
0
0
0.0048587
3.21853e-05
-0.00888127
0
0
0.00445297
-3.48356e-05
0.00378933
0
0
0.00343055
-0.00663664
-0.00658141
0
0.00305307
0.00301474
0
0
-0.00237844
3.3566e-05
-0.00234192
0
0
-0.00191841
0
3.27174e-05
-0.00315427
-0.00330298
-3.1861e-05
-0.00138674
0.00131418
0.00116168
0
0
-0.00094935
0
0
0
0
-0.000940808
5.28712e-05
0
-0.000437522
-0.000269465
0.000156184
0
-0.000210388
0
-0.000929436
0
0
0
0
-3.68802e-05
-0.00140828
0
0.00165661
-0.00180505
-0.00197898
-1.89058e-06
-0.00202623
1.54145e-05
0
-2.12158e-06
-0.00130561
0
0
0
0
0
0
0
-0.00137822
-0.00273745
0
0.00135861
0
0
-0.00138128
0
-0.00271677
0
0.00260063
0
0.00265506
-0.00254244
-0.00251935
-0.0025671
0
-0.0026945
0
0
-0.00263598
0
0
0
0
0
0
0.00545296
0
0
0
0
0
0.00255779
0.00246874
0.00503138
-0.00241263
0.00239905
-0.00253897
0.00251085
0
0.00251106
0
0.00252901
0
0
0
0.00274827
0.00285561
-0.00266283
0
-0.00255806
0
0
1.57703e-05
0
-0.00974162
0
-0.00490473
0
0
0
0
0.00483016
0
0.00451681
-0.00414173
1.34093e-05
1.42109e-05
0
0
0
-1.45596e-05
0.00824474
1.48115e-05
0
-0.00802938
0
-0.00368294
-0.00372843
0
0.00673495
1.43415e-05
0.0035832
0
0.00689991
-0.00358641
0.00317695
0
-0.00319155
0.00313312
0
0
-0.00557707
1.4497e-05
0
0.00284973
0
-0.00551395
0
0
0.00555348
0
-0.00495099
-0.00468436
3.27486e-05
0
0
-0.004279
-0.00401143
0.00385126
0
-0.00378427
-0.00379345
0.00343056
-0.00621064
0
0
-0.00302048
0.00573468
0.00282915
0
0
-0.00261641
0
0
0.0041872
-0.00401968
0
0
0
0.00161423
0
-0.00316641
0.00255965
0.00135685
0.00259221
0.00117198
-0.0010377
0.000973663
0
0
0.000739617
0.00124714
0
0
0
0.000633378
-0.000382107
0.000295888
0
0
0.000169436
0
0.000418323
0
0.00138049
0.000873268
0
0
0
-0.0014524
0
0.00169537
-0.00204937
0
-0.00226379
-0.00452799
0.00225381
-0.00231704
0
0.00109531
-5.5658e-07
0
0
0
-0.00115514
0
-0.00116907
0
0.00239957
0.0011855
0
0
0
0
0.00233848
0
0
0
2.75869e-05
0
0.00239995
0.00230805
-2.60117e-05
0.00230157
0.00234951
0.00464927
0
0
0.0023346
0
0
0
-0.00224201
0
0
-0.00227775
0
0.00233202
0
0
0
-0.00452984
1.2716e-05
-0.00457014
0
0
0.00230023
0
0
0.00218453
0
0
0
0
0
0
-0.00228348
0.00451566
-0.00454626
0.00447886
0
0.00432179
-0.00863043
0.00426288
0.00421485
0
0.00864026
0
0
0
-0.00404418
0
0.00399344
0
0.00381302
-0.00385956
-0.00393974
0
0.00396332
0
0.00377333
-0.00749697
-0.00377751
0
-1.63066e-05
0
0.0033771
0.00330428
0
-0.00314793
-0.00338559
-0.00640279
0
1.63003e-05
0
0
0
-0.00281527
0
0
0
-1.56984e-05
-0.0049601
0
-0.00517816
-0.00508671
0.00478136
0
0
0
0.00463159
0
0
3.52582e-05
0.00400381
0.00394462
-3.46732e-05
0.00350797
0
0
-3.77275e-05
0
0
0.00277911
0
0
0.0027589
-0.00246617
0
0
0
0.00211669
0.0021464
0
-0.00180976
0.00170964
-0.0017465
0.0016097
0
0.00140056
0
0.00121545
-0.00107345
0.00108287
-0.00102384
-0.000914824
0
-0.000726715
0
0
0
6.18999e-05
0.000762537
0
0
-0.000260634
0
2.25562e-05
7.68535e-05
-0.000219569
0
0.000465607
-0.000750951
-0.000806424
-4.6898e-05
-0.00127588
0
0
-0.00142621
0
0
-0.00203062
0
-0.00280588
0.00266152
0.00268325
0.00262771
0
0
-0.000898081
1.72959e-06
0
0
0
-3.0057e-06
0
0.000970948
0
7.47726e-06
0
0
0.000980887
0.000973944
0
-0.000984954
0
0
0
-0.00196471
0
2.48933e-05
0
0.00191096
0
-0.00195682
2.4224e-05
0
0.0020162
0.00198919
0
0
0
-2.08382e-05
0
0
0
-0.00197931
-0.00196919
0
0.00197455
-0.00197331
0.00197141
-0.00198293
0.00201896
0
0
0
0
0
-0.0038648
0
-0.00192113
0
0
0.00193021
0
0
-0.00191651
0.00381937
0
0.00376827
-0.00373087
0.00738571
-0.00360782
-0.00357465
0
-0.00360189
0
-0.00343942
0
0.00346272
0
-0.00341281
0
0.00355094
0.00346641
0
0
1.80201e-05
0.00327772
0
0.0065694
-0.00316816
-0.0030261
0.00618038
0
-0.00599153
0
0
0
0
0.00280303
0
-0.00268293
-0.00268262
0.00271063
0.00257482
0.00259556
0.00256073
-0.00249265
0
0.0023394
0.00230507
0.00232646
0.00687922
0.00464843
-0.00440129
-0.00420772
0
0
3.52114e-05
-0.00385841
-0.00380375
3.68722e-05
-0.00360437
-0.00326087
0.0032239
-0.00337145
0
0.00310969
0.00585255
0
-0.00280476
0
0
-0.00218228
-0.00237713
0.00224063
0.00211419
0
0
-0.00179355
-0.00193121
0
0
0.00165977
0.00157171
-0.00145827
0
-0.00125996
0
0
-0.00108715
3.40464e-05
0
0
0
0.000733187
0
0.00058636
0
6.0595e-05
-0.000689024
0
0.00052895
0
0.000275625
0
-4.76496e-05
4.85993e-05
0
-0.000365375
0
4.37631e-05
-0.000925623
0
0
0.00108149
0.00305068
-0.00180294
0
-0.00220676
0
0.00353555
0.00294224
-0.00307483
-0.00291829
0
0
0.00128293
0.000716469
0
0
0
0.00161757
-0.000812486
0
0
-0.000818885
0.000823792
0
-0.000817145
-0.00164606
0
0.000822054
0
0
0
0
0.000828718
-0.00331396
0
-0.00165089
0
0
-0.00332109
-0.00169343
-0.00168179
-0.00167522
-0.00170897
0.00170283
0
0.00327313
0
0
0
0.00161556
0.00164759
0
-0.00164884
0.00164959
-0.00167108
0
-0.00165436
0
0
0.0016633
0
0
-1.40155e-05
0
0.00161766
0
0
-0.00323104
0
0
-0.00160464
0
0
-0.00483723
0.00159884
-0.00307742
-0.00153885
0.00306495
0.00309456
0
-0.00306173
-2.09056e-05
0
0
0
0
-0.00295374
-0.00594145
-0.00282917
0.00282726
0
1.91635e-05
1.92193e-05
0.00290677
-0.0027726
0.00269627
0.00265306
-0.0053054
0
0.00251778
0
0.0024191
0
0
-0.00246884
0
0
-1.80959e-05
-0.00443314
-0.00223359
0.00226361
1.78869e-05
0.00206104
0.00208611
0
-0.00204342
1.78345e-05
-0.00388805
0
0.00371258
0.00357302
0
0
-0.00319313
-3.64407e-05
0.0031857
-0.00642148
-0.00295521
0
-0.00284771
0
0
-0.00264382
-0.0023383
0
0.00234207
-0.00223742
0
-3.68253e-05
0
3.69158e-05
3.64027e-05
0
0
0
0
0
0
-0.00134379
0.00138584
0.00128551
0
0
0
-0.000871005
-3.3396e-05
3.30868e-05
0
0.00078799
0
-0.00130611
0
-0.000510334
0
-0.00116655
0
0
-0.000328294
0
4.71978e-05
-0.000242784
5.09932e-05
4.55446e-05
-0.000270403
0
-0.000901602
0.000711483
0
0.00101275
0
-3.22678e-05
-0.00180261
0.00205613
0
0.00491199
0.00230751
0.00352659
-0.00284363
0.00332425
0
0
0
-0.000555082
0
0
0.00065004
-0.000657898
-0.00132909
0.000665134
0.000670138
0
0
-0.00134385
0
0.000680396
-6.44866e-06
0
0
0
0
0
-0.000694758
-0.000686674
0.00137234
-0.000690624
0.00135894
0
0.000692839
0.001373
0.00137708
-0.000698161
0
0.00136627
-0.0013744
0
-0.00276973
-0.00138733
0
-0.00139144
-0.00139848
1.6621e-05
0.00139035
0
-0.00138941
0.00277451
0
0.00276729
0
0
-0.00136843
0
0
0.00135787
0.00136387
-0.0013555
0.00135435
0
0.00134607
0
-0.00134888
0.00133333
0
0
0.00131654
-0.00131042
0
0.00129647
0
-0.00258817
0
0.00382809
0.00255203
0
0
0
0
0.00367958
0.00245459
0
-0.00479693
0
-0.00231539
-0.00231023
-0.0023247
0
0.00228217
0
0.00222045
0
0
0
-0.00210111
0.00209657
0.00210033
0.00203954
0
0
0.00186985
0.00373257
0
-0.00370457
-0.00177328
0
-0.00172787
0
0.0017071
-0.00166005
0.00321294
0
0
0.00151313
0.00142065
0
0.00139373
0.00268122
0
0.00258203
0.00124371
0
0.00350945
0
0
0
0
0.00213064
0
0.00189323
0.00174666
0.00159658
0
3.30039e-05
-0.00139152
0
0
0.00108754
0
0
0
0.00101898
-0.00105976
-0.000846047
-0.000855348
0
0
0.000477646
0.000626855
-0.00118122
0
-0.000475162
0
0.000430396
-0.000350489
0
0
5.12336e-05
-0.000202892
0
0
0
0.000275906
-0.000460768
-0.000661343
0.000311081
0.000777886
0
0.0012239
0
0.000794101
-0.000407855
0.00222854
-0.00177074
0
0
0
-0.00313597
-0.00234672
-0.00304052
0
0.00421043
0
0
0
0
-0.000259777
0
-0.00107139
-2.74407e-06
0.0010875
0.000550617
3.49117e-06
0
0
0.00112304
0
-0.000556641
0.00112452
0
0
0
0
0
0.00114801
0.0005752
0
0.000566859
0
0.000577627
-0.000571356
0
-0.000579173
-7.58796e-06
0
0
0
-0.00057862
0.00114223
0.00114231
0
0.00114405
0.0011453
-0.00114405
-0.00114386
0
0.00114188
-0.00114294
0
-0.00171562
-0.000575618
0
-0.00114773
0
0
0.0011417
-0.00226516
-1.10315e-05
-0.00112177
-0.00113092
0
0
-1.01337e-05
-0.00111961
0.00111716
0
0
0
0
0.00109372
0
0
-0.00107418
-0.00106069
0
0
0
0
0
-0.00204598
0
-0.00100568
0.00198027
0.000997563
0
-0.000979878
-0.00097302
0
-0.00189533
-0.000953197
-0.000929937
0
0
0
0
-0.000855727
-0.0017091
0
0
0
0
-0.00157614
0
-1.41558e-05
0
0.00144791
-0.00142993
0
0.00137227
0
1.41681e-05
-0.00127567
0
-0.00120281
1.42688e-05
0
-0.00219526
0.00113557
0.00108541
0
0.00222131
0
-0.00194072
0
0
-0.000716481
-0.000758607
-0.000741066
-0.000769764
0
-0.0014084
0
0.000637141
-0.000962587
0
0
0
-0.000326307
0
0
0
-0.000606548
-0.000714154
0.000368006
0.000274147
0
0
0
-0.000364051
0.000263019
0
0
0
0
-0.000389567
-0.000157371
0
-0.000478269
-0.000264786
0
0.000652273
-0.001041
0.000780982
0.0015407
0.000494633
1.81868e-05
-0.000879765
-0.00128783
0.000984424
0
-0.00121134
0
-0.00504098
0
0
0
-0.000720193
0
0
0
0
-0.00462432
0.00210507
0
0
0
0.000742383
0.000375957
0.00074275
0.000361893
-0.000717615
-0.000729793
-0.00112741
0
0.000388531
-0.00078033
0
0
-0.00117136
0
0
0
0
0
4.53172e-06
-0.000798898
0
0
0
-0.000795159
0.000795477
-0.000794629
0.000792688
0.000795317
0
0
0
0.00078537
0
0
0
0
0
0
-0.000799375
0
-0.000793925
0
-0.000793434
0.00156672
0.000781486
-0.000785691
0.000779749
0
0
-0.000779683
0.00234196
0.000769479
0.000779456
0.0023486
0
0
0.00156729
0.00156642
-0.00157217
0
-0.00154643
-0.00154492
-0.00154521
-0.00306724
0
0
-6.65006e-06
0
-0.00148679
0
0
0
0
0.00142762
0
0.00136522
0
-0.00142006
0
0.00276411
0.00138967
0
0.0013681
0.0013772
0.00131122
0
0
0.00128918
0.00126897
-0.00123555
0
0
0
0
0
0
-0.0010854
0.00224011
0
-0.00105715
0.00309413
0
-0.00190222
0
-0.00405683
0.00185843
-0.00175872
0
-0.00337109
0
0.00159839
1.12295e-05
-0.00155228
0
-0.00320507
0
0.00153726
0
0
0.000891613
0.000896969
-0.000866757
-9.17053e-06
0
0
0.000864786
-0.000755295
0
0.000732127
0
0
0
0
0.000950664
0
0.000664992
0.000523612
-0.000699456
0
0.000547634
0
0
0.000572113
-4.44439e-05
0
0
-0.000156659
0
0.000563962
0.0010752
-0.000356863
1.59339e-05
0.00036845
0
-0.000958612
0.00177977
-1.29578e-05
-0.00119292
-0.000256475
0.000507187
1.35571e-05
1.16958e-05
-1.12666e-05
0
0
0
0.00204274
-0.00129655
-0.00107936
0
0.00142718
0
0
0
-0.0023456
0
-0.00463963
0
0
-0.000436772
-0.000443406
-0.000460355
0
0.000453635
0
0
0.000459628
0
-0.000469484
0
0
-0.000474191
-1.39151e-06
-0.000470784
0
0
-0.000466529
0.000466731
-0.000931626
0
0
-0.000467713
0
0
-0.000927776
0.000924346
0
-0.000468178
0
0.000936835
-0.000937629
0
0
0
0
0
0
0
-4.07779e-06
0
0.000923797
0
0.00184313
-0.0018537
0
0.000933135
0.000941421
0
0
3.4426e-06
-0.00183706
-3.30894e-06
-0.000924232
-0.000925849
0.000916751
0
0
0
0.000952087
0.000937467
0.00184877
0.0018348
0.00182469
0.00273141
0
0
0.00177724
0
0.00089499
-0.000886735
-0.000882637
0
0
-0.001721
0
0.00168325
0
0.00176342
0
4.09678e-06
-0.0016714
0.00156591
4.10214e-06
0
0.00160261
0
0
3.95464e-06
-0.00152331
-0.00149514
0
0.00154024
-0.00159523
0.0015358
0
0.00153068
0.00140132
-0.00138363
0
-0.00253721
-0.00251314
0
0
0
0.00331282
0
0.00322121
0
0.00215311
0
0.00101661
-0.00310683
0
-0.000769537
0.0025097
0
0
0
0
0
-0.00139703
0
0.00289125
0.00125738
0
-0.00134176
0
0
-0.0012058
0
0
0
0
-0.000667847
-0.00103531
9.23544e-06
-8.13426e-06
0
0
9.1578e-06
0
0
0
0
0
-1.81171e-06
0.000354726
0
-7.06103e-06
-0.00147678
0.000231184
0.000668112
-0.000278242
0
0.000299361
0
-0.00189104
0
0.00036866
0
0.00113951
0.00162033
-0.00064402
0
0
-0.0012399
0
6.57305e-06
0.00147544
0
-0.00190642
0
0
-0.00238881
0.00555898
0
-2.28466e-05
0
0.000262996
0.00103252
0
0
0
0
0.000541375
0
0
0.000542899
0
0
0
0.000559424
0.00111134
-9.54736e-07
-0.000544093
0
0.000552318
-0.000553524
0
0
0
0.000542964
0
0
0
0.000549776
0
0.0010978
0
-0.00109678
0.001096
-0.000551483
0
0
0
-0.000544729
-0.00053961
-0.000546107
0.00107587
0
0
0
-0.000550675
0.0011044
0
0
0.00111327
0
0.0010939
-0.00108918
0.00108806
0.00108896
0
0.0010512
-0.0010513
0
-0.00110168
0
-0.00112042
-0.00110152
0.00109571
0
0
-0.00107077
-0.00107193
0.0010962
0
0
0.00107128
0.00105442
0.00207304
0.00101306
0
0.00204361
0.00100064
-0.00104184
-0.00108424
-0.00103932
0
-0.00297146
0.00194128
-0.00279152
-0.00199919
0
-0.00177679
0
0.000914374
-0.000893238
0
0.0034506
0.00170324
-0.0017268
0.00323108
-0.00158737
0
-0.00169136
0.00151785
0.00159154
0
0.00145483
0.00164836
0
0
0
-0.00109151
0
-0.00107307
0.00129141
0
0
-0.00115766
-3.09235e-06
0
0.000783931
-0.000825755
0
-0.000966807
0
-0.000758154
0.000641715
0.00186088
0
-0.00292669
-0.00228729
0
0
0
0
0
-0.000584124
0
0.000895424
0
0
0.000954697
-0.00119632
0.0013397
0
-0.000803414
7.11825e-06
0
9.05203e-05
0
0.000749599
0
0.000209238
-0.000407505
0
-0.000258111
0.000853653
0
-0.000194412
0.000201738
0.000535734
0
0.000723896
0
0.000552804
0
-0.000555205
0
0
-0.000628642
0
0
0.00163435
0
0.000924426
0
0
0.00320074
0
0
0.00131362
-0.00303481
-0.00141007
0.0042538
0
1.32934e-06
-0.000325209
0
0
0
0
-0.000644468
0
-0.000309116
-0.000622711
0.000320349
0
0
0
-0.000639388
0.000967833
0.000644954
0
0
0
0.000650225
-0.000642771
0
0
0
0
0
-0.000629466
0
-0.000637536
0
0.000641058
-0.000640079
-1.28899e-06
0
0
0
0.00130298
0.00062541
0.000627795
0
0
0
0
1.16027e-06
0
0
0.000659248
-0.00132594
0.000653906
-0.00122359
0
0
0
-0.000649688
-0.00123573
0
0
0.00199172
0
0
-0.00133411
-0.00129387
0
0
0.0012344
0.00123562
-0.00130833
0
0
0
-0.00117372
1.12253e-06
1.09693e-06
0
0
-0.00121114
-0.00125559
0.0012602
-0.0011593
0
0.00228576
0
0.00107904
0
0.00107081
0
0
-0.00212482
-0.00101267
0
-0.00196794
-0.00289428
0
-0.00146846
0
-0.000716898
0.000919565
-0.00158214
0
0
0
0
0
0
0.000789537
0
0
0.00111475
-0.00215875
0
0.00121641
0
-2.37156e-06
0.00127535
0.000982455
0
0
0.00162616
0.00063491
0.000820352
-0.000723723
0
0.000890614
-3.02467e-06
0.000663354
0
0
0
0
-0.00082354
0.000703356
0
-0.000775879
0
0
0
-0.000410758
-0.000615247
0.000577912
0.000730714
-0.000693136
0
-0.000364131
0
-0.000321021
0
0
0.000477635
0
0
-0.000734129
0
0
-0.000702861
-0.000360125
0
-0.000819068
0
-0.000345847
0
0.00126935
0.000573453
0
0
0
-0.000805159
0
-0.000926931
0.000978662
0
0.000929284
-0.00111479
0
0
0.00139968
0
0.00162506
-0.00156821
0
-0.000377047
-0.000366595
0.000373563
0
0
0
0
0
0.000352437
0
2.85697e-07
0
0
0
0
1.73615e-07
0
-0.000383893
0
0
-0.000768373
0.000738695
0.000361412
0
-0.000364189
-0.000352145
0.000346033
-0.000364618
0
0.000369849
0
-0.00036865
0.000742736
0.000746118
0
0
0
8.00833e-07
0
0.000734158
0
-0.000732084
0.000747238
0
-0.000789822
0
0
-0.000726833
0
-0.000706526
0
-0.000729314
0
0
-6.00842e-07
0
0
0
-0.000770636
0
0
0.00145968
0.000673906
0
0
-0.00134718
0
0.000700339
0
0
0
0.000624515
-0.00121606
-0.00184538
0
0
0
-0.00068795
0
0.00128405
0
-0.00251705
0
0
0.00117571
-0.00117187
0.00103478
0
0.00109855
0
0
0
0.00106437
0
0
0
0.000794176
6.98484e-07
0
0
0
0.000890665
-0.000917045
0
0
-0.00182287
0
0
-0.00211038
0.00127886
0.000593309
-0.00236962
0
0.00114582
-0.00124583
-0.00113089
0
0
-0.000403938
-0.000897345
0
0.000462264
-0.000593634
-0.000937993
0.00101185
0
0
0
0
0
0.00058864
0
0
0
0
0.000430375
0
0.000311046
0
-0.000416683
-0.000341552
0
0
0
0
2.06078e-06
0
0
-0.000146931
0
0
0.000403535
0
0.000191779
0.000350756
0
0
0
0
0
0
-0.000556414
-0.000417645
0
0
0.00047559
0.000675267
0
1.68492e-06
0.000903586
0
-0.000902539
0
0
0
0
0
0
0
0
0.000216793
0.00021449
-0.000424729
0
0
0
0.000219375
0.00043429
0
-0.000402363
2.72869e-07
0
0
0
-0.000437386
-0.000450693
0
0.000416894
0.000420872
0.000425025
-0.000441487
0.000409529
1.97472e-07
-0.000388366
0.000413972
-2.00749e-07
-0.00041781
0.000415292
-0.000423565
3.33657e-07
0.000412302
-0.000417086
0
0
-0.00042478
0
0
-0.000825329
0.000439507
-0.000848444
0
0.000865979
-0.000450559
0
0
0
0
-0.000379613
0.000380533
0
0.000377813
0.000783323
0.000872007
0
0.00164852
-0.000906609
-0.000807497
0
-0.000815151
0
0
0
-0.000716827
0
0
0
-0.000778859
-0.00075904
0
0.000735716
0
0.000701908
0.000649595
0.00132653
0
0.000634481
0
0.000771684
0.000701761
-0.00135111
0.000688617
0.00142427
0
0
-0.00127937
0
-0.000596166
0.000564607
0
0
-0.000613671
0
0
-0.000559195
0
0
0.000525748
-0.00223079
0
-0.000891443
0
-0.00098695
-8.6081e-07
-0.000950007
-0.00107587
-7.65781e-07
0
0
-1.06613e-06
0
-0.00130449
0.000917051
-0.000799713
0.000604388
0
0
0.000674785
0
-0.00112831
0.000430687
-0.000602762
8.69357e-07
-9.65352e-07
0.000545351
-0.000550503
0
0
-0.000460907
0
-0.000370336
0.000307406
0
0
0.000352675
0
-0.000313085
0
-0.000232912
0.000137953
0
0.000472955
0
0
-0.000391598
0
-0.000394765
0.000261295
0
-0.000128324
0.000182953
-0.000125055
0
0
2.11079e-05
0
0
0
0
0
0
0
0
0
0
0.000109974
-0.000294037
0.000120091
0.000161615
0.000468442
-0.000527208
0
0
0
0
0
0
0
0
0
0
-0.000247189
2.41413e-07
0
0
-0.000253118
0
1.66543e-07
-0.00049506
0
0.000488505
-0.000239704
0.000240528
-0.000242805
0
0.000490557
0
0.000244282
0
-0.000478404
-0.00047665
0.000487719
-0.000472421
-0.00046667
0.000450281
0
0.000230972
0
0
0.000225315
2.9891e-07
-0.000440413
0
0
0
-2.88639e-07
-0.000476961
0
0.000477218
-0.000478369
0
0
0
2.63051e-07
0
0
0
0
0.000420862
-0.000439096
0
2.99974e-07
0
-0.000947896
0
-0.000935076
0.00107546
0.000955055
0
0.000898621
0
0
0
0
0
0
0
0.000427813
0.000401819
0.000421891
-0.00126547
0.000414402
0
-0.000774811
-0.000775275
0
-0.000782796
0
0
-0.000814772
0.000801451
5.25657e-07
0
0
0.00079946
0
0.000751855
-0.00144639
-0.000689987
0.000654603
0
0.000715879
-0.000721935
0
0.000622143
0
-0.000653783
4.6642e-07
0.00200458
0
0.000583306
0
0
0.00183415
0.00122423
0.00132817
0.000630317
0
0
0.00111609
0
0.000457963
0
0.00115179
-0.00129917
-0.000468401
0
-0.000954822
-0.000460149
0.000910842
0
0.00170948
-0.00159211
0.00082665
-0.000787903
0.00161656
0
-0.000701644
0.000742203
0
0.000680747
-0.000593993
0.000663995
0
9.00383e-07
0
-0.000586647
0
0.000497012
-0.000767662
0
0
0
-0.000401683
0.000800554
0
0
-0.000701258
0
0
-0.000359982
0.000626542
0.000270535
-0.000347931
0.000334733
0
0.000327545
0
0
0
-0.000317563
0
-0.000272843
0
0
0.000415135
0
0.000801335
0.000612958
0
0
0
0
0
0
0
-0.000148203
0.000220185
-0.000346273
0
0
0.00012842
-0.000288405
-0.000156881
0
0.000146725
0
-0.000280096
-0.000143713
0
0
-0.000274378
-0.000285161
0.000570688
0
-0.000262779
0
4.70415e-08
0
0
-0.000278395
0
-0.000271531
0.000266908
0
-0.000271382
-5.74473e-08
0.000285112
-0.000278514
0.00027917
-0.000837429
0
0
0.000273152
0
0.000596601
0.000568848
0
-0.000584022
0
0
0
0
-0.000568966
0
0
-0.00030456
0
0
-0.000286764
0
-0.000557829
0
0.000282285
0
0
0.000652037
0
0
0
-0.000537393
0
0
0
0
0
0
0.000562137
-0.000526723
-0.000572782
0.000567162
-0.00110514
0
-0.0005387
-0.000508668
0
0
0
0.000557342
0
-0.000545568
-0.00116047
0
0
-0.00109188
-0.000499131
-0.00104361
0.00147244
0
-0.000954466
0.00046894
0
0.000524972
0
-0.000462163
0
0.00100268
-0.000924926
-0.00101044
0
0.00188384
0
0
-0.000933834
0
0
0.00185352
0
-0.000884554
0.000881703
0
0.00160292
0.000871041
-0.000899728
0.000798778
0.000798816
-0.000764872
-0.000818785
0.000785557
0
0
-0.000749102
0.000693866
0
0
-0.00219906
0
0.00130135
0
0
-0.000667127
0
-0.00190712
0
-0.00127065
0
0
0
0.000551302
0.000522198
-0.000586662
0
0.000550427
0.00102564
0
0
0
0
-0.00102242
0
-0.000962543
0.000910274
-0.000910391
0.00091185
-0.000979139
0
-0.000920191
0
0
0
-6.42284e-07
0
0.000859809
0
0
0
0
-0.00217515
-0.00197806
0
-0.000607297
0
0
0
0.000469517
0
-0.000620361
0.000436807
-0.000252099
0
-0.000119852
-0.000370093
0
0.000383537
-0.000183797
0.000183983
0
0
0.000191792
0
0
0
0
-0.000197675
0
0.000170759
0
-0.000338613
0
0.000186985
0.000378419
0
0.000382379
-0.000382922
0
0.000192052
0.000188437
-0.000417292
0.000402969
-0.000197527
0.00039869
0
0
-0.000382516
0.000207896
0
0
0
0
0
0.00019009
0
0
0
0
0
0.000440143
0
0
0.000872322
0
0
0
-0.000415403
0
0
-0.000905547
0.00043546
0
0
0.00128937
0
0
0
0.000432184
-0.000432987
0
0
0
0
0
0.000872365
0
0.00131343
0.00124964
0.000442835
0
0
-0.000435018
0
-0.000439991
0
0.00044944
-0.000423926
0
0.000405504
0
-0.000404605
0
0.000812806
-0.000795225
0
0.00176263
0.000842143
0.000836132
-0.000841676
0
0.000804926
0
-0.000787709
-0.00166115
0
0
-0.000824264
0
-0.00081226
-0.000812977
0
0.000801298
-0.00159001
0
-0.00152439
-0.00155399
0.00240478
-0.000775744
0
0.00146983
0.00230014
0
0
0
-0.00213995
0.00138243
0
0
0.00141989
0
0
-0.000681792
-0.000673145
0.000675355
0
0.00191953
0
0
0
0
0
4.35762e-07
0.0023574
0.0012083
0
-0.00117557
0
0
0
0
0
0.00217513
0
0
-0.0020334
0
-0.000987569
-0.00102654
0.0009779
0
0.000967144
0.000904905
0
0.00187177
0
0
-0.000823375
0
0.000770657
0
0.00149018
0.000726423
0
0.000702816
0
0
-0.000653526
-0.00126796
0.000611451
-0.000583507
0.00109674
0
0.000945775
-0.00172453
0.000343394
0
-0.000335708
0.000329026
0
0
0
-0.000162746
0
-0.000163018
-0.000155249
0
-0.000335366
0.000163531
0.00046047
0
-0.000152568
0
-0.000323594
0.000161562
-0.00016213
0
0
0
0.000332553
0.000487648
0.000176287
0
0.000168316
0
0
0.000166472
0
-0.000351231
0
0.000175153
0.000175823
-0.000178552
0.00017635
-0.00034949
0
0
-0.000177001
0
-0.000191092
0.000184572
0
0
-0.000742042
0
-0.000366827
-0.000360606
0
0
-0.000377243
0
-0.000732963
0
0.000366087
-0.00076004
0
0
0
-0.000759114
0.000748898
0
0
0
-0.000363257
-0.000380041
0
0
-0.000378601
-0.000747851
-0.000770228
0
0
-0.000756016
0
-0.000758196
0
-0.00115062
0.000731911
0.00037886
0.00071208
0
-0.000714285
0
-0.0014321
0
0
-0.00150497
-0.00146556
0
0.00145793
0
-0.00143985
0
0.00139533
-0.000718
0
0
0.00214792
0
0.000711669
-0.00142441
-0.000692161
0.00139975
-0.000692742
0
0
0
-0.00210284
0.001358
-0.000654314
0
-0.00201315
0
0
0
0.00123644
0
0
0
0
0.000613488
0
0.00114782
0.0011482
0.00176202
0
-0.0011477
0
0
0.00056726
0.000553631
-0.000549137
-0.00217952
-0.00217191
0
0
-0.00106577
-0.00105356
0
0
0
0
-0.00101494
-0.000999663
0
-0.000985941
0
0.00192052
0.00193231
-0.00284659
-0.000937276
-0.00187245
-0.00185381
0
-0.000919882
-0.00089159
0
0.00171518
-0.00084963
-0.00251734
0
0
0.00159733
0
0.000773506
0
0
0.0014401
0.000706737
-0.00204258
0.00132694
-0.00189715
0.00060907
-0.00225914
0.00258865
0
0
0
0
0
0
0
0.000188384
0
0.000189123
0.000187221
0
0
-0.000186578
-0.000186355
0
0.000185415
0
0
-0.000187238
0.000188024
0
0
0
0
-0.00018836
-0.000192688
0
0.000191015
0
0
-0.000191693
0
0
0
-0.000194962
-0.000195036
0.000196602
-0.00019533
0
0
0
0.000196254
0
0.000198277
-0.000196126
0
0
0
0
0.000389744
0.000386037
0
0
0.00038757
0
0
0
-0.000378805
0
0
0
0
0
0
0
0
0
0.00036353
0.00036456
0
0
-0.000358839
0
0
0
0
0
0
0
0
0.000337917
0
-0.000329342
0
0
0
0
0
0
0
0
0
0
0
0
0
0
0
0.000527842
0
0
-0.000502031
0
0.000483437
0
0.000458727
0
0.000437246
0
0
0
0.000395003
0
0.00036643
0
0.000345905
0
0
0
0
0
0
0
0
-0.000228635
0
0
0
-0.000174022
0
0
0
0
-0.000109822
-9.60131e-05
8.27943e-05
0
0
0
0
4.14897e-05
1.62476e-05
0
0
0
0
-0.00010255
-0.000125684
0
-0.000171341
0
0
0
-0.000261084
-0.00028299
0
0
0
-0.000371021
-0.000392633
0
0
-0.000458297
-0.000482695
0
0
0
0
-0.000597937
0
0
0
0.000701892
-0.000733112
0
0.000800131
0.000840372
0
0.000999323
-0.0603594
0.0552484
0
0
-0.0974705
0.0946207
0.091115
0.0909841
0
0.0868281
-0.0843915
-0.159567
0
-0.14344
0
0
0
-0.000470182
0
0
0
0.14134
-0.108889
-0.134702
-0.0369697
0
-0.000247787
0.030369
0.0573234
-0.054884
-0.000331595
0.0520566
-0.000358604
0
0
0.0590038
0.108686
0
0.195816
-0.103194
0.0952
0
-0.168015
0
0.0728207
-0.0601289
-0.106137
0.0849918
0.00165299
0.0283648
0
-0.0417246
-0.0213568
-0.0419383
0.0386421
-0.000303121
-0.0367036
-0.000337081
0
0.041115
0
0
0
-0.0722119
0.0752624
-0.0707007
0
0.000804065
0
-0.111042
0.0457792
0.00153069
0
0.0425646
0
0
0.000145826
0
-0.0155852
0
-0.0318588
0
-0.0600712
0
-0.0292569
0
0
0
-0.0517227
0
0
0
0.00076334
0
0.0414505
0
0.0605382
0
0
0
0
0.0126899
0
9.89125e-05
0
0
-0.02261
0.0458571
0
0.022313
-0.0243827
0.0218684
0
0.000672282
0
-0.0361607
0
0.0359712
0
0
0.0236796
0
0
0
0
0
0
0
0.0198588
0.00984815
-0.0194788
0.0191316
-0.0372958
0
-0.0184469
0.0189364
-0.000296373
0
0.0172433
0
0.0287227
0
0
0.0229664
0
-0.037225
-0.0167083
0
0.0213109
-0.010503
0
0
0
-0.00825373
-0.00823289
0.00824689
0
0.000242531
0
0
0
-0.0143206
0
0.0137411
0
0
0
0
-0.0380251
0
0.0153658
0.0130516
-0.0116943
-0.0166398
0.00891104
-0.00685676
0
-0.00693629
0.00696582
0
0.00697176
0.0135972
0.0132733
0
0.0128921
-0.0122387
0
0
0
0
0
0
0
0.016079
0
0
0.00960571
0.00915587
0
0.0067759
0.0059746
0.00602372
0.00612279
-0.00617426
-0.00586758
0
-0.0121425
-0.0112745
-0.0114694
-0.0113836
0.0107839
0
0
0.00953169
0.00904121
-0.00846374
0
-0.0147901
0
0
0.0100752
-0.00803659
0
0
-0.00300942
0.00511403
-0.00548406
0
0
0.0105588
0
-0.00542887
0.00520869
0.0105019
-0.00983046
0
-0.00906225
0
-0.00853225
-0.000212344
0.000207815
0
0.000414332
0.0112946
0
-0.00901722
-0.0063943
0
0
-0.00239933
-0.0046226
0
0.00490213
0
-0.00486303
0
0.00502323
8.66392e-05
-0.00919108
0.00906884
0
0.000198255
0
0
-0.0072574
0.00683573
0
0.0114588
-0.0102635
-0.0084711
0
0.00577265
0
0
0
0
-0.00471403
-0.00451268
0
0
0
0
7.90582e-05
0.008465
0
0
0.000183508
0
0
0
0
0
0
-0.00882775
0.00771065
0
0
0
0
0
0
3.75519e-05
0.00415676
0.00430027
0
-0.00410754
0
0.00399999
0
0
0
0.000169866
0
0
0
0
0.0048659
-0.00449038
0.00822152
0
-0.00571463
-0.00410715
0
-0.000860012
0
0
0.0043117
-0.00404826
-0.00821559
0
0.00775338
0
0
0
0
0
0.0065227
0
-0.00559691
0
0.00487876
-0.00459355
0.00836934
0
0
0.00533306
0.000244863
0
0.00019675
-0.00145436
0
-0.00202412
0
0.00401452
0
-4.68747e-05
-0.00369276
0.00352199
0
0.00342004
0
0
0
0.00529723
0
-0.00463213
0
-0.00771381
0.00321537
-0.00270841
-0.00225312
0.000223741
0
0.000484832
0.00273851
0
0.0018934
-0.0018904
0
-0.00360832
-0.0070182
4.65983e-05
-0.0034083
0
-0.00326767
0
0
0
0
0
0
0
0.00013032
-0.00305434
0.00260722
0.00406486
0.00293158
0.00200641
0
-0.00129624
0
0
0.00177802
-0.00178204
0.00350323
0.00336287
0.00335561
-0.00319378
0
-0.00298989
0
0
0
0
0
-0.00376791
0
0.000119118
-0.00277821
0
-0.00186684
0
-0.00190509
0
0
-0.00175303
0
0
0.00171155
-0.00162244
0.00154329
0.0015311
0.00304321
-0.00300193
0.00287795
0
-0.00258437
0
0
0
0.0036484
0
0.0059862
0.0027127
0.0020181
0.00163848
0
0
0
-0.00054704
0.00173473
0
0
0
0.0015147
-1.24499e-05
-0.00147157
0
0.00285455
0
0.00247817
4.90823e-05
0
0
0
0
0
-0.00144426
0
-0.00197528
-7.81454e-05
0
0
0
0.000533489
0
0
0.00149372
0
0
-0.0014826
0
0
0
0
-4.05302e-05
0.00486908
0
0
0
-0.00158727
0.00134916
-0.00127046
0
0
-0.00288702
-0.000809747
0
0
-0.000486284
0
-0.000759823
-0.00140004
-0.0015126
0
0.00150232
0
-0.00134254
0
0
-0.00333429
-0.00231269
0
0
0
0.00154416
-0.0012947
-0.00113474
0
0
0.00130238
0.000754907
0
-0.000353893
1.67376e-05
0
-1.33133e-06
0
0.00145593
0
-0.00147817
0
9.39344e-06
0
0
0.00106436
0
0
0
0.000847295
-0.00141764
0
3.13273e-05
-0.000948431
0
-0.000548525
0
0
0.000371654
0.000461551
0
0.0013627
0
0
0
0
-0.000669358
0.00121939
0
0
0
-0.00102653
0
-0.000989328
-0.000838948
0.0013387
0
0.00094455
0.00103431
0
0.000988048
0.000340794
0
0
0
0.00030766
-0.000650823
0
0
0
0.000619962
0.000666932
-0.000569441
0
0
0.000494441
0.000976666
0
0.00105173
0.000804317
0.000612542
0
-0.000449235
0
0
-0.000445641
-0.000386587
0
-0.000209345
-0.000235466
-0.000261439
0
-0.000326615
0
0
-0.00059847
-0.000386546
0.000525111
0
0
-0.000594056
0
0
0.000603844
-0.000391081
-0.000691273
0
0.000631967
-0.000849311
0
0.000248211
0
0
0.000119856
0.000421981
0
-0.000165733
0.00036425
0
0
0
0.000534785
0
0.000375025
0
0
-0.000328158
0
-0.00131892
-0.000394522
0.00024646
0
0
0.00119222
0
-0.000220139
0
0
0
-0.000180907
0
0.00022998
0
0
0
0
0
0
-0.00050911
0
0
0.000402714
0
0.000554069
0
-0.000311499
0
0
0
0
-0.000332291
0
0
0
0
0
-0.000337651
0
0
0
0
0
-0.0006373
0
-0.000414191
0.000475192
0
0
0.000533802
0
-0.000677647
0
-0.000862221
-0.000761754
0
0
-0.000470218
0
0
-0.000231253
0
-0.000311277
0
0
0
0
-0.00128503
-0.000563764
0
-0.000388934
-0.000410809
0
0
-0.00127357
0
0.000586099
0.00111503
-0.000823339
0.000678421
0.00101115
0
0.000399016
0
0
0.00021254
0
0.000531969
-0.00100495
0
0.00104609
-0.00109074
-3.85144e-06
0.000973268
0
0.000804093
0
0
0
0.00218963
0
0
-0.000827096
0.00125015
0
-0.00078399
0.00132978
0
0
0
0
0.000995963
-0.00103295
0.00102728
0
-0.00104862
0.0010532
0.00101422
0
0
-0.00174161
-0.00172568
0.00166973
0
-0.00143053
0
0.00230028
0
-0.00201641
0
0
-0.00118952
0
0
0
0
-0.00102011
0.00206832
0
0.00211258
0
-0.0021063
0
0.00198261
0
0.00181674
0.00350582
-0.00163892
0
0
0
-0.00239024
0
0.00382813
0
0
0
0
0
-0.000109097
0.000651876
0
-0.00103758
0
-0.00213456
0.00213385
-1.24034e-05
-0.00211102
-0.00199778
0
0.00187941
-0.00179607
0.00333747
0
0
0
0.0024774
0
-0.0019556
0
0
0
0
0
0.000161124
-0.000643659
0
0
0
-0.00219259
1.36352e-05
-1.40753e-05
0.00431319
-0.00201315
-0.00384757
-0.00188953
0
-0.00688759
0
0
0
-0.00251709
0
0
0
0.00307104
0
0
0
-0.000362723
-0.000716402
0
0
0
0.00452176
-0.00224105
0.0022075
0.00220845
0.00201477
0.00396958
0
0
0.00356051
0
-0.00316311
-0.00294463
0
0
-0.00441736
0
0.000117037
0
0.00215583
0
0.000388799
0.000725717
0
0.0023112
0
-0.00228002
0
0
-0.00446216
0
0
-0.00400471
0
0.00371009
0
-5.51806e-05
0.00297362
0
0
0.00447175
0
-0.00325586
-0.00301834
-0.00219002
0
0
0.00167472
0
1.74214e-05
0
0
0
-0.00476841
0.00462647
-0.00441497
0
-4.98104e-05
0
-0.00375728
0
0.00328824
0
0
0
0.00474995
-0.00418552
0.00360136
0.00627898
0.00502272
0
0
-0.00349561
0.00252296
-0.00502856
0
0
0
-4.70041e-05
-0.00948745
0.00456736
0
0.00422911
0
0
0
0
0
0
-0.00534187
-0.00472366
0.00416464
0.000158168
-0.00335135
-0.00502642
0.00396145
0
0.00182732
-0.00519304
0.00782952
-0.00527707
0
0.00515023
-5.39555e-05
-5.46515e-05
0
0
0
0
0.00830345
0
0
-0.00672997
0
0.00540739
0
0
-0.00389604
0.0078261
0.00550975
-0.00413239
0
0
0.00270494
-0.00541624
0.00539049
0
-0.00538007
0.00530842
-6.24998e-05
0.00498373
0
-0.00910504
0.00903022
-0.0168856
0
0
-0.000174229
0
0
-0.00538664
0
0
-0.0168067
0.000350452
0
0.0019935
0
0
0
-0.00565571
0
0.00581028
-0.00578682
-7.13611e-05
-0.00523871
-0.010577
0.00979524
-0.00997412
0.0172852
0
-0.00824467
0.00834202
0
0
0.00670176
-0.0107071
0
0.0100965
-0.00703068
-0.00574488
-0.00582247
-0.00277034
0
-0.00696443
0.00576858
0
8.34267e-05
0.00601985
0.00589696
0.0119931
0.0235907
0
0
-0.00887229
0
-0.000193279
-0.00994297
0.00803336
0
0.0163634
0.013858
0
-0.0127233
0
0.00699409
0.00387813
-0.000125879
0
0.00832384
0
0
9.06051e-05
0
0.0127612
-0.0131403
-0.0128203
0
0.0131128
-0.00877216
0
-0.000193716
0.010959
-0.00787411
0
-0.0180455
0.0166589
0
-0.00033406
0
0
-0.00477263
0.0101413
0
0
0
0
9.27364e-05
0
-0.0141405
0.0143244
0
-0.0155948
-0.0158403
0.00957495
0
0.022452
-0.0125959
-0.0179115
0
0
-0.0351963
0.0164607
0.0285448
0
0.00908144
0.00490803
-0.00695326
-0.00866051
0.00927981
0
-0.00965729
-0.0171329
0
0.0152708
-0.0148959
0
0.0161201
0
0.0115641
0
-0.0120845
0.0398044
0.0392102
0
-0.0216746
0.0181379
-0.0170136
0.000300064
-0.0118807
-0.0189573
0.010525
0
-0.000177575
-0.00972645
-0.00969999
-9.73799e-05
0.00856523
0
-0.0157288
0
0
0
-0.0157838
-0.0133267
0
-0.0253915
-0.0256346
-0.0218358
0
0.0214403
0
0
0.000287459
-0.000250167
0.00999065
0.000268768
-0.00766643
0.0119799
0.0111844
0.00955603
0.00898437
0
0
0
0
0
0.0155556
0.0157293
-0.0149619
0
0.0527797
0
0
0
0
0
0
0.000279563
0.0125409
0
-0.0111584
-3.89679e-05
0
-0.0115661
0
0
0
0.0177225
0
-0.0166194
0
0.000167989
0
-0.000169332
0
-0.0571301
0
0
0
0.0237156
-0.022103
0
-0.0173937
0.0139036
0
0
-2.28693e-05
0
0
0
0
0
0.00016114
0
-0.000158741
-0.019079
-0.0181448
0.0179562
-0.000166375
0
0.0621456
0
0
0
0.000288909
0.0237143
0.0208277
0.0197072
-0.0149556
-0.0260866
-0.0133284
0.00935266
0.0143399
-0.0124123
0
-0.0207943
0.0205617
-0.018427
0
0.0359244
0.0203105
0
-0.0189902
0.0170654
0
-0.0663366
-0.0328489
0
-0.0308681
0.000285298
-0.0264003
-0.044235
0.000294939
0
0.0286304
0.0140734
0.0102019
-0.0138091
0.0117891
0
0.0184861
-0.0367631
-0.0177713
0
-0.0341222
0
0
0
-0.0173255
0
-0.000353476
-0.000358899
0
0.0330881
-0.0282516
0.0285926
0.022951
-0.0242763
-0.0339693
0
0
5.27195e-05
0
0
0
0.0127402
0.0122023
0.0131124
0
0.026719
0
-0.0165922
0
0.0312165
0
0.0332948
0.0332698
0
0
0
-0.0305658
0
0
0.0324776
0
-0.0135064
-0.0232266
0
0.00262044
-0.00136372
7.57141e-05
0
0
0.00508287
-0.00420785
0
0.0191194
0
-0.0104284
0
0
-0.0256711
-0.0234254
0
0
0.053684
0.0184431
0.0498284
0
0
-0.0002368
0.0115863
0
0.017801
-0.0197629
0
-0.0173458
0
0.0113265
0
0
0.00389564
0.000459527
0.00117484
0
0
0.0221334
0.0077221
-0.0176508
0
-0.0207018
-0.00726633
-0.0436686
0
0
0.00204123
0
0
-0.0344975
0.0649354
0
0.0528377
0.0482646
0
-0.0365947
0
0
-0.000253372
0.031383
0
0
0.00498807
0
0.00618745
0
0
0
0
0.00468302
0
0.00661208
0
0
-0.0694053
-0.131423
0
0
-0.204855
0.0886955
0.000317664
0
0
-0.000297508
-0.100293
0
0
0
-0.0557649
0
-0.0352717
0
0
0.0711491
-0.000981645
0
0
0.00684022
0
-0.113186
0
0
0.199762
-0.192083
-0.000121243
-0.179552
0
-0.167194
0.161223
-0.307552
0
0
0
-0.245538
0
0.000175902
0
0
-0.288697
-0.000344849
0
0.0965233
-0.0639711
)
;

boundaryField
{
    inlet
    {
        type            calculated;
        value           uniform 0;
    }
    outlet
    {
        type            calculated;
        value           nonuniform List<scalar> 
57
(
3.45019e-17
-2.05621e-17
0
0
0
5.77553e-18
-4.98411e-18
-4.45977e-18
2.02946e-18
1.89858e-18
0
0
0
1.61543e-18
-3.15227e-18
1.54556e-18
0
7.48851e-19
-7.41982e-19
7.3117e-19
-4.22703e-21
-7.22082e-19
0
3.52561e-19
-5.28459e-19
1.7565e-19
0
1.88017e-19
-1.97484e-19
0
0
-7.80559e-19
7.9982e-19
7.98827e-19
-8.2579e-19
-1.6721e-18
3.47916e-18
-1.82359e-18
0
0
2.21903e-18
8.42762e-21
-7.89469e-18
5.64202e-18
0
6.74957e-18
6.67053e-20
7.19467e-20
-9.26584e-18
-1.05987e-17
-9.22412e-20
2.75201e-17
-1.56768e-17
0
0
-2.94467e-17
5.88313e-17
)
;
    }
    upperWall
    {
        type            calculated;
        value           uniform 0;
    }
    lowerWall
    {
        type            calculated;
        value           uniform 0;
    }
    frontAndBack
    {
        type            empty;
    }
}


// ************************************************************************* //
