/*--------------------------------*- C++ -*----------------------------------*\
  =========                 |
  \\      /  F ield         | OpenFOAM: The Open Source CFD Toolbox
   \\    /   O peration     | Website:  https://openfoam.org
    \\  /    A nd           | Version:  8
     \\/     M anipulation  |
\*---------------------------------------------------------------------------*/
FoamFile
{
    version     2.0;
    format      ascii;
    class       volScalarField;
    location    "100";
    object      wpod_3;
}
// * * * * * * * * * * * * * * * * * * * * * * * * * * * * * * * * * * * * * //

dimensions      [0 1 -1 0 0 0 0];

internalField   nonuniform List<scalar> 
12225
(
1.10891e-16
-3.76954e-17
-1.6739e-19
5.31676e-17
-5.78986e-17
2.65355e-17
3.79163e-17
-2.26847e-17
-2.76726e-17
3.28145e-18
2.68168e-17
-1.9179e-17
-3.64306e-17
2.60906e-17
-2.00201e-17
-3.05139e-17
2.14001e-17
2.63258e-17
1.06076e-17
-1.60741e-18
-8.97906e-18
-2.59863e-18
-1.52652e-17
3.39618e-18
-1.85265e-19
-1.88211e-18
-9.76639e-18
7.51955e-18
-1.46952e-19
3.2726e-19
-3.70941e-18
-3.03862e-18
1.43441e-17
3.68108e-18
7.31304e-18
-6.34398e-18
8.54999e-18
-4.1533e-18
-4.34588e-18
-6.31099e-18
-2.76407e-18
1.03499e-17
-8.48932e-18
1.21954e-17
3.1247e-18
-7.11957e-18
-4.33046e-18
8.84582e-18
-5.03549e-19
-3.78291e-18
9.82264e-18
-2.49791e-18
-4.67992e-18
-1.80494e-18
-2.65914e-18
-4.326e-18
5.69261e-18
8.59422e-19
1.65574e-18
-5.46079e-19
1.87393e-18
-1.98467e-19
6.97455e-19
-1.14955e-18
5.1338e-18
-4.18377e-18
3.2116e-18
2.74003e-18
-3.9917e-18
9.09454e-19
-1.16844e-18
2.92023e-18
-4.63096e-18
-3.13147e-18
-1.93618e-18
1.4825e-19
1.37031e-18
8.62745e-19
4.5446e-19
-2.74097e-19
9.94217e-19
7.3629e-19
1.61511e-19
2.74556e-19
8.67037e-19
4.58309e-19
-3.14964e-19
-2.57306e-19
2.56226e-19
3.17325e-19
3.18082e-19
2.82959e-20
-2.3922e-21
-2.84182e-20
-8.80738e-20
8.03406e-20
-6.54506e-21
-5.74852e-21
0
0
0
0
0
0
0
0
0
0
0
0
0
0
0
0
0
0
0
0
0
0
0
0
0
0
0
0
0
0
0
0
0
0
0
0
0
0
0
0
0
0
0
0
0
0
0
0
0
0
0
0
0
0
0
0
0
0
0
0
0
0
0
0
0
0
0
0
0
0
0
0
0
0
0
0
0
0
0
0
0
0
0
0
0
0
0
0
0
0
0
0
0
0
0
0
0
0
0
0
0
0
0
0
0
0
0
0
0
0
0
0
0
0
0
0
0
0
0
0
0
0
0
0
0
0
0
0
0
0
0
0
0
0
0
0
0
0
0
0
0
0
0
0
0
0
0
0
0
0
0
0
0
0
0
0
0
0
0
0
0
0
0
0
0
0
0
0
0
0
0
0
0
0
0
0
0
0
0
0
0
0
0
0
0
0
0
0
0
0
0
0
0
0
0
0
0
0
0
0
0
0
0
0
0
0
0
0
0
0
0
0
0
0
0
0
0
0
0
0
0
0
0
0
0
0
0
0
0
0
0
0
0
0
0
0
0
0
0
0
0
0
0
0
0
0
0
0
0
0
0
0
0
0
0
0
0
0
0
0
0
0
0
0
0
0
0
0
0
0
0
0
0
0
0
0
0
0
0
0
0
0
0
0
0
0
0
0
0
0
0
0
0
0
0
0
0
0
0
0
0
0
0
0
0
0
0
0
0
0
0
0
0
0
0
0
0
0
0
0
0
0
0
0
0
0
0
0
0
0
0
0
0
0
0
0
0
0
0
0
0
0
0
0
0
0
0
0
0
0
0
0
0
0
0
0
0
0
0
0
0
0
0
0
0
0
0
0
0
0
0
0
0
0
0
0
0
0
0
0
0
0
0
0
0
0
0
0
0
0
0
0
0
0
0
0
0
0
0
0
0
0
0
0
0
0
0
0
0
0
0
0
0
0
0
0
0
0
0
0
0
0
0
0
0
0
0
0
0
0
0
0
0
0
0
0
0
0
0
0
0
0
-0.00188169
-0.000211345
0
0
0
-0.000189882
0
0
0
0
0.00109356
0
0
0
0
0.000747719
0
0
0
0
0
0
0
0.000668427
-0.000611233
0.000547174
0.0004987
0
0
-0.000393817
-0.000370712
0
0
-0.000318223
0
0
0.000282892
0
0.000267855
0.000522163
0
0
0
0
0
0.000480223
0.000473673
0.000470804
0
-0.00046862
0
0.000462354
0.000461408
0
0
0
0.000457209
0
0
0
0
0
0
0
0
-0.000457243
0
0
0.000459852
0.000463888
0
-0.000465275
0.000468135
0
-0.000469943
0
0
0.000476949
0
-0.000481735
0
0.0004863
0.000486364
0.000489386
0.000981944
-0.000983735
0
0
0
-0.0009931
-0.000993744
0.000996555
0
-0.000996117
-0.000995821
-0.000994185
0
0
0
-0.000973256
0
0
0.000942069
0
0
0.000890227
0
0
-0.000813133
-0.000780164
0
0.000704417
0
-0.000614763
0
-0.000512955
-0.000460985
0
0
0
0
0
0
0
-0.000128471
9.84847e-05
0
0
0
0
-7.88618e-05
0
0.000159979
-0.000200908
0
0
0
0.000315401
0.000330121
0
0.000346362
0.00035013
-0.000339489
0
0
-0.000277777
0
0
0
0
0.000194003
0.000185883
0
0.000165003
0
0
0.000143196
0
0.000127304
0
0
0.000108008
0
9.77857e-05
0
0
0
-8.35079e-05
0
7.08289e-05
0
0
0
0
0
0
0
-7.79053e-05
0
0
0.0042225
-0.00255275
0
0.00101471
0
0.000385296
-0.00066467
-0.000593696
0
-0.000530209
-0.000261462
0
0
0
0
-0.000266013
0
0.000502569
0
0
-0.000464686
0
0.000438288
-0.000212901
0.000205424
-0.000196303
-0.000188786
0
0
0.000174878
-0.000167458
0
0
0.000155912
0
0
-0.000146583
0
0.000141088
-0.000282719
0
0
-0.000548927
-0.000547576
-0.000546486
0.000269724
-0.000270756
-0.000801583
0.000531737
0.000268166
0
-0.000270031
0.000265487
0
0
0
-0.000272203
0
0.000542017
0
0.000544385
0
-0.000549451
0
0.000554777
-0.000277605
0
-0.000565035
-0.000286958
-0.000288059
0
-0.000287156
-0.000293638
0
0.000295523
-0.000590291
0
-0.000299279
0
0.000898942
0
-0.000911985
-0.00030391
0.000302993
0.000607457
-0.000611588
0
0
0
0.00183857
0.000614713
-0.000616532
0
-0.000608131
0.00061163
0.000610417
0
0
0
0.000600008
0
-0.00118083
-0.00174064
0.00115084
0
0.000555184
0
0.00108396
-0.000530917
-0.000524047
0
-0.00150693
0.000981076
0.000478228
0
0.000449274
0.00131418
0
0.000837176
0.000807787
0.000779201
0
0
0
-0.000341395
-0.000326934
0
-0.000616424
-0.000597484
0
-0.000546577
-0.00106814
0.000518801
0.000503407
0
0
0
0.000416729
-0.00041464
-0.000788427
0.000376042
-0.000368249
-0.000360718
0
0
0.000346189
0
0
-0.000640083
0
-0.000325843
0.000309507
0
-0.000293706
0
0
0.000279103
-0.000576476
0.000275381
0
0
-0.000262043
0
-0.000256989
0
0
0
-0.000233914
0
0.000242651
0
0
-0.000456189
0.000469318
0
0
0
-0.00109891
0
0.000663833
4.77851e-06
0.00471062
0
-0.00190665
0
0
1.05338e-06
0.000478306
0.00043873
0.000412851
0
0
-0.000367872
-0.000716666
0.000695352
0
0.000649522
-0.000315773
0
0.000581913
0.000282337
-0.000540262
-0.000264001
0
0.000495828
0.000481068
0
0.000458855
0
0.000440024
0.00021647
0
0
0
0
0
0
0.000391461
-0.000590149
0
0
0
2.63605e-06
0.000393659
0.000784356
-0.000786079
-0.000390163
0.000391259
-2.91026e-06
0.000389461
0
0.000391164
-2.97814e-06
0
0
-0.000398617
0
0
0.000401988
0.000812292
-0.000411059
0
0.000416672
0
0.000419156
0.000426402
-0.000852446
-0.000426224
0
0.000871722
0
0.00133335
0.000895674
0.00090006
-0.000902001
0.00135936
0
0
-0.000922574
-0.00138549
0
0.000466469
0
-0.00140755
-3.32422e-06
3.14981e-06
0.000949197
0
-0.000942987
-2.39591e-06
0
0
0
0.00094473
0
0
0
0
0
0.000930521
0
0.000921003
0.000904222
-0.000900606
0
-0.000878034
0
-0.000852794
0.000838437
0.00250882
0
0.00246953
0.000814795
0
0.00155823
0.00152112
-0.00223777
0
-0.000727196
-0.000709435
-0.00207262
0
0
0
-0.000639777
0
0
0.000591483
0.000584566
0
0
0.00110244
0
-0.00105411
-0.00102859
0
0
0.000959648
-5.0194e-06
-4.77339e-06
0
0.0017851
0
0
0
-0.000849847
0
0.00164289
0.000825033
0
0.000826397
0
0
0.00232055
-0.00154156
0
-0.00154105
0.000785332
0
0
0
0.00216318
0
0.00071821
0
0
0
0
0
0
0.00135339
0
0.0006643
-0.002025
0
0
0.00124253
0.00119798
-0.00116453
-0.00116062
-0.00645516
-0.00650169
-0.00239616
-0.000818055
0
0.00107102
-0.000464452
0
-0.000380487
0
0.000659431
0
0.000302171
0.00058143
-0.000559746
0
-0.000517864
0
0
-0.00046616
0
4.12732e-06
0
0
-3.44119e-06
-0.000390352
-0.000377199
-0.000372843
0
-0.000709916
0
-0.000334043
0
0
0.000317845
0
-0.000314671
-2.25985e-06
0.000631795
-0.000629871
0
0
-0.000319112
0
-0.000323316
0.000323233
0.000323228
0
-0.000324644
-0.000326045
0.000649055
-0.000328179
-0.000329307
0
0
0.000336605
0
0
-0.000687758
-0.000692391
0
0
0
0
-0.000720719
0.000721375
0.000730417
0.00146879
0
-3.46132e-06
0
-0.0007573
-3.20084e-06
-0.000767492
0.000772345
-2.91546e-06
0
0.000777761
0.000785776
0.00157399
0
-0.000793099
0
0.00159946
-0.000802784
0.00080562
-0.000808456
-0.00160992
0.000807192
-0.000806708
0
0.00161287
0
0.00160567
-0.00160464
-0.00160335
0.00159867
0.00159055
0
0.000791004
0
0
0.00155316
0
0
0.00151881
0
0
0
-0.00289653
0
-0.00283774
-0.00140503
-0.00138977
1.9325e-06
-0.0013328
0.00262625
0.00129298
0
0.00126068
0.00247007
0
0
0
-3.13003e-06
0
0
0
0
-0.00211571
0
0.00204543
0
0.00197464
0.000961736
-0.00188911
0.00187293
0.000922518
-0.000910722
0.000890805
0
0.000877192
0
0
0
0.00167104
0
3.72146e-06
0
0
0.00162752
0
0
-0.00156089
-2.4481e-06
0
0.00155175
0.00156065
0
0
-0.00152908
1.26579e-06
0
-0.0014678
0
0
0
0.00143486
0
0
-0.00141514
0
0
0.00280076
0
0
-0.00132775
-0.00259048
0.00127335
0
0.00424829
0.00361132
0.00207759
0.00147722
0
-0.0019565
3.29058e-06
0
0
0
-0.000586002
0
0
0
0
0
0.000438869
0.000421741
0
0
-0.000391866
0.000762868
0
0.000357154
-0.000352307
0
0.00101041
-0.000659209
0.000643964
0.000315575
0
0.00088856
0
0
-0.000279821
0.000551876
0.000829304
-0.000830116
-0.000279796
0.00056297
0
0
4.72366e-06
0
-0.000569837
-0.0005737
-0.000576876
0
0.000581825
0
-0.00118358
0
0.000597867
0
-0.000607795
0
0
0
0
0
0
0
-0.000646882
0
0
-0.000665091
0
-0.000674492
-0.000676103
-0.00068272
0
0
-0.000697373
0.00139726
0
-0.00212079
0
-0.00071496
0
-0.000723456
-0.00144879
0.000728835
0
-0.000734186
0.00146971
0
0
0.00147449
0
-0.00147483
0
-0.00147399
0
-0.00293229
0.00146042
0.00291928
-0.0014527
-0.00144663
0
5.88862e-08
0
0.00142447
-0.00141767
0
0
-0.00138684
0.00137537
0
0
0.00132996
0
0.00129498
0
0.001267
-0.00124768
0.00246053
-0.00120789
-0.00119076
0
-0.00115708
-0.00113786
0
0
-0.00217709
0.00106767
-0.00209678
0
0
0
0.00393008
0
-0.00190328
0
-0.00184484
0
0.00178182
-0.00175796
-0.00173655
0.0017187
0
0
1.80299e-06
0
0
0
-0.00159618
0
-0.00155923
0
-0.00155345
-0.00154817
0.00155057
0
-0.00151731
0.00150172
0
0.00149899
-0.00297926
0
-0.00295287
0.00147712
-0.00144737
0
0.001421
0
0
0
-0.00139714
0
0
0
0
0
-0.00134671
0
-0.0026378
0
0.00254808
0.00249774
0
0
-0.00304879
0
0
0
3.89515e-06
4.02677e-06
-0.000687352
0
0
0
0
0
-0.000904788
0
0.000830158
-0.000403127
-0.00038792
0
0
0.000354993
-0.000345756
0
-0.000328961
0.000634014
0
-0.000619679
0.000611902
-0.00059929
0
0
-0.00055015
0
0
0.00051104
-0.00102402
-0.00051661
0.00103401
-0.000519214
0
0
0
0.000539614
0
0.000541258
0.000543725
0.000545954
0.000544449
-0.000553429
0
0.000562832
0
-4.22123e-06
0
0.0011607
0
-0.000588204
0
0
-0.00120607
0
0
0.000621244
0
0
-0.00126549
0
0.00128225
0.000648289
0
-0.00131211
0
0.00133143
-0.00267437
0
0.00135039
0
0
0.00136646
0
0.00138001
-0.00137975
0
0
-0.00140337
0.00140179
0.00139887
0.00140215
0
0.00140403
0.00139854
0
0
0.00139341
0
-0.00138542
0
0.00137264
0
1.21781e-07
0
-0.00135602
0
0
0
0
-0.00130605
0
0
-0.00253925
0
0
0
-0.00239322
0
-0.00232833
0
0.00225565
-0.00222848
0
0.00216959
0
0
0.00416328
-0.00203673
0.00199689
0
0
0
-0.00376326
0
0.00181631
0
0
0
0
0.00169139
0
-0.00165402
0.00162644
0.00161014
-0.00158695
0
0
0
0
0
0
0
0.0014938
0
-0.0014886
0
0.00438712
0
-0.00289311
-0.00144217
0.00142602
0
0.00282772
0
0.00280114
0
0
0
0
0
-0.00269074
-0.00266266
0
0
0
0
0.00256261
0
0.00505051
-0.00249508
-0.00244824
-0.00240335
-0.00234551
0
0.00264523
0
0.00249549
0.00200337
-0.000832713
-0.000714742
-0.000629149
-0.00114122
0
0
0.000910159
0
0.00165983
0
-0.000775306
0
0
0.000685068
0
0.000646677
0
0
0
-7.80407e-06
0
0
0
0
0
0
-0.000506715
0
0.000483364
-6.49871e-06
0.000486601
0
-0.000494013
0.000498032
0
0
0
0
0
0
-0.000520595
0.000523076
-0.00053056
0.00105761
0
-0.00107711
0.00108748
0.000544579
0
-0.00056369
0
0.000573477
0
0
0.00117591
0
-0.0011897
0
0
0
0.00246667
0.00123845
-0.00125222
-0.00125602
0
0.00128139
0
-0.00129728
3.99145e-06
0
0
-0.00131716
0
-0.00132894
0
0.00134298
0.00134654
0
0
0
-0.00136168
-0.00136101
-0.0013662
0
0
-0.00136294
-0.00136424
0
0
0
0.00268691
0
-0.00132729
0
0.00133041
0
-0.00263101
-0.00260879
0.00260328
0
0
-0.00252876
0
-0.00248433
3.67298e-07
0.00242717
0
0
0.00231546
0
0
0.00221593
-0.00219227
0.00432154
0
-0.00212063
0
0
-0.00404615
0.00197684
0
0
0
0
0.00183657
-0.00180515
-0.00177389
0
0
0
-0.00167161
-0.00329165
0
0.00482552
-0.00159072
-0.00157086
0
0.00308529
0
0
0
0
0.00293375
0
0
0
0
0
3.75659e-07
-0.0028282
0.00281326
-0.00280767
0
0.00275687
0
-0.00274657
-0.00272401
0
0
-0.00265479
-0.00263269
-0.00261602
1.34285e-06
0.00258152
0
0
0
-0.00247813
-0.00247324
0
-0.00487136
2.44723e-06
2.7853e-06
0.00231107
0.00452192
0.00693773
0
0
-0.00468186
-0.00189422
1.03458e-05
0.00135676
1.04297e-05
0.00106868
0
0
-0.000845918
0
-0.000771971
0
0
0
0
-0.000641186
0
-0.000601098
0
0
-0.000554066
-0.000554915
-0.000539139
-0.000531274
0
-0.000510915
-0.000499297
-0.000487465
0.000481854
0
-0.000461849
-7.24375e-06
0.000456169
0.000461732
0
-0.000475591
0
0
0.000981584
0.000990494
0
0
0.00151438
-0.00152662
0
-1.04163e-05
0
0.00105682
-0.00106715
-0.0010778
0
0
0
0.00111102
0
-0.00113131
0
0
0.00116859
0
0
0
-0.0024069
-0.00121571
0
5.17891e-06
0
-0.00124668
0.00125807
-0.00126569
0.00127683
0
-0.0012892
3.4349e-06
0
0
-0.00131193
-0.00132263
-0.00132523
-0.00132587
0.00132572
0
0
0
0
0.00267867
0
0
0.00401565
0
-0.00264855
0
-0.00264047
0
-0.00259706
0
-0.00260045
0
0.00257098
0.005113
-0.0025451
0
0.00250654
0.0024768
0
0.00243186
0.00240971
-0.00238206
0.00234826
-0.00231112
-0.00226724
0
0
-8.59663e-07
0
-0.00211592
-0.00209475
0
0
-0.00200723
0.0019737
0
0
0
-0.00184944
-0.00183131
0
0.00176991
0
0
0
0
0.00164339
0.00161519
0.0031878
-0.00315862
-0.00312816
-0.00309471
0
-0.0061042
0
0
0
0
-0.00290651
0
0
0.00284883
0
0
-4.29324e-07
0.00558258
0.00276127
0.00276996
-0.00274403
-0.00542702
0.00269195
1.44056e-06
0
0
0
0.00261728
0.00259255
0.00256607
1.83886e-06
0
0
0
0
0.00242631
0
0
0.00238052
0.00234566
0.00230861
-0.00224262
-0.00220242
-0.00647742
-0.00424533
0
0.0022615
0
1.17994e-05
0.00127324
0.00111563
0
0.000874593
0
0
0
0.000691817
0
0
-0.000622189
0
0
0.000558967
0
0.000533112
0
0.0010418
-0.000509869
9.56417e-06
9.34233e-06
0.000488829
0.000485788
0.000939392
8.59426e-06
0
0
0.000855694
-0.000436483
-0.000443134
-0.000453217
0
0.00138187
-0.000924861
-0.000932506
-0.000955864
-0.000965064
0
0.000968593
-0.00196303
0.000995234
0.000990012
-0.00200696
0
0
0
0
0.00105425
0
0
-0.00109598
0
0.00222548
0
-0.00113002
0
0
0
0
0.00118441
0
0.00119793
5.39805e-06
0
0.00123065
-0.0012396
0.00124722
0
0
0.00253575
0.00127592
0
0
0.00386545
0
0.00389831
0.00130072
-0.00130079
-0.00260724
0
0
0
-2.8101e-06
0.00262883
0
-1.89555e-06
0
0.0026187
0.00260168
-0.00259273
0
0.00256263
0
-0.00254523
0
-0.00252879
-0.00252226
0.00250097
0
-0.00493706
0
0
0
0
0
-0.0023096
0.00228693
0.00224106
0
0
-1.59371e-06
0
-0.00208477
0.00413472
0
-0.00402862
0.00593807
0
0.00379067
0
0
0.00181105
0.00178963
-0.00351907
-0.00347129
0
0
0
0
0
0
-0.00632848
0
2.13881e-06
0.00307355
-0.00304774
0.00302452
0
0
0
0
-0.00290018
0
-0.00281582
-0.00562994
0.00282315
0
-0.00277443
-0.0027649
-0.00272407
-0.00275135
0.00272244
0.00269022
-0.00267075
0.00535854
0
0
0.00260276
-0.00260975
0
-0.00507192
0.00254143
0
0
0
-0.00482088
-0.00479853
0
0
0
-0.00461989
-0.0045239
0.00438636
0
0
0.00406469
0
0.00220424
0
0.00145202
-0.00121568
0.00102728
0
-0.000811721
0
0
0
-0.000632995
0.000604002
0
0.00112436
-0.000537217
0
-0.000517704
0
-0.00049804
-0.000482078
-0.000968721
0.000971333
0.000492934
0.00143941
-0.000474566
0.000902421
-0.00132592
0.000436485
0
0.000820552
-0.000837025
-0.000828268
0
0
0.000874503
-0.000898061
0.00180257
0.00182104
0
0
0
-1.27104e-05
1.23849e-05
-0.000956715
-0.000975765
0.00195866
0
0
0
0.00101997
-9.91555e-06
0
0
0
0
-8.4026e-06
0
0.00222371
0
0
0
0
0
-0.00117071
-0.00236566
0.00119247
0
0.00241788
-0.0024315
0
0.00245618
-0.00247651
-0.003753
0
0
0
-0.00254981
-0.00255791
-0.00512095
0
0.0025594
4.43554e-06
0.00258043
0.00257829
0
-0.00520412
-0.00519362
0
-0.00260254
0
0
-0.00258119
1.38189e-06
0.00254369
0
0
0.00504125
0
1.32462e-06
0
-0.00247418
0
0.00243269
0
0
0.00236151
0
0
0
-0.00225058
-0.00220342
0
-0.00428101
-0.00210384
0.00415209
0.00204616
0.00203367
-0.00404634
4.14394e-06
-0.00390497
-0.00380793
-0.00747916
0.00369527
0
0.00355605
0.00351099
0.00345645
5.76408e-06
0
0
0
0
0
0
0.00626497
0
0.00613911
0
0.00602883
0
-0.00296142
0
0.00290612
0
0.00578115
0
0.0027985
1.44249e-06
-0.00564207
0
0
0
0
0.00274189
0
0
0
-0.00797296
-0.00528396
0
-0.00259827
0.00261255
0.00513921
0.00507206
0.0050622
0.00504421
-0.00493838
0
5.68799e-06
0.00955072
0
0
0
6.53404e-06
6.825e-06
-0.00434323
0
0.00565013
-0.00396003
0
-0.00215612
0
-0.00136165
0
-0.000961308
0
0.000730612
0
0
0
-0.000556844
-0.000551091
0
-0.000512284
0.000496994
0
0
0
0
0.000461041
0.000461322
-0.000463632
0
-0.000907032
0.000863416
-0.00170352
0.000841415
0
0
-0.000809112
0
0.000828236
-0.000825763
0
-0.00172169
0
-0.000889004
-0.000894341
0.000887692
0
0
-0.000928303
1.26465e-05
0.00094682
-0.000944626
-1.16946e-05
0
0
-0.00098771
-0.0010095
-0.00102069
-0.00102201
0
0
0
-0.00107392
0
-7.97687e-06
-0.00109933
0.00111098
0
-0.00226201
0.00228474
0.00346293
0.0034887
0
0
-0.00239165
0.00240979
0
-0.00243882
0.00245075
0.00247348
0
0
0.00250745
0
0.00253156
0.00253404
0.00253881
-0.00254177
0.00254853
-0.00256508
-0.00511802
0
0.00256746
0.00256328
0
0
0
-0.00253017
0
0.00253558
-0.00251202
0
0
-0.00249626
0
0.00495409
0
0
0
0.00239557
0
0
-0.00699155
0
0
0
0.00663245
0.00217518
0
0.0042277
0.00416398
-0.00823226
0.00404582
-0.00402444
5.48713e-06
0.00393575
0
0.00377468
0.00369272
-0.00366973
0
-6.91171e-06
-0.00693692
0
0.00337102
0
0
0
0
0
0
-0.00311092
0
-0.00302976
0.00299923
-0.00297157
0
0.00293059
0
-2.03508e-06
0
-1.91013e-06
0
0
0.00279636
0.00281037
0
-0.00549147
0
0
0
0
-0.00534944
0
0.00525928
6.32992e-06
0.00523373
0
0
-0.00513909
-0.00506806
-0.00504051
-6.50057e-06
0.00491225
0
0.0047948
-0.00953777
0
0
-0.00465167
0.00915714
7.40173e-06
0
0
-0.00555563
0.00397771
-0.00273592
0
0
1.97094e-05
0
0
0
-1.57028e-05
0
0
0
0.000528813
0.000987476
0
0
0
0.000890162
0.000881094
-0.000870383
-0.00085946
0
0
0
0
0
-2.3018e-05
0.00081166
0
0
0
0
0
0
0.000833252
0
0.00085701
0
0
0
-0.000886824
0
0
0
1.26973e-05
0
0.00186501
-0.000948324
0
0
0.000978903
-0.000979457
0
0.00101228
0.00101389
0
0
0
0
-0.00107755
0.00108923
-0.00110068
0.00220466
0.0044638
-0.00226664
-0.00228795
-0.00230442
0
0
0
0
0.002393
0
0
0
-0.00244399
0
-7.30943e-06
0
-0.00249906
0
-0.00251851
0
0
0
0.00253629
0
0
0.00252724
0.00252927
0.00253982
0
2.69073e-06
0
-0.00250574
0
0
0.00249115
0
0
-0.00243833
-0.00243029
0
0
-0.00236942
0.00468182
0
0.00459754
0
0
0.00441887
-0.00435001
-0.00428677
0
0
-0.00412668
0.00408242
-0.00400743
0.00394182
0.00390958
0.00387419
0.00382052
0
-0.00363817
-0.00361068
0
-0.0034855
8.21625e-06
-0.00335405
0
0
0
0
0
0
0.00310114
0
0.00303209
0
-0.00296009
0
0
0.00288999
0
-0.00572423
0
-0.00284579
0
0
0
0
0
0.0109119
-0.00546803
-0.00546795
0
0.00536302
0.00535098
0
0
7.44287e-06
-0.00518022
0
-0.00515386
0
0.00510004
0
-0.00995039
0
-0.00487043
0
0.00478228
0
0
0.00462265
-0.00458796
8.0136e-06
0.00432646
0
0
0
0.00262068
0
0
0.00116375
0
0.000785055
0
0.000589034
0
0
0
0
-0.000946512
0.000895597
0
0
-0.000875718
-0.000858113
3.1148e-05
0.000832883
0
0
0
0
0
-0.00154817
0
0
0
0
0.000776919
0.000787947
0
0
0.00082136
0
0
-0.000845969
0
0
0
0
0
1.25851e-05
-0.000901392
-0.000922394
0
-0.00092977
0
0
0.00097276
-0.00194758
0
-0.00100628
0
0
0
0
0
0
0.00215263
-0.00218933
-0.00220997
-0.00222042
0.00223928
0
0
0
0
-0.00234196
-0.00237343
0.00238309
-0.00239304
0
0.0048468
0
-0.00244651
-0.00244956
0.00494085
0
0
0.00247906
-0.00249356
0.00249688
-0.00250294
0
0
-4.29461e-06
-0.00250591
-3.71243e-06
0
3.33045e-06
0.00247873
3.15106e-06
0
0
-0.00246588
0
0
-0.0048106
-0.0023948
0
0
0
-0.00462425
0
0
0
0
-0.00872457
0.00427782
9.18564e-06
-0.0041638
0
0.00406915
0
-0.00395735
-0.00389307
0
-0.00381312
-0.00753394
0
0.00359997
0.00710043
0
0
0.00676601
9.25586e-06
0
0
0
0.00315557
0
0
-0.00611522
-0.00303412
-0.0030005
0
0
0.00287467
0
0.00283762
0
0.00282634
0
0.00562441
0.00558522
-0.00547752
0
0
0
-0.00541135
8.31762e-06
0.0054244
0
-0.00534327
0
0
0
0.00521341
0
0.00515516
0.00513539
0
-0.00506094
0.00503702
8.49034e-06
0.00492423
8.45804e-06
0
-0.00479115
0
0
0
0.00456891
8.64615e-06
-0.0087271
0
-0.0050049
-0.00328348
0
0
0
0
0
-0.000736271
0
-4.02441e-05
-0.00103283
0
0
0
0
-0.00172141
0
0
0
0
0.00161283
0
0
0
0.000766857
0
0
0.000781845
0
0.000761342
0
0
-0.000802377
-0.00159928
0
0
-0.000829917
0
0.00082634
0.000847468
-0.00083988
0
0
0
0
0.000889577
0.000897834
0
0
0.000925359
0
0
0
0.0019364
0
0
0.00198684
0
0.00202947
0
0
0
-0.00213065
-0.00214059
0.0021578
1.36453e-05
-0.00221599
0
0
0
0
0.00230659
0.00231412
-0.00234811
0.00236722
0.00237295
-0.00239346
0
0
7.98863e-06
-7.6115e-06
0.00243558
-0.00244372
-6.70676e-06
0.00246159
-0.00492407
0.00247019
0
0.00246806
-0.0024756
0
-0.00247436
0
-0.00246236
0.00244687
0.00244361
-0.00486335
0
0
0.00482426
0
0.00474499
0.0047156
0
0.00464623
0
0
-0.00449785
0
0
0
1.07435e-05
-0.00423062
0.00417978
0.00412726
0
-0.00802357
0.00395845
0.00389918
-0.00383592
0
0.00374247
0.00370012
0.00361182
0
-0.00348312
0
0
-0.00666243
0.00327839
0
0
0
-0.00309874
0
0
0.00299829
0.00298222
0.00589721
-0.00581509
0.00574405
-0.00284842
0
-0.00564605
0
0
0
-0.00554694
-0.0110614
0.00545328
0.00542691
-0.0054127
-0.00539485
0.00538504
9.6326e-06
0
0
-0.00531758
0
0.00526458
0
0
-0.00518117
-0.0103382
0
0
0.0100326
-0.00501364
0.00497569
-0.00494906
0.00487067
0.00483895
0.0096134
0
0
0
-0.00457655
0.00452153
0.00441977
0
0.00460369
0.00301542
0
0
0
0
0
0
0
-0.00111347
0.00102733
0
0
-0.000825472
0
0.00161547
-0.000780106
0
0
0
-0.00080035
-0.00076612
0
0
-0.000787705
0.000761586
0
0
-0.00077864
-0.000803107
0
0
0
0.00082226
0
0
-0.000822631
-0.000828789
-0.00084883
0
0.000859643
0
0
0
-0.00174377
0
-0.00177331
0
0
-0.00182743
0
-0.00186412
0.0018849
0
0.00192753
0.00194767
-0.00198739
0
-0.0040342
0
0
0.00206359
0
1.46709e-05
-0.00215211
1.37855e-05
0
0
0
0
0.00224799
0
-0.00228749
0
0
-0.0023585
-0.00236197
0
0
0.00237967
-0.00477624
-8.0158e-06
0.00241389
-0.00242448
0.0024248
0.00243472
0.00242428
0
-0.00729376
-0.00487707
0
0
0
0.00972927
-0.00483309
0.00480713
0.00481982
0
0
-0.00476843
0
0
-0.00465263
0
-0.00459216
-0.00452236
0
0.00443639
0
0
0
0.00849427
0.0041724
0
0
0
1.07362e-05
-0.00784017
0.00384473
0.0038055
0.00373375
-0.00738373
-0.00362467
-0.00357183
0
0
0
0
0.00655962
0.00324383
0.00319531
0
0
0
0
0
0
0
-0.0057992
0.0057536
-0.00570434
0
0
0
-0.00557959
0
0
0
0.00548522
0
-0.0108256
0.00537806
0.00536269
-0.00535322
1.08348e-05
0
0
0.0106048
0
-0.0104165
-0.00515395
0
0.00517361
0.00516982
0
0
-0.0100461
0.00499617
0.00496405
0
0
-0.00486066
-0.00482318
0.00476966
0
0
0
0
0
0
0
-0.00546691
0
0
-0.00206833
0.00165072
0
0.00117979
0
0
0
0
0
0.000773225
0
-0.000730307
3.76077e-05
0
-0.000711981
0
-0.000724316
0.000755746
0
0
0
-0.000762926
0.000746724
0
0.000778008
0
0
0.000775217
0
0
0
-0.000796601
0.000815063
0.000820526
0
0
0
0
-0.00166616
-0.00168227
0.00338998
0
0.00173596
0
0
0.00178903
0
0.00181823
-0.00365297
0
-0.00372698
-0.00188321
0
0
0.00193393
0
0
-0.00199603
0.00202168
0.00205117
0.00204199
0.00416058
0.00210453
0
0
0
-0.00214089
0.00213418
0
0
0
0
1.05008e-05
0
0
0
0.00455818
-8.91253e-06
0
-0.00460374
-0.00231182
0
-0.00688108
0
0.00464031
0.00468188
-0.00470861
0
0
-0.00462565
0
-0.0045959
0
-0.00455832
0.00456495
0
0
0.00452882
1.27634e-05
0
0.00438885
0.00434883
-0.00425552
0
0.00423658
0
0.00412308
-0.00407903
-0.00400979
0
0
0
0.00383241
0.00756426
-0.00742507
0
-0.0035914
0.00713392
1.10025e-05
-0.00343962
0.00335173
-0.00328784
0
0
-0.00316099
-0.00314711
-0.00308785
0
0
0
0
0
0
-0.00563964
0.00559743
0.00557705
-0.0055366
0
0
0
0.00544161
0.00542642
0
-0.00538302
0
0
0.0106615
0
0
0.0052551
0.0105291
0
0
-1.24089e-05
0.00518854
1.20644e-05
1.18042e-05
0.00506129
0.00508362
-0.00507639
0
0
0.00500649
-0.00497326
-0.00987906
0.0049153
0
0
0.00956979
-0.0142231
0.0093569
0.0092405
0
-0.00901737
0
0
0
0.0105696
0.00351519
0
0.0039626
-2.97564e-05
-0.00133286
-3.24259e-05
0.00102259
0
0
-0.000771483
0
-0.000733692
0
0
0.00150316
0
0.000778041
0
0.000794225
0
0
0
0
0
-0.0016412
0
0
0.000839662
0
-0.00171238
0
0
0
-0.000853435
0
0
-0.00174939
0
0
0.0017755
2.25559e-05
2.22196e-05
-0.001841
-0.00183108
0
0
0
0
0
0
0.00387011
0.0019382
0.003977
0
0
0
0
0.00206467
0
0.00210779
-0.00214334
0
-1.37404e-05
-0.00433219
-0.00442255
0
-0.0022004
0
0
-0.00224135
0.00226561
0
0
0
1.05909e-05
0
0
0.00231741
-0.00238455
-0.00723355
0
0.00947674
-0.00475626
0
0.00474593
0
0
0
1.40774e-05
0
0
0.00478555
0
0
0
0.00467554
-0.0093951
0.00467674
0.00468239
-0.00461555
0.00453849
0
-1.42337e-05
-0.0043688
0.00434144
-0.00430943
-0.00433297
-0.00424795
-1.4626e-05
0
0
-0.00398131
0
0.00388872
-0.00386314
-0.00381014
1.19848e-05
0
0
-0.00361046
1.18751e-05
0.00346638
-0.00339071
0.003325
0
0
0
0
0
0
0
0
0
0
0.00578897
0.00572959
-0.0113311
-0.0112495
0.00558204
0.00552663
0
0
0
-0.0109463
0
0.00545229
0
0
-0.0054129
-0.00537107
0
-0.0106977
-0.010667
0
0
-0.00527541
-0.0052462
0.00521185
1.27316e-05
-1.25255e-05
-1.24406e-05
1.24684e-05
0
0
0
0
0.0049824
-0.00495087
0
0
-0.009609
0.00948595
-2.29753e-05
-0.0092846
0
0.00908119
0.0089248
0
0
-0.00537096
-0.00357952
0
-0.00379884
-0.00304874
2.20379e-05
-0.00113966
-0.00196419
0.000850153
0.000810954
2.93139e-05
0
0.000787365
-0.00075242
-0.000756872
-0.000787987
0
0
0
0
0
0
0
0
-0.000867984
0.000897349
0
-0.000909354
-0.000925191
0
0.00184461
0
0
0
0.00187366
0
0
0.00192311
-0.00191566
0
-0.00194426
0.00387077
0.00196542
-0.00195444
2.00423e-05
-0.00193921
0.00195776
-0.00196846
0
0
0
-0.00203421
-1.72785e-05
-0.00211183
0
0
-0.00208594
-0.00208251
-1.48462e-05
0
-0.00439498
-0.00220533
0
-0.00224141
0.00448418
0.00226562
0.00228631
0.00229489
0
-0.0023337
0
-0.0023847
0
0.00244829
0.00237615
1.07761e-05
0
0.00240012
-0.00241604
0
2.02944e-05
-0.00487003
-0.00486613
0.00496256
0
0.00489556
0
0
0.00505108
0.00501928
0
-0.00494005
-0.00995052
0
0
0
0.00473045
0.00481556
-0.00944205
-0.00931445
-0.00455387
-0.00453401
0.00452615
-0.00449444
0.00440131
0
0.00441616
0
0.00434043
-0.00429249
0
0
0.0040292
0
-0.0078016
1.26112e-05
0
0.00384284
0
0
-0.00356913
0.00353796
0.00343721
-0.00683537
-0.00676685
0
0
0
0.00641179
0
0
0
0
0
0
-0.011659
0
0.011279
0.0056218
0
-0.00554096
-0.00556022
0
-0.00549208
0.00550447
0
0
0
0
-0.0054614
0.0108673
0
0.00540092
0.00538575
0
0
0
0
-0.00524001
0.0104606
-0.00519937
-0.0103365
0.00515079
0.00511869
0
0
0
0
0
0
0
0
0
-0.0187106
0
0
0.00907119
-0.00897637
0
0
-0.00525817
0
0
0.0018307
0.00148702
0.00249574
0.00109506
0.00101196
-0.000932536
-0.00171966
0.000802327
0
0
0.00155554
0.000802346
0
0
0
0
0
0
0
0
0.000903572
0.000944815
-0.000952771
0
0.000979916
0
-0.000974108
-0.000996429
0
-0.000982749
0
0
0
0
0
0.00207674
-0.00206665
0
-0.00208105
0
0.00424152
0.00211753
0.00210194
-0.00422256
0.00215542
0
0
0.00217029
0
-0.00434958
-0.00220551
0
0
0.00443196
0.00222772
-0.00226286
0
0.002275
0.00231022
0
0
-0.00233682
0.00229581
-0.00234406
0
0
1.26739e-05
0
-0.00248259
0.00251914
-0.0025222
-1.10537e-05
0.00479295
0
-0.00246197
0
0
0.00501658
0.00505311
0
0.00509283
-0.00494574
-0.00497053
0
0
-0.0102153
0
0
0.00504566
0.00495124
0
0.00487608
0.00499898
-0.00968755
0
0.00483246
0.00473667
1.67688e-05
1.6808e-05
-0.00457352
0
0
0
0.00444628
0.00447732
0
-0.00432698
0.00423345
0
0
0
0.00386411
0.00391029
0
0
0.00375605
0
0.00357182
0
-0.00344774
0.00698106
0.00702496
0
0.00648503
0
-2.43421e-05
0
0
0.00620661
-0.00614409
0.00605823
0
0.0117817
0
-0.00570038
-0.00565788
0.00561295
0.00556196
0.00561964
0
0.00555964
0.00556687
0.0055867
0
0
0
0.00554977
-0.00547366
-0.00544324
-0.00539484
0.00540886
0
0
0
0
0.00528624
-1.43813e-05
0.00522571
0.00521185
0
-1.38253e-05
0.00512525
-0.00509152
-0.00505191
0
0
0
0
0.00966969
0
0.00939008
0
0
-0.00906486
0
0
0
0.00530366
0
0
-0.00181586
0
-0.00127945
-0.00113819
-0.00101775
0
0.000900088
0.000842657
0
-0.000823124
-0.000833357
0
0
0
0
0
0
0
0.000906087
0
-0.00194372
0
0.00102641
-0.00103445
0.00104528
-0.00105344
0.00107867
0
0
0.00108877
0.00108888
0.00109332
0
0
0
-0.0011006
0.00222992
-0.0022133
0
0
-1.7574e-05
0
0
0.00447936
0.00226871
0.00228039
0
-0.00228317
0
0.00229409
0.00230906
0
0
-0.00233555
0
0
0
0
-0.00239044
0.0024334
-0.00243984
0
-1.21874e-05
0
-0.00245037
0.00250627
0.00250321
0
0.00256766
-0.00260656
0
-1.13585e-05
-1.13229e-05
0
0
-0.00256727
0
0.00258495
0
0
-0.00517223
1.94162e-05
-0.00511447
0
0
0.00517622
0
0
0
0
0
-0.0100779
-0.00509552
0.0049518
0
-0.00488301
-0.00491511
0.00960805
0.00471857
0
-0.00456716
0
0
-0.00447981
-0.00448827
0
0.00869868
-0.00426368
0
0.00408373
0
0
0
0
-0.00387936
-1.26336e-05
-0.00357797
0
0
-0.00343934
0
-0.00350266
0
-0.00661713
0
-2.32467e-05
0
0
-0.00623155
1.9709e-05
-0.00626308
0
-0.0121792
0
0.00590244
0.00579791
-0.00568646
-1.27105e-05
0
0
-0.0056302
-0.00569883
-0.00574719
-0.00572696
0
0.0056687
0.00563203
-0.00548198
0.00547746
0.00542126
-0.00542727
0
0
0
-0.00532976
0.00530305
-0.00530349
-0.00527747
0
0
-0.00519973
-1.39128e-05
0.0102414
0.00508284
0
0
-0.00493841
0
-0.009701
-0.00478567
0
0.00925868
0
-0.00905781
-0.00897418
-0.00871083
0
0
0.00324654
0
0.0019208
-0.0016168
0
0
8.26785e-06
0
0
-0.000956185
0
0.000942818
0.000942685
-0.000949722
0
0
-0.000977766
0
0
0
-8.19462e-06
0
0.00212533
0
0
0.0011219
-0.00113024
0.00114927
0
0
0
0
-0.00118929
-0.00118931
0
-0.0011762
0
0.00118032
-0.00117151
0.00235516
0
0.00117499
-0.00355226
0
-0.00235968
-1.52218e-05
-1.48213e-05
-0.00478111
0
0.00236992
0
0
0.00239904
0
0
0
0.00243984
0
-0.00245445
0
0.00248925
-0.00251963
1.17921e-05
0
-0.00252709
0
0.00256641
-0.00262219
-0.00259683
0
0
-0.00265943
0
-0.00263089
-0.00259759
0.00262073
0
0.0026554
0
-0.00534352
0
0
-0.00264403
0.00784497
0.00528888
0.00263799
0
0
-0.00525568
0
0
-0.00523713
-0.00513535
1.77299e-05
0
0
0.00507684
0.00497956
1.84162e-05
-1.8212e-05
0
0
1.75906e-05
0
0.00460704
0
-0.0045266
0
-1.47217e-05
-0.00432739
-0.00434469
-0.00415593
0
0
0.00401911
0
0.00391587
-1.3031e-05
0.00368046
0
0
0.0035373
-0.00350784
0.00350505
-0.0034775
0
0
-0.00972847
-0.00316589
0
0
0.00619029
0
0
1.59884e-05
0
-0.00607191
0.00597142
0
-0.00580717
0
-0.00569311
0.00570324
0
0
1.49053e-05
0
-0.0114974
-0.0113952
0.00557286
0
0.0054606
0
0
0
0
0.00536293
-1.51848e-05
0.00532029
0
0
0
0.0052076
-0.00518234
-0.0102656
0
0.00503967
0.00498869
1.2502e-05
0.00489879
-0.00483473
0.0047997
0
-0.0139075
-0.00461586
0.00909982
0.0134486
0.00871762
0
0
-0.0016813
0
0
0.00276138
0
0
0.00146317
0
0
0
0
0
-0.00119292
0.00119625
0.0011952
0
4.03616e-06
0
0
0
-0.00114316
0.00114796
-0.00237995
0
0
0
0
0
0
0
0
-0.00121769
0
0
0
0.00125203
0
-0.00122637
7.11902e-06
0.00121575
0
-7.12104e-06
7.0637e-06
0
0.00245919
-0.00246138
-0.00368517
0.00246791
0
-0.00246919
-0.00123531
0
-1.14491e-05
0
0.00251244
0
-0.00254367
0
0.00256217
0
0
0
0.0052596
0
0
0
0
0.00266018
0.00266524
0
0
0.00272898
0
0.00269624
0
-0.00538976
0
-0.00270761
0
0.00273538
0.00268267
0
0.00273269
-0.00268366
0
-9.35982e-06
-0.00271107
-0.00266997
0.00270068
0
-0.00264974
0.00534683
0.00527139
0.00531917
0.00262485
0
-0.00512039
0
0.0050185
-1.8315e-05
0.00483048
0
0.00480372
0
-0.0047904
0
1.50387e-05
0
-1.4507e-05
1.42139e-05
0.00447553
0
0.00425044
0
-0.00410245
0
0.00398815
-0.00798165
0.00387542
0
-0.00371557
0
0.00717407
0
0.00349231
0
0
0.00330894
0.00325125
0
-0.00312543
0
0
0
0.00619892
0
0
-0.00597895
-0.00298106
0
0
0.00581273
0
0
0.00573894
0.00580946
0
0.00576814
0.00569644
-0.00562036
0
-0.00553597
0
0
0
0
0
-0.00538375
-1.47599e-05
0
0
0
-0.00522805
0
1.33963e-05
0
-0.00503745
-0.00497222
0.00985159
-1.20666e-05
0.00482243
0
-0.00467938
1.28495e-05
0.00458784
0
-0.00444898
0
0
0
-0.00157231
-0.00122481
0
-0.00218428
0
0
-0.000957722
0
0
0
0
0
0
0
-0.00213713
0
0.0006758
-0.00132082
-0.00131383
0
0
-0.00125652
0.00250538
0.00125006
0
0
0.00122723
0
0
-0.0012508
0
0.00124273
0
0.00124458
0
0
0.0012537
0.00124255
0.00123484
-0.00123627
0
-0.00123857
0.00248466
0
0
0
0.00124447
0
0
0
5.06359e-06
-0.00126374
-0.00254648
0
-0.00129147
-0.00128869
0
-0.00130372
0
0.00130974
0
0
-0.00267903
-0.00266714
0.00267859
0
0
-0.00271949
0
0
-0.00274291
0.00275789
-0.00273763
-0.0027652
0
0.00275844
-0.00276771
0.00551177
0
0
-0.0027738
0
0.00277896
0
0.00275662
-0.00277262
0.00273981
0.00273514
9.2923e-06
0
0.00272171
0
0
-0.00269646
-9.10033e-06
0.00258606
0
0
0.00254101
-0.00779587
-0.00249458
0
0
0
0
0.00238878
0.00461716
0.0046497
-0.0045864
0.00462974
0.00457267
0
-0.0086933
-0.00423272
0.00410018
0
-0.00406243
1.26335e-05
-0.00394948
0
0.00745917
0
-0.00363368
0.00358964
0
0
0
-0.00342131
-0.00336126
0
8.09048e-06
-0.0031601
-0.00313175
0
0
-0.003028
0
0.00299379
0.00297399
0
0
0
-0.0029102
-0.00292689
-0.0058136
0
0
0.00287095
0
0.00565695
-0.00280837
0
0
0
0
-0.00542335
0.00540057
-0.00538132
-0.00536819
0.00531469
0
0.00523298
0
-0.00513477
0.00510017
0
0.00499002
0
-0.00487826
-0.00482062
0
-0.00470537
1.21059e-05
0.00912056
0
-0.00443168
0
-0.0042439
0
0.00203516
0
0.0014916
0
0.00140616
-0.00133377
-0.00124509
0.00115278
0
0
-0.000912868
0
0
-0.000781638
0
0.000724393
-0.000698466
0.000675389
0.00132884
0.000660495
0
0
0
-0.00182277
-0.00121916
0
0
-0.00180788
0
0
0.00122291
0
0
0
-0.00121083
0
0
-0.00122572
0.00120889
0
0
0
-0.00121854
-0.00246924
-0.00122421
0
0.00123463
-0.00123306
0
0
-0.00124792
0.00125544
0.00252229
-0.00126358
0
-0.00128508
0.0012939
0.00129843
0.00131251
0
-0.00132359
-0.00132771
0
-0.00134325
0.0040519
-0.00406788
0
0
0
0
0
0.00417364
-0.00279106
0.0027782
0.00138977
0
0
0.00419254
-0.00279466
-0.00278577
0
0.00279657
0
-0.0056142
-0.00279348
-0.00558964
0
0
0
9.16243e-06
0
0.00275649
0.00274626
0
0.00273911
-0.0026994
-9.06743e-06
0
-0.00262643
-0.00260316
0.0026409
-8.4541e-06
0
-0.0024692
0
-0.00242715
-0.00485206
0
-0.00237349
0
0
-0.00230656
0.00223186
0.00443562
0.0042906
-0.00418614
0
0
0.00403581
0
0
-0.00380874
0
0
-0.0036212
0
0
0
0.00350383
0.00343847
0
0.00664132
0.00654439
0.00322172
0
0
0.00616564
0
-0.00304461
0.00300245
0
0
-0.00296364
0.00293951
0.00294223
-0.00290985
0
0
-0.00573477
0.00284164
-0.00282215
0.00281027
-0.00277839
-0.00274346
0
0
0.00541583
-0.00806884
0.005366
0
-0.00791775
-0.00260781
-0.00519532
0
0.0076292
0
0
-0.00492714
0
0
0
0.00466992
0.00463634
0.00457898
-0.00448902
0
0.00435608
0
0.00832069
0
-0.00219298
-0.000946193
-0.000880346
-0.000802896
0.000727626
0.00133347
0.00176431
0
0
-0.000434074
0.000403108
0
0.000362208
0.000695499
0
0
0.00062944
0
0
0.000602399
0
0
0.000563683
4.986e-07
0
0
0
0.000565021
0
0
0
0
0
0
-0.000572036
0
0
0
-0.00115449
0
0
0
0.00176604
0.0011791
0.000592223
0
-0.00120205
0.00120922
0.000605556
0
0.00182513
0
-0.00123172
0.00185907
0
0
0
-3.44935e-06
0
0
0
3.81182e-06
0
0.00133638
-0.00134181
4.14513e-06
0
0
0
0
0
-0.00138795
0
-0.00138224
-0.00277551
0.00138926
0.00139154
-0.00139905
-0.00139913
0.00140806
0
-0.00421219
0
0.00282175
0.00422532
0.00281001
0
0
0
0.00418592
-0.00138944
-0.00278607
-0.00139103
0
-0.00137007
0
-0.00271563
0
0.00133408
0
0.00131563
-0.00385137
0.00252984
0.00250656
0
0.00245473
7.08671e-06
-0.0024012
-0.00238319
0
0.00233266
-0.00229773
-0.00226111
0
0
-0.00213411
-0.00210943
0
-0.00203366
0.00200249
0.00197133
0
0
0
0
0
0.00177569
0.001751
0
0
0
-0.00168407
-0.00331871
0
0
0.00158132
-0.00312486
0
0
-0.00305516
0
0
0.00444944
-0.00146851
0
0.00145369
0.00144067
0
0.00284273
-0.00282345
0.0056072
0.00278645
0.00277432
6.89918e-06
0
0
0
0.00265315
0
0
0.00259382
0.0051388
0
-0.00252303
-5.76002e-06
0
-0.00242504
0.00239935
0
0
0
-0.00456074
0
0
0
0
0
0
-0.00606322
0
0.000586482
0.000486659
0.00109117
0.000640183
-0.000568204
0.000251287
-0.000237567
0.000211704
0
0.000357254
0.000337777
0
1.29539e-07
0.000300825
0
0
0
0
-0.000270912
-0.000271702
0
0
-0.000260531
0.000260688
0
0
0
0
0
0
0
0
0
0
0.00081248
0
0
-0.000275417
0
0
0
0
-0.000280413
-0.000278269
0.000563246
0
0
0
-0.0005811
0
-0.000585279
0
-0.000296312
-0.000599828
0
0.000612278
0
-0.00124977
0.00062873
0
0
0.00128884
0
-0.000652181
-0.000653837
0.00198344
0.000667458
0
0.000672555
0
0
0.000683799
-0.000684245
0.00137181
0.00137455
-0.00206812
-0.00138448
0
0.00139547
0.000700447
-0.00069786
0.000701433
0
0
-0.0021013
0
0
0
-0.000694855
-0.00139458
0.00139222
-0.000693605
-0.0020745
0
0.00137147
0
0
0
0.00133059
0.000657377
-0.00130815
0.00128614
-0.00254913
0
0.00123781
0
0.00244085
0.0036196
0
0
-0.00117134
-0.00114533
0
0
-0.00109678
0.00216036
0.00318452
0
0.00204833
-0.00201491
-0.0019759
0.000963806
0
0
0
0
-0.00266346
-0.00175192
0
0.000854984
0
-0.00251413
0
0.000809731
0
-0.00158598
-0.000780985
0
0
0
0.000748238
0
-0.000739199
0.00219018
-0.000719589
0.00144144
-0.00142197
0.00141348
0
0
-0.00276649
-0.00276757
-0.00137355
0.00268238
0
0
0
0
0.00129708
0
0
-0.00378698
0
0.00248585
-0.00244168
0
0.00237619
-0.00232712
-0.00114671
-0.00112321
0
0.00110351
0
0.00109165
0
0
0
0.000996344
0.00194402
0
-0.000442274
0.000300313
-0.000249161
0
0
-0.000209094
-0.00019638
-0.000183352
0
0
0
0
-0.000277629
-0.000272571
0
0
0
0
0.000251563
0.000251429
0
0
-0.000244454
0.000245336
0
0
0
0
0
0
0
0
0
0
-0.000259909
0
0
0.000266244
0
0
0
0
-0.000267904
0.000268873
0
0
0
0
0
0
0
0
0.000288879
0
0
-0.000599087
0
0
-0.000616841
0
0
0
0
0.00064299
0.000642824
-0.00065324
-0.000662443
0
-0.000667935
0
0
-0.00068238
0.000683726
0
0
0.000686358
0
0
0
0.000699787
0.000701075
0.000699795
0
0
0.000703103
0
0
0
0.000701863
0
0
0.000701047
0.000698769
0
0
0
0
0
0
-0.000666102
0
0
0
0
-0.00125758
0
0
-0.00122013
0
0
-0.00118275
0.00116216
0
0
0.00111472
0
-0.00107686
0
0
0
0
-0.000978658
0
0
0
0
0.000898932
0
0
-0.000859333
0
0.000846205
0
-0.00080552
0
0
0.000788604
0
0
0
-0.000749924
0
-0.000738493
-0.000731857
0.000723528
0
0
-0.00141393
0
0
0
0
0.0013851
0
0
0
0
0
-0.00129752
0
0
0.00125817
0
0
0
0
0
0
0.00113267
0.00110499
0
-0.00109295
0
-0.00107601
0
0
0
-0.000975106
0
0.000735106
0
0.000370002
0.000347247
-0.00035331
0
-0.000359296
-0.00034556
0.000330157
0.000314202
0
0.000288719
0
0
0
-0.000259174
0.000254155
0
0
0
0
0
0
0
0
0
-0.0002416
0.000241125
0
0
-0.000242509
0
0
0
-0.000250041
0
0
0
0.000523594
0
0
0
0
0
0.000524556
0.000528421
0
0
0
0
0
0
0
0
0
0
0
0.000592173
0
-0.000601756
0
0
0
0
-0.000627226
0
0
0
0
0
0
0
0
-0.000670942
-0.000665526
0
0
0.000674733
0
0
0
0
0
-0.00137806
-0.00137582
-0.00137751
0
0
0
-0.00137791
0
0.00137868
0
0
-0.00136187
0
0
0
0
0
0
0
-0.00126963
0
0
0
-0.00121897
0
0.001187
0
0
0
0.00112708
-0.00111364
0
0
0
0
0
0
0
0
0
0
-0.00181086
0.00177974
0
0
0
-0.00167031
0
0
-0.00159942
-0.00156208
0
0
0
0.00148564
-0.00144582
0
0.00143439
0
0
0
0.00136794
0
0
0
0
0
0
0
0
0
0.00122344
0
0.00122242
-0.00120279
0
-0.0011857
0
-0.00115032
0
0.00112362
0
0
0.0010953
0.00106903
0
0.00203038
0
-0.00197419
0
0
0
0
0
0
0
0.0017101
0.00032011
0.000655957
-0.000278056
-0.000272801
0.000856985
0
-0.000302052
0.000908186
-0.000293076
0.000279718
0
-0.000264169
0
0.000495982
0
0.000240817
-0.000237853
0
0
0.000464785
0
0
0
-0.000446591
0
0
0.000226826
0.000230761
0
0
0.000228888
0
-0.000482268
0
0.000240929
-0.000489618
-0.00100361
0
-0.000511141
0.00101674
0
0
0
0
-0.000510813
-0.00154666
-0.00105309
0
0
0
0
0
0
0
0
0
0
-0.000585367
0
-0.00059221
0
0
0
0
0.000619285
0
0.00125949
0
0.00127769
0
0
0
0
0.00199439
0.00196442
0
0.00131876
-0.000667888
0
0
-0.00272238
0.00270674
0
0.00137214
0.00136886
0.00137857
0
0
0
0.00414117
0
-0.00413581
0
-0.00272363
0.00407292
0
0
0
0
0
0
0
-0.00126094
0
0
-0.00245445
0.00122146
0
-0.00118755
0
0.00231717
0.00228748
0.00112408
0.0033311
-0.00218456
-0.00214884
0.00210642
0
-0.00204743
-0.00199228
0.00194718
0
0
0
0.00179175
-0.0017578
0.00343458
0
0
0.00493564
-0.00322058
0.00319564
0.00157584
-0.00154385
0
-0.00298942
0.00293526
0.00145597
-0.00141684
0
0.00139978
-0.00274697
0
0
0.00134098
0
0.00260786
-0.00260057
0
0
0
0
0
0.00244172
-0.00119853
0
-0.00118939
0.0011719
0
0.00115165
0
-0.00111806
0.0021995
-0.00109204
-0.00214398
-0.00210902
-0.00105283
0.00103193
-0.00202695
-1.72369e-06
0
0.00193871
0
0
0.00369993
-0.00367444
0
-0.00351574
0
0.00166639
-0.00072899
-1.02694e-05
0
0
-0.000506573
0
0.00110577
-0.00109333
0
-0.000519195
0
0
0
-0.000471359
-0.000920562
0
0
0
0
-0.00133134
0
0
0
0.00128753
0
0.000864108
-0.000874619
-0.00133276
0
0
0
0
0.00139445
0
0
-0.000479972
0.000988562
0
0
-0.00196819
0.000981392
-0.000983838
0
0
0
0.00101498
0.00103902
0
0
0
0
0
0
0
-0.00112458
0
0
0
-0.00233353
0.00117144
0
0
0
-0.00243752
0.00243545
0
-0.00125437
0
-0.0012626
0
0
0
0.00261575
-0.00390541
-0.00384618
0.00257561
0.00129056
0
0
0
0.00539888
-8.12407e-06
-0.00267576
0
-0.00269476
0
0
0
0.00270195
-9.34981e-06
0
0.00272824
0
0.00269767
-9.23811e-06
-0.00266819
0
0
0
0
0
0.00503251
-0.00247883
-0.00494554
0
0.00725518
0
0
0
0
-0.00683381
0.00224238
0.00221564
-0.00218063
0.00214597
0.00210964
0.00205647
0
-0.00199478
0.00194732
-0.00190525
0
0
0.00356228
0.00347925
0
-0.00333733
0
-0.00323046
-0.00317013
0.00311393
-0.00308036
0
0.00299036
0
0.00288145
-0.00282653
5.47082e-07
-4.61717e-07
0.00272584
-0.00270779
3.7948e-07
0
0
-8.45913e-07
0
-0.00249905
-0.00248329
0
-0.00482772
0
-0.00476801
0
-0.00234925
0
0
0
-0.00447095
0
0
-0.00432147
-0.00213661
-0.00630027
0
-0.00204174
0.00200806
0
-0.00590829
0.00194514
0.00192331
0
0
0
0
-0.00356714
0.00348769
0
0.00338547
0
6.76429e-07
0.0011789
-0.000518006
0
0
-0.000956083
0.000977113
-0.00149126
0.00148366
-0.000969514
-0.000952974
0
0
0
-0.000898334
0.000864135
0.000852169
0
0
-0.000865246
0.000835353
0
0
0
-0.000824865
0
-0.000833709
0.000839193
0.00084191
0
0
0
0
-0.000886332
0
0
0.000918504
-0.000964036
0.000966914
0
-0.000960352
-0.000958335
0.000968485
0
0.00200287
0
-0.00201355
0
0
0.00207293
0
0
-0.00213127
-0.00209448
-0.00213239
0.00332973
0
-0.00224823
0.00230791
0.00231776
0
-0.00234109
0
-0.00239463
0.00239009
-0.00238828
0
0
0
0
0
0
0
-4.9761e-06
5.37086e-06
0.00251599
-0.00254611
-0.00254539
0.00259522
0
0
-0.0026656
-0.00263454
0.00264061
0.00530368
0.00265885
0
0
0
-0.00266302
-0.00268263
0.00531984
0.00535964
0
-0.00530135
0.0026213
-0.00262006
0
0
0
0
0
-0.00494698
0.00488629
1.53189e-05
0
-1.41064e-05
-0.0046947
0
0
0.0045062
0.00447554
-0.00440701
-0.00436522
0
0
0
-0.00403457
0
0.00389437
0
0
0
0
-0.00346761
-0.00338708
-0.00331176
0
-0.00636482
0.00312916
-0.00609895
0.00601173
0
0
-0.00578382
0
-0.00556262
0.00544793
-0.00267708
0.00790095
0.00262937
-0.00521772
-0.00256465
0
-0.00503482
0.00248433
0.004876
0.00479536
0.00474454
0
0.0046334
0
0.0046045
0
0
0.00444673
0
0
-2.42496e-07
0
0
0.00412914
-2.7305e-07
0.00402363
0
-4.21261e-07
0
-0.00381538
0.00377536
0
-0.00740033
0
-0.00359803
0
0
-0.00689656
0
-0.0066391
0.00651932
0.00636676
-0.00930821
-0.00214177
0
0.000981527
0
-1.6215e-05
3.99555e-06
0.000901732
-0.000893577
0.0017591
0.00173039
0.000852084
0
0
-5.1287e-06
-0.000803867
-0.000782068
0
0
0.000785751
0
-0.000765973
0
0
0
0
-0.00158766
0
0
0
-0.00157432
0
0
0.00170543
-0.00172367
0
0
0.000914079
-0.000908346
0.00183111
0.0018642
0
0
0
-0.00197588
-0.00200382
0.0019795
0.00202973
-0.00204598
-0.00205205
0
0
0.00420006
0.00204995
0.0021066
-0.00437219
0
0.00221978
4.4636e-06
0
0
0.00230511
0.00230102
0.00234591
0
0
0.00238648
0.00243636
0
-0.00242987
0
0
0
-0.00250693
0.00249092
0.00499228
0
0
-0.00767807
0
0
0
0
0
-0.00517709
0
0
0
0
0
-0.00519082
-0.00520586
-0.00523453
-0.00521662
0.00521671
-0.0103189
1.84069e-05
0
0
0
0
-0.00488358
0
0
0.00475781
0
-0.00926941
1.28015e-05
0
0
-1.06716e-05
-0.00435211
-0.00429128
0.00426744
0
-0.00818401
0.00800786
0
0
0
0
-0.00722393
0
0
0
0
0.00320389
0
0.00614147
0
0.0117688
-0.0116361
0
0
0.0055947
0.00550137
0.00537285
-0.0105331
0
-0.0101553
-0.00505941
0.00501405
0.00988922
0
0.00484452
-0.00477078
-0.00467959
-0.00460696
0
0
0
0.00446482
-0.00444288
0.00439747
-0.00433242
2.46048e-06
0
0
0.00412024
0.00407054
-0.00802349
0
-0.00391664
-0.00773401
0
0.00378038
-0.00743634
0.00366502
-0.00724997
0
0.00355605
0.00701184
0.00344548
-0.00682599
0.00674184
0.00663812
0
0.0063728
-0.00624877
-0.00616082
-1.15015e-05
0.000928663
0.000922262
-0.00180798
0
0.000841985
1.09134e-05
0
0
-0.00157895
-0.000784433
-0.000773095
-0.000773048
0
0.00150622
-0.000748786
-0.00144862
0.00146281
0
0
-0.00140562
0.000681739
0
0
0
-0.00142383
0.00140736
0.001436
0
0
0.00144947
0
0
-0.00157998
0.00162239
0
0
0
0.00174169
1.91443e-05
-0.00181694
0
0
0
-0.00193932
0.00193066
0
-0.00390952
0.00199558
0
-0.00201636
0
-0.00204896
0
0
0.00213333
0
0.00219537
-0.00219052
0
-0.0045296
0.00449349
0.00224635
0
0
0
-0.0023655
-0.00239524
0
0.00240359
0
0
0
0
0.004924
-0.00500921
0
0.00485685
0.00500739
0
0
0
0
0
0
0
0
0
0
0
0.00508519
0
-0.00504302
0.00513302
0
0.0102066
0.00511203
-0.00500048
-0.00498262
-0.00491076
0
0.0096296
0
0
0
0
-0.00454926
0.0045367
0
0
-0.00434381
0.00427028
-0.00417704
-0.00416807
-0.00809182
0.00799532
-0.00780945
0
0
0
0
7.9461e-06
-0.00685238
0
0.00649284
0
-0.00616896
0.00602908
-0.00590503
0
-0.00564964
0.0056106
0
-0.00551458
0
-0.00530475
0
0.0101893
0
0.00489969
-0.00488516
0
7.15491e-06
0
-0.00466461
0
0.00448647
0.0044164
0
0
0
-0.00428063
0.00426109
-0.0126347
-0.00416383
-0.0123167
0
0.00794488
-0.00787428
0.00389266
0.0153044
-0.00760765
0.00750538
0.00741582
0
0
0.00713433
0.00705303
-1.14771e-05
0
0
-0.00668874
0.00658722
0.00649915
1.63936e-05
0
0
0
0
0
0.00579324
0
-0.000702826
0.000688992
0
0
-0.000664119
-0.00133292
0
0.0021007
-0.00143825
-0.00142839
-0.00072638
0
0.000713547
0.00138388
-2.03263e-05
-0.00270987
0
0.00131971
0.00126374
0
0
0
0
0.0012886
0
-0.00126882
0.0012846
0.00128724
0
0.00143015
0
0
0.00154352
0.0015785
0
0
-0.00159333
-0.00163817
0.00163617
0.00168825
0
0
-1.84265e-05
0
0
-1.61773e-05
0
0
0.00187423
0
0
-0.00391959
-0.00396294
0.00413853
0
-0.00209391
-0.00424466
0
0.00428517
-0.00426787
-0.00430493
0
0
0
-0.00459138
-0.00460694
0
0
0
0.00476755
-0.00482988
0
-0.00476143
0.00479716
0
-0.00942764
0.00485042
0
0
0
0
0
0
0.00486633
0.00497832
0
0.00494434
0.00493555
-0.0049721
0
0.00985595
-0.00498228
0
-0.00507041
0
-0.00488462
0.00488324
0.00479629
0.00951503
-0.00472293
0.00934715
-0.009093
-0.00907275
0
0.00897142
0
0
0
0
0
1.80079e-05
0.00801875
0.00787523
0
0
0
0
0.00700851
0
0.0067778
0.00658887
0
-1.67426e-06
0
0.0059615
-0.00581794
0.00568999
0
0
0
0
0.0105561
-0.0052118
0
0
-0.00490533
0.00479333
0
0.00469148
-0.00927382
0.00458075
0
0.00446924
-0.00876097
-0.0128729
0.00422593
0
0
-0.00819462
0.00820239
0.00813952
0.00803727
-1.53421e-05
0.00784724
0
-0.00757649
0.00750088
-0.00741567
-0.00730334
0.00726822
0
0
0
0
-0.00686192
-0.00677543
-1.63138e-05
0
0
0
-0.00627784
0.00620204
-0.0122459
0
0
0.00586941
-0.00569697
0
0
0
0
0.000908001
0.00106986
0
0
0.00110379
-0.00122408
-0.00123093
0.00256043
0.00127658
0.00128054
0
2.36956e-05
0.00133837
-2.41073e-05
0.00256422
0
-0.00121132
0
-0.00121471
0
0.00121402
0
-0.00126907
0
-0.0011498
-0.00113255
-0.00113872
-0.00125529
2.65694e-05
0
0.00141167
-0.00136488
2.46578e-05
0
0
0
0.00154262
0
-0.00152931
-0.00158725
0.00334229
0.00172344
0
0
0.00162398
0.00345187
0.00342848
0
0
0
0.00370992
0.00373262
-0.00395462
0
0
0.00399311
0.00412241
0
0
0
0
0
0
0.00441189
0.00445942
0
0
0
-0.00441683
0.00455166
0
0
-0.00437206
0.00455849
0.00458941
-0.00477008
0.00482159
0
-0.00473659
0
-0.00465869
-0.00470228
-0.00947997
-0.00975741
-0.00490922
-0.00473274
-0.00473502
0.0145761
0
-0.0047633
0.00486021
-0.00981431
0.00969361
0
0.00950096
0
0
-0.0190081
0
-3.36857e-05
0.0176527
0.00886251
0
0
0.00856708
-0.00833199
0
0
-0.00815606
0.00779296
-1.65989e-05
0
-0.00752091
0
-0.00697787
0
-8.0302e-06
0
0
0
0
1.25211e-07
0.00587639
0
0
0
0
0
0
0
-0.00499798
-0.0049629
0
0
-0.00938142
-0.013674
0.00900938
0
0.00883268
-0.00869147
0
0
0.0166333
0.00813948
-0.00798531
-0.00785653
0
0.00776978
-0.00774614
-0.0153931
-0.00764521
0.00759341
0
0
0
0
0
0
-0.00692806
0.00684899
0
0
0.00662986
0.00651564
0
0.00637071
-0.00627867
0
0
0.00598485
-0.0117133
0.0115959
0
-0.0056721
-0.0111676
0.00540984
-0.0106457
0
-0.000810327
0.000850446
-0.000840942
-0.000962282
0
0
0.00108216
0.00111979
-0.00119527
-0.00115789
0
0
0
-0.00123215
-0.00123678
0.00243858
2.80618e-05
0
0
0
0.00113155
0
3.30477e-05
0
-3.21491e-05
0.00118218
-3.13338e-05
0.00110709
0
-2.99819e-05
-0.00119732
0
-0.00122386
0
2.74605e-05
0
0
0
-0.00135977
0
-0.0027329
0.00137811
-0.00302914
0
0
0
0
3.48067e-05
3.33656e-05
-0.00311421
0
0
0
0
-0.0036242
0
0
0
-0.00374609
0
0
0
0
0
0
0
0.00426643
0
0
0
0
0
-0.00445472
0
0
-1.97388e-06
0
0
-6.99678e-06
0.00473219
0.0046073
0
0.00452725
0.00456878
0.00464155
0.00472046
0.004665
-0.00905323
0
-0.01923
0
-0.00892663
0
0.0188153
-0.00896299
0
-0.00903585
0
0
0.00932149
0
-0.00883804
-0.0173054
0
0
0.00835412
-0.0167401
0.0160194
0.00800752
0.00811921
0.00778315
0
-0.00755607
0
0.0072922
0
0.0131134
0.0063783
-0.00640066
-0.00644209
0
0
-0.00601092
-0.00592556
-0.00566346
-0.00559909
0
-0.0106132
0
0
0
0.00971226
0
0.00923046
0
0
-3.11489e-05
0.00852406
-0.0169437
0.00844875
0
0
0
-0.00804674
-0.0155582
-0.00761622
0
-2.65394e-05
0
0
-0.00725718
0.00719941
0.00717822
0
0
0
0
0.00677611
0.00671386
-0.00663839
0.00653463
-0.0129369
0
0
2.36405e-05
0
0.00611532
0.00605878
0.0059222
0
0
-0.00561371
0.00552579
0.00555544
0
0.0053518
0.00526367
0
-6.5457e-05
0
0.000674691
-0.000752595
-0.000926336
0.000958222
0
0
-0.00103744
0
0.00111648
0
0
0.00117746
0
0
0.00116565
-0.00115484
-0.00116596
0
0
0
-0.00117139
0
3.59614e-05
0
0.00111762
-0.0011382
-3.48549e-05
3.4576e-05
0
0.00113277
0.00116985
0
0.00212097
0
-0.00116425
-0.0023334
0
-0.00240669
0
0
0.00238853
0
0
-0.00300154
0
0.00278254
0
-0.0055599
-0.00267696
0.00556069
0
-0.00297129
0
0
0.00632305
0
0
0
0
0.00375946
0
0
0
0
0
0
-0.00397644
0
0
0.00390231
0
0
0.0042977
0
-0.00400187
-5.44434e-07
-0.00818945
0
-0.00438474
-0.00450047
0.00895474
0.00893195
0
-0.00872501
0
0
0.00867735
0.0174395
0
0.00934451
0
3.04498e-05
0
-0.00869669
-0.00824372
0.00856523
3.03004e-05
0
0
-0.00891329
-0.00883715
0
0.0167973
0
0
-0.00825612
0.00815588
-0.0150056
-0.00768858
-0.00778525
0
0
-0.00710211
0.00682558
-0.00678184
0
-0.00611857
-0.0059689
0
2.68678e-07
-0.00615195
0
0.00576627
0
0
0.0163895
0
0.0103572
-0.00998388
0
0
-0.00911653
0
0
0
0
0.0165516
0.00792985
0.00787294
-0.0156572
0
0
0
0.00745064
0.00721835
0.014015
0.00689039
0.00672597
-0.00665726
0
0.00665782
0.00665667
0.00672335
-0.0067045
-0.00659995
0
0
3.00788e-05
-0.00628274
0.00620495
0
0.00607952
0
0
-0.00585839
0
-0.00571257
-0.00564511
0
0
0
0.0106345
0.0105621
-0.0103983
0
0
0
-0.00977732
0.00956042
0
0
0
-4.2726e-05
4.52245e-05
0
-0.00107802
0
0
0
0
0
-0.00228639
0
0
-0.00225417
0
0.00122486
0
0
-0.00114486
0.00115462
0
3.76605e-05
0
0.00121261
0
0.00114346
-0.00102021
0
0
-0.00107574
0
-0.00208135
-0.00214857
0
0.00227613
0
0.00221544
0.00247312
0.00247354
0
0
0
0.00276114
-0.0027997
-0.00545229
0
-3.79029e-05
-0.00259579
3.67154e-05
0
0.00263119
0
0
-0.00283149
0.0029926
0
0
0
-0.00330471
0
0
0
0
0
0
0
-0.00367479
-0.00365614
-0.00348493
0
0
-0.00778821
0
0.00396117
-0.00371237
0.00776214
0
0
0
-0.00892362
-0.0177286
0
1.29012e-05
-0.00825186
0
-0.00810754
-0.00829033
0
-0.00874332
0.00836681
0.00763062
0
0
0.0078417
-2.5832e-05
0.00803033
0
0.00757647
0.00821033
0.0084559
0.00812295
-0.008122
-0.00773557
-0.0077863
0
-0.00758154
0.00706652
0
0
0
0
0.00649926
-0.00642615
0.00626152
0
-0.0114649
0
0.0116493
0.0174031
0.00577636
0
0
0
-0.0107021
-0.010658
0
0
0.00947593
0
0
0
0
-0.00775083
-0.007693
0
-0.00742783
-0.00713062
0.00731625
0.00715752
0
0
0
0
0
3.74402e-05
-0.00627223
0
0.00612363
0
-0.00620112
-0.00612249
-0.0062215
0.0061579
0.0121058
0
0
3.43224e-05
0.00587167
0
0.00574425
0
0
0
0
0
0.0106925
0
-0.010402
0
0
-0.00985154
-0.0196795
-0.00971742
0
0
0
0.0182245
0
0.00881173
0
0
0.00105704
3.48975e-05
0
0.00119473
0
0
0.00130615
0
0.00132418
-2.26621e-05
0
0
0.00258038
0
2.67878e-05
0
0
0.00127503
0
0
0.00128272
0
-0.00134541
0.00270091
0
0.0024757
-0.00246311
0
0
0
0
0.00255292
0
0
0
0
6.32496e-05
-0.00536298
0
0.00300168
0
0
0.00296407
0.00292114
-0.00288996
0.00284877
0.00270839
3.77704e-05
0
0.00276825
0
0
-0.0030731
-0.00319146
0.00330646
0.00325343
-0.00307281
0
0
0
0
0
0
-0.00383661
0
0.0108464
0.00359434
0.00718206
0
0
0.00746983
0
0
0
-0.00774872
0
0
0
-0.0090634
2.17059e-06
0
0.00855555
1.09729e-05
-0.00853105
0
0
0
0.0170349
-0.00852348
0.00783562
0
-0.00818732
0
-0.00818705
0
0
-0.00764663
-0.00784984
0
-0.00802202
0
2.04926e-05
0.00769162
0
1.88757e-05
0
-0.00740798
0
0
-0.0130723
0
0
-0.0128135
0.0120248
0.0117335
0
1.89704e-06
-0.021962
-0.0105745
0
0
0
0.0203254
0
0
0
0
-0.00889548
-0.00856875
0
0.00749605
0.00718267
0.0071722
0
0
-0.00678335
-0.0139977
0
0
0
0
-0.00651699
-0.00634823
-0.0123328
0.00596615
-0.00583872
0
0.00600707
0.00588095
0
0
0
-0.0057498
0
0
-0.0166694
-0.0164077
0
-0.0160132
-0.0105548
0
0
0.0102274
0
6.30079e-05
0
0.00962597
0
0
0.00926411
0.0183312
0.00884914
0
0.00871392
0.00853434
7.5727e-05
0
6.4653e-05
0
0.000868093
0
-0.000966573
0
0
0
0
-0.00121373
0
-0.00126302
-1.1955e-05
0
0.00125483
-0.00122655
0
2.47988e-05
0
-0.00256178
0
0
0
7.18342e-05
0
0
-0.00255466
0
-0.00242671
0.0023751
0
0
0
0
0
0
0
0
0.00253623
-0.00256567
0.00265392
0
-0.00270465
0
0
0
0.00278546
-4.60858e-05
0.00264802
0
4.29675e-05
0
4.2541e-05
0
0.00278228
0.0028982
0
-0.0029834
2.95405e-05
0.0028531
0
0
0.00331372
0
0
-0.00684292
0.00343727
-0.00697006
-0.00679679
0
-0.00710184
0
0
0
0.00678226
0
0.00682401
0.00731521
-0.00759592
-0.00785725
0
0.00840261
0.0081053
0.00814559
0.00824054
9.05025e-06
0.00802215
-0.00801646
0
-0.00803611
-0.00805707
0
-2.22807e-05
-0.00777638
0.00778265
0
0.00739643
-0.00740954
0.00725428
0
1.94849e-05
0.00767433
0
0
1.91393e-05
-0.00720102
0
0.0139944
0
0.00697077
0
0
0.0258799
0
-0.0121643
9.4305e-06
-0.0229135
0
0
-0.0106173
-3.536e-06
0.0199441
0
0
-0.00954515
2.65385e-05
-0.0092773
0
0
-0.00863121
0.0165895
0.0162367
0
-0.00688986
-0.00708249
0
0
0.00681853
-4.2135e-05
0.00645172
0
0
0.00580968
0
-4.26409e-05
0.0112146
0.0111331
4.31753e-05
0.00551826
-0.00551245
-0.00540272
0
0
0.00540243
0
0
0
0
0.0101432
-7.86991e-05
0
0.00971258
0.00956537
-0.00956644
0
-0.00924974
0
-0.0179845
0
0
0
0
6.96968e-05
-0.00835638
0
0.00789773
-0.00773904
-0.00747551
6.86246e-05
-0.00789383
5.5762e-05
0
2.49567e-05
0.000833332
0
0
0
0
0
0
0
0.00113875
0.00231107
0
-0.00117826
0
0
0.00129785
0
0.00246804
0
-0.00240863
0
-0.00240097
0.00242836
0.00249945
0.00260023
0
0.00254364
0
0
0.00247484
0
0
0
0
0
0
-0.00486609
0
0
0
0
0
-0.00251526
-0.00260517
-0.00515667
0.00248273
-0.00242306
0.0025738
-0.00258041
0
-0.00256755
0
-0.0025391
0
0
0
-0.0028671
-0.00283203
0.00285637
0
0.00310436
0
0
-5.20618e-05
0
0.0134032
0
0.00694983
0
0
0
0
-0.00633487
0
-0.00642072
0.00686025
-1.58263e-05
-1.68267e-05
0
0
0
5.64562e-07
-0.0154268
7.05671e-06
0
0.0149087
0
0.00745632
0.00766024
0
-0.0145651
2.07838e-05
-0.00723603
0
-0.0137464
0.00687011
-0.00693007
0
0.00713878
-0.00713448
0
0
0.0140234
1.62588e-05
0
-0.00673062
0
0.0133592
0
0
-0.0126169
0
0.0118105
0.0116809
8.21762e-07
0
0
0.0104021
0.0100898
-0.00966599
0
0.00936991
0.009038
-0.00905413
0.0172691
0
0
0.00809751
-0.0156639
-0.00781709
0
0
0.00697873
0
0
-0.0131133
0.0123219
0
0
0
-0.00541486
0
0.0108566
-0.0104511
-0.00517209
-0.0104224
-0.00510463
0.00503078
-0.00496415
0
0
-0.00483004
-0.00962967
0
0
0
-0.0092252
0.00898462
-0.00901882
0
0
0.00859251
0
0.00831273
0
0.0157613
0.00799861
0
0
0
-0.00754038
0
0.00695455
-0.00675292
0
-0.0066263
-0.0141713
0.00687591
-0.00661357
0
-0.000592808
2.37124e-05
0
0
0
0.000851326
0
0.000906901
0
-0.00200658
-0.00104831
0
0
0
0
-0.00251175
0
0
0
-4.25127e-05
0
-0.00250236
-0.00242041
6.21099e-05
-0.0024193
-0.0024572
-0.00488152
0
0
-0.00252658
0
0
0
0.00248597
0
0
0.00245018
0
-0.0023911
0
0
0
0.0048945
-6.81495e-05
0.00487232
0
0
-0.00233013
0
0
-0.00245174
0
0
0
0
0
0
0.00281592
-0.0057825
0.00588352
-0.00575349
0
-0.00590579
0.0120394
-0.00633289
-0.00634743
0
-0.0128223
0
0
0
0.00627798
0
-0.00608128
0
-0.00629355
0.00618493
0.0066076
0
-0.00680118
0
-0.00707363
0.0141501
0.00681196
0
-6.50701e-06
0
-0.0068882
-0.00696867
0
0.00673137
0.00672554
0.0136654
0
2.10305e-05
0
0
0
0.00657138
0
0
0
-1.5983e-05
0.012721
0
0.0127434
0.0125232
-0.0123878
0
0
0
-0.0114934
0
0
-5.64714e-06
-0.0107576
-0.0106151
5.03869e-06
-0.00961911
0
0
1.75517e-05
0
0
-0.0081393
0
0
-0.00777961
0.00733822
0
0
0
-0.00652552
-0.00645091
0
0.00607212
-0.00572599
0.00579973
-0.00568022
0
-0.00518374
0
-0.00482817
0.00465192
-0.00461911
0.00448912
0.00438796
0
0.00438765
0
0
0
-8.01349e-05
-0.00872282
0
0
0.00813478
0
0.00800617
0.00773383
-0.00752021
0
0.00754561
-0.0073609
-0.00727806
6.06418e-05
-0.00698227
0
0
-0.00701997
0
0
-0.00594842
0
-0.0060722
0.00591603
0.00656386
0.00580836
0
0
0.000582651
2.79842e-05
0
0
0
-1.0329e-06
0
-0.000865715
0
1.65157e-05
0
0
-0.00100641
-0.00104327
0
0.00106357
0
0
0
0.00218345
0
-3.63864e-05
0
-0.00214859
0
0.00212432
-6.26545e-05
0
-0.00236914
-0.00235919
0
0
0
7.56057e-05
0
0
0
0.0023382
0.00224186
0
-0.00230968
0.00235826
-0.00231463
0.00227237
-0.00226103
0
0
0
0
0
0.00485105
0
0.00250813
0
0
-0.0026419
0
0
0.00261769
-0.00531388
0
-0.00549954
0.00545539
-0.0109166
0.00559348
0.00587974
0
0.00601389
0
0.00584696
0
-0.00588345
0
0.00597109
0
-0.00635503
-0.00612893
0
0
-5.99985e-06
-0.00619113
0
-0.0130125
0.00631552
0.00629034
-0.0126823
0
0.0129962
0
0
0
0
-0.00674611
0
0.00629187
0.00617666
-0.00627334
-0.0061605
-0.00615358
-0.00624507
0.00645763
0
-0.00613094
-0.00599607
-0.0058952
-0.0178525
-0.0117492
0.0115738
0.0111309
0
0
5.07667e-06
0.0108332
0.0105512
-7.66785e-06
0.0100252
0.00971169
-0.00929094
0.00914189
0
-0.0084988
-0.0164561
0
0.00813521
0
0
0.00744297
0.00717424
-0.00678311
-0.00680357
0
0
0.00612572
0.00610706
0
0
-0.00549687
-0.00550212
0.00546357
0
0.00490629
0
0
0.00446063
-3.78145e-05
0
0
0
-0.00404607
0
-0.00423937
0
-7.33673e-05
0.00802613
0
-0.0082177
0
-0.00648385
0
-0.00650037
-8.24912e-05
0
-0.00660491
0
-5.914e-05
-0.00601251
0
0
0.00578813
0.0121684
-0.00678546
0
-0.00576637
0
0.00498999
0.00497793
-0.00631037
-0.00502647
0
0
-0.00100611
-0.000529272
0
0
0
-0.00132626
0.000693175
0
0
0.000773071
-0.000784296
0
0.000829299
0.00167392
0
-0.000858216
0
0
0
0
-0.000942719
0.00380002
0
0.00197485
0
0
0.00401556
0.0020485
0.00199001
0.00199795
0.00207886
-0.00208452
0
-0.00408511
0
0
0
-0.00206781
-0.0021255
0
0.00206073
-0.00206527
0.00213449
0
0.00212688
0
0
-0.00220942
0
0
5.03656e-05
0
-0.00228954
0
0
0.00475897
0
0
0.00250758
0
0
0.00774826
-0.00261014
0.00512181
0.00260951
-0.00525582
-0.00535341
0
0.00544396
3.94901e-05
0
0
0
0
0.00573861
0.0114583
0.00567199
-0.0057923
0
-5.6309e-06
-4.85713e-06
-0.00596532
0.00609958
-0.00606288
-0.0060625
0.0121497
0
-0.00611816
0
-0.00612406
0
0
0.00614525
0
0
-1.7646e-05
0.0120898
0.00595378
-0.005924
1.68562e-05
-0.00592984
-0.00590945
0
0.00580396
1.43056e-05
0.0113565
0
-0.0108561
-0.0105164
0
0
0.0100736
-3.07612e-06
-0.00985913
0.0194109
0.00936288
0
0.00885997
0
0
0.00840321
0.00794776
0
-0.00771682
0.00748397
0
2.36703e-05
0
-2.4894e-05
-2.64778e-05
0
0
0
0
0
0
0.00494873
-0.0050165
-0.00507707
0
0
0
0.0040287
3.27913e-05
-3.10962e-05
0
-0.00373205
0
0.00745698
0
0.00390545
0
0.0114074
0
0
0.00716229
0
-8.23334e-05
0.00668925
0.00535782
-8.40285e-05
-0.00530366
0
-0.00504601
0.00504162
0
0.00465411
0
4.64789e-05
-0.00542633
0.0063089
0
0.0106203
0.00514063
0.00415766
-0.00377425
0.00550638
0
0
0
0.000419676
0
0
-0.000505519
0.000513616
0.00105813
-0.000554451
-0.000570789
0
0
0.0012874
0
-0.000661322
-9.70592e-06
0
0
0
0
0
0.000779924
0.000803435
-0.0016389
0.000835299
-0.00166802
0
-0.000858815
-0.00171067
-0.00172613
0.000883359
0
-0.00174579
0.00174844
0
0.00356798
0.00181715
0
0.00183573
0.00185288
-5.02842e-05
-0.00187738
0
0.00189564
-0.00375913
0
-0.00382609
0
0
0.00193852
0
0
-0.00199263
-0.00205194
0.0020742
-0.00209419
0
-0.00209695
0
0.00218287
-0.00217643
0
0
-0.0022583
0.00227765
0
-0.00232342
0
0.00475231
0
-0.007268
-0.00488269
0
0
0
0
-0.00771849
-0.00517161
0
0.0104932
0
0.00533034
0.0053691
0.00539851
0
-0.00549147
0
-0.00557783
0
0
0
0.00560076
-0.00558467
-0.00560274
-0.00567367
0
0
-0.00566898
-0.0113075
0
0.0111853
0.00553799
0
0.00547008
0
-0.00546208
0.00541749
-0.0106454
0
0
-0.00504275
-0.00498283
0
-0.00482756
-0.00970262
0
-0.00941695
-0.00457461
0
-0.0126476
0
0
0
0
-0.00781983
0
-0.007124
-0.00684084
-0.006922
0
-2.08985e-05
0.00588098
0
0
-0.00489266
0
0
0
-0.00472885
0.00482825
0.00458201
0.00446076
0
0
-0.00339937
-0.00332112
0.00768564
0
0.0035465
0
-0.00366452
0.00327594
0
0
-0.00377785
0.00327934
0
0
0
0.00567886
-0.0089457
-0.00678127
0.00194617
0.00450553
0
0.00467546
0
0.0036722
-0.00405491
0.00459237
-0.00520065
0
0
0
-0.00426166
-0.00364438
-0.0036109
0
0.00462901
0
0
0
0
0.000195062
0
0.000859383
-7.10115e-06
-0.00091681
-0.000468547
8.45046e-06
0
0
-0.00105732
0
0.000553262
-0.001151
0
0
0
0
0
-0.00134177
-0.000691111
0
-0.00071023
0
-0.000731211
0.000731027
0
0.000757745
1.00755e-05
0
0
0
0.000774378
-0.00153327
-0.00154907
0
-0.00157202
-0.00158226
0.00159308
0.00160686
0
-0.00163551
0.00164305
0
0.00251232
0.000858901
0
0.00175575
0
0
-0.00178203
0.0035612
3.27435e-05
0.00180249
0.00184988
0
0
2.77435e-05
0.00195524
-0.00197232
0
0
0
0
-0.00207037
0
0
0.00212146
0.00211841
0
0
0
0
0
0.0045478
0
0.00228842
-0.00459082
-0.00232792
0
0.00240108
0.00242015
0
0.00494637
0.00248976
0.00249027
0
0
0
0
0.00250737
0.0049985
0
0
0
0
0.00511317
0
-1.70689e-05
0
-0.0050189
0.00500287
0
-0.0049224
0
1.59134e-05
0.00465929
0
0.0044873
6.42587e-06
0
0.00901859
-0.00455518
-0.0045056
0
-0.00878115
0
0.00758386
0
0
0.00348312
0.00346628
0.00369572
0.00353521
0
0.00644458
0
-0.00295999
0.00572833
0
0
0
0.0045788
0
0
0
0.00468566
0.0048059
-0.00418819
-0.0038777
0
0
0
0.00336814
-0.00680948
0
0
0
0
-0.0059579
-0.00292918
0
-0.00326252
-0.00294252
0
0.00275235
-0.0025034
0.0025253
0.00468525
0.00157999
-3.2746e-05
-0.0017791
-0.00236644
0.00218725
0
-0.00364207
0
-0.00706153
0
0
0
-0.00182731
0
0
0
0
-0.00394053
0.00173176
0
0
0
-0.000538284
-0.0002769
-0.000594095
-0.000315821
0.000636423
0.000653208
0.000994781
0
-0.000350269
0.000726246
0
0
0.00123313
0
0
0
0
0
-1.43554e-06
0.000954486
0
0
0
0.000979195
-0.000986376
0.000995962
-0.000997147
-0.001014
0
0
0
-0.0010595
0
0
0
0
0
0
0.00110864
0
0.0011268
0
0.00114115
-0.00228599
-0.00115077
0.00118805
-0.00116733
0
0
0.00117279
-0.00358595
-0.00119492
-0.00123134
-0.00370283
0
0
-0.00263593
-0.00267689
0.00270689
0
0.00276274
0.00276471
0.00277697
0.00553
0
0
1.85465e-05
0
0.00283713
0
0
0
0
-0.00300574
0
-0.00292831
0
0.00304007
0
-0.00595867
-0.00304559
0
-0.00314517
-0.00322603
-0.00325188
0
0
-0.00322906
-0.0032539
0.0032828
0
0
0
0
0
0
0.00318795
-0.00611798
0
0.00314562
-0.00937416
0
0.00615343
0
0.0123323
-0.00605936
0.00581857
0
0.0105109
0
-0.00559912
1.00149e-05
0.00519489
0
0.0104694
0
-0.00477973
0
0
-0.00414546
-0.00405921
0.00429159
2.12578e-07
0
0
-0.00366614
0.00321547
0
-0.00306628
0
0
0
0
-0.00229741
0
-0.00249593
-0.00248122
0.00438968
0
-0.00197468
0
0
-0.00358448
0.00313602
0
0
-0.00153541
0
0.00413882
0.00539393
-0.00256523
-1.63171e-05
0.00257682
0
-0.00442472
0.002116
1.56829e-05
-0.00187388
-0.00120896
0.00163323
-1.71431e-05
-1.42008e-05
1.63515e-05
0
0
0
0.00203178
-0.00177067
-0.00170623
0
0.00154209
0
0
0
-0.00141921
0
-0.00271435
0
0
0.00027506
0.000298518
0.000318066
0
-0.000343117
0
0
-0.000362398
0
0.000382118
0
0
0.000448546
1.01029e-06
0.000476473
0
0
0.000517002
-0.000522903
0.00107229
0
0
0.000552218
0
0
0.00113022
-0.00113888
0
0.000575306
0
-0.00119144
0.00121186
0
0
0
0
0
0
0
8.84791e-06
0
-0.00126262
0
-0.00249724
0.00251608
0
-0.00134777
-0.00137776
0
0
-1.10866e-05
0.00276282
1.13283e-05
0.00138807
0.00141428
-0.0014412
0
0
0
-0.00157442
-0.00155644
-0.00307064
-0.00306568
-0.00307319
-0.00467794
0
0
-0.00314226
0
-0.00161806
0.00167463
0.00169306
0
0
0.00344619
0
-0.00333005
0
-0.00356452
0
-4.80768e-06
0.00355127
-0.00347471
-2.20133e-06
0
-0.00351398
0
0
2.2469e-06
0.00366111
0.0037304
0
-0.00341098
0.00345949
-0.00336814
0
-0.00369665
-0.00360054
0.0035093
0
0.00665789
0.00673157
0
0
0
-0.00967637
0
-0.00907668
0
-0.00578853
0
-0.00300007
0.00895284
0
0.00282812
-0.00832882
0
0
0
0
0
0.00431773
0
-0.00812009
-0.00390948
0
0.00365589
0
0
0.00319422
0
0
0
0
0.00231716
0.00230315
3.82665e-06
-4.12005e-07
0
0
1.05355e-06
0
0
0
0
0
-0.0014743
0.0013918
0
4.48544e-06
-0.00342389
0.00205693
0.00281382
-0.00218045
0
0.00158088
0
-0.00151407
0
0.00122442
0
0.00149968
0.00160701
-0.000738528
0
0
-0.00170638
0
-1.92152e-05
0.00143684
0
-0.00131756
0
0
-0.00189675
0.00264926
0
2.88676e-05
0
-0.00014017
-0.000609422
0
0
0
0
-0.000372625
0
0
-0.000447137
0
0
0
-0.00048456
-0.000973754
5.08303e-07
0.000528066
0
-0.000551699
0.000564475
0
0
0
-0.000606781
0
0
0
-0.00065747
0
-0.00134642
0
0.00136447
-0.00137111
0.000680594
0
0
0
0.000712266
0.000705388
0.000694522
-0.00140646
0
0
0
0.000694747
-0.001384
0
0
-0.00149489
0
-0.00158257
0.00159673
-0.00160924
-0.00164004
0
-0.00158374
0.00160773
0
0.00169832
0
0.00169225
0.00169929
-0.00169773
0
0
0.00183225
0.00182446
-0.00175528
0
0
-0.00191911
-0.00192569
-0.00384956
-0.00185964
0
-0.0038006
-0.00193617
0.00187849
0.00200943
0.00198312
0
0.00583021
-0.00385843
0.00579779
0.00394429
0
0.00394475
0
-0.00199688
0.00203868
0
-0.00831653
-0.00406479
0.00397683
-0.00789539
0.00382574
0
0.00394938
-0.00388452
-0.00384465
0
-0.00362582
-0.00376924
0
0
0
0.00346016
0
0.00345892
-0.00348689
0
0
0.00325925
-5.73485e-06
0
-0.00311582
0.00293493
0
0.00281867
0
0.00245798
-0.00247663
-0.00466364
0
0.00617059
0.00616193
0
0
0
0
0
0.00149345
0
-0.0013834
0
0
-0.00242003
0.00260753
-0.00468527
0
0.00178335
1.01894e-06
0
-0.0017001
0
-0.00132809
0
0.00123172
-0.00131938
0
-0.00109193
0.00194037
0
-0.000844437
0.000936059
0.000752515
0
0.000766453
0
0.000561617
0
-0.000707649
0
0
-0.000754141
0
0
0.00156887
0
0.000695236
0
0
0.00218028
0
0
0.00101593
-0.00139864
-0.000737084
0.00154681
0
6.29546e-06
0.0001401
0
0
0
0
0.000417327
0
0.000245636
0.000508302
-0.000248106
0
0
0
0.000509782
-0.000826545
-0.000611296
0
0
0
-0.000690287
0.000703711
0
0
0
0
0
0.00074845
0
0.000746421
0
-0.000723962
0.000732741
-6.36008e-07
0
0
0
-0.00163829
-0.000769875
-0.000783081
0
0
0
0
-2.78782e-06
0
0
-0.000859371
0.00167482
-0.000872259
0.00180447
0
0
0
0.000935884
0.00181077
0
0
-0.0028993
0
0
0.00197737
0.00190014
0
0
-0.00201961
-0.00210924
0.00207181
0
0
0
0.00222391
-2.15509e-06
-2.01996e-06
0
0
0.00227885
0.00221915
-0.00228902
0.00220218
0
-0.00425985
0
-0.00223892
0
-0.00237356
0
0
0.00459624
0.0023197
0
0.00475773
0.00700233
0
0.00439488
0
0.00223093
-0.00217306
0.00421955
0
0
0
0
0
0
-0.00198325
0
0
-0.00397003
0.00787752
0
-0.00371291
0
-4.96612e-06
-0.00357082
-0.00351729
0
0
-0.00616394
-0.00300865
-0.00273748
0.00274868
0
-0.0025427
-3.56373e-07
-0.00225626
0
0
0
0
0.00179437
-0.00173929
0
0.00154593
0
0
0
0.00125435
0.00239506
-0.00105684
-0.00181259
0.00163264
0
0.0018592
0
0.000672047
0
0
0.00137489
0
0
-0.00182205
0
0
-0.00175958
-0.000792452
0
-0.000667713
0
-0.000501584
0
0.00138406
0.000861125
0
0
0
-0.000849486
0
-0.000815623
0.000779337
0
0.000958138
-0.000988541
0
0
0.00105226
0
0.000827803
-0.000650563
0
0.000166895
0.000170952
-0.000177379
0
0
0
0
0
-0.000260523
0
1.85176e-06
0
0
0
0
1.04479e-06
0
0.000357938
0
0
0.000768728
-0.000800451
-0.000395894
0
0.000387743
0.000385423
-0.000381249
0.000384696
0
-0.000420522
0
0.000410678
-0.000820016
-0.000840812
0
0
0
-5.5983e-07
0
-0.000866751
0
0.000898526
-0.000853589
0
0.000940264
0
0
0.000959629
0
0.000932766
0
0.000991195
0
0
2.65831e-06
0
0
0
0.00114881
0
0
-0.00230671
-0.00116762
0
0
0.00227874
0
-0.00118983
0
0
0
-0.00124225
0.00247126
0.00364636
0
0
0
0.0012693
0
-0.00253649
0
0.00492728
0
0
-0.00269996
0.0027515
-0.00271876
0
-0.00262233
0
0
0
-0.00263914
0
0
0
-0.00256315
2.49542e-06
0
0
0
-0.00236679
0.00248626
0
0
0.0045311
0
0
0.00683136
-0.00450716
-0.00213202
0.00642965
0
-0.00400828
0.00393397
0.00391049
0
0
0.00173393
0.0050143
0
-0.0015748
0.0014556
0.00282374
-0.00258396
0
0
0
0
0
-0.00186326
0
0
0
0
-0.00178578
0
-0.00127198
0
0.00115723
0.00110389
0
0
0
0
1.44953e-07
0
0
-0.000773854
0
0
0.000983478
0
0.000705273
0.000961261
0
0
0
0
0
0
-0.000907363
-0.000841501
0
0
0.000458032
0.00103002
0
-5.3572e-06
0.000919355
0
-0.00119997
0
0
0
0
0
0
0
0
-9.12535e-05
-9.54276e-05
0.00021005
0
0
0
-0.000130473
-0.000281909
0
0.000309169
2.03771e-06
0
0
0
0.000353445
0.000354872
0
-0.000388885
-0.000383753
-0.000374082
0.000385876
-0.000413523
2.05456e-06
0.000441092
-0.000439562
-1.70987e-06
0.000454112
-0.000450306
0.000453061
1.25298e-06
-0.000469799
0.000465978
0
0
0.00048341
0
0
0.00101092
-0.000519897
0.00104709
0
-0.00103649
0.000519222
0
0
0
0
0.000543554
-0.000543107
0
-0.000573905
-0.00116061
-0.00122089
0
-0.00227599
0.0012698
0.00133339
0
0.00134031
0
0
0
0.00136892
0
0
0
0.00138132
0.00138188
0
-0.00138639
0
-0.00144324
-0.00143801
-0.00279881
0
-0.00143928
0
-0.0014621
-0.00149548
0.00290759
-0.00145172
-0.00290803
0
0
0.00313979
0
0.00157406
-0.00151712
0
0
0.00157714
0
0
0.00157609
0
0
-0.00147834
0.00586261
0
0.00278471
0
0.00284243
-1.97341e-06
0.00273835
0.00257637
-1.48782e-06
0
0
-3.5876e-06
0
0.00484953
-0.0024438
0.00247194
-0.00230413
0
0
-0.00216103
0
0.00394122
-0.00193468
0.00190758
9.3099e-07
-4.22476e-07
-0.00164805
0.00153891
0
0
0.00134343
0
0.00124495
-0.00108825
0
0
-0.00112465
0
0.00108978
0
0.00073189
-0.000738241
0
-0.00137643
0
0
0.00127655
0
0.000948983
-0.000905856
0
0.000938295
-0.000884792
0.000659982
0
0
-0.000914002
0
0
0
0
0
0
0
0
0
0
0.000599511
-0.000573674
0.00065614
0.000686277
0.00116568
-0.00106525
0
0
0
0
0
0
0
0
0
0
0.000115596
1.57493e-06
0
0
0.000140632
0
7.248e-07
0.000325613
0
-0.000364461
0.000192157
-0.000198636
0.000201854
0
-0.000414991
0
-0.000224102
0
0.000462953
0.00045483
-0.000462409
0.000497059
0.000507106
-0.000526355
0
-0.000268734
0
0
-0.000262916
1.54646e-06
0.000561771
0
0
0
-5.91422e-07
0.00054826
0
-0.000592446
0.000635993
0
0
0
1.54547e-07
0
0
0
0
-0.000687478
0.00070289
0
-5.39712e-09
0
0.00147136
0
0.00144216
-0.00154942
-0.00160131
0
-0.00161624
0
0
0
0
0
0
0
-0.00085177
-0.000847454
-0.000833551
0.00253481
-0.000847504
0
0.00173154
0.00170109
0
0.00171857
0
0
0.00175618
-0.00174416
5.90126e-07
0
0
-0.00179573
0
-0.00187853
0.00374096
0.00184044
-0.00183187
0
-0.00184312
0.00179377
0
-0.00183139
0
0.00171504
1.13073e-06
-0.0051802
0
-0.00165077
0
0
-0.00522926
-0.00327699
-0.00312163
-0.00161083
0
0
-0.00312881
0
-0.00143744
0
-0.00295885
0.00404398
0.0012934
0
0.00254872
0.00121365
-0.00227425
0
-0.00450071
0.00430787
-0.00201053
0.00202819
-0.00376262
0
0.00176714
-0.00162764
0
-0.00155315
0.00140128
-0.00142717
0
1.17147e-06
0
0.00131543
0
-0.000886536
0.00185064
0
0
0
0.000737055
-0.00148125
0
0
0.00128397
0
0
0.000495003
-0.000771998
-0.000416563
0.000367485
-0.000552421
0
-0.000406627
0
0
0
0.000248793
0
0.000403962
0
0
-0.000691316
0
-0.00149995
-0.00140812
0
0
0
0
0
0
0
-0.000790634
0.000527639
-0.000424491
0
0
-7.21055e-05
0.000152201
7.87117e-05
0
-8.62148e-05
0
0.000193217
0.000101677
0
0
0.000234932
0.000248993
-0.000509623
0
0.000251665
0
1.02408e-06
0
0
0.000287073
0
0.000301957
-0.000316391
0
0.000327927
-9.03881e-07
-0.000332511
0.000321235
-0.000331806
0.00102193
0
0
-0.00033877
0
-0.000668923
-0.000678255
0
0.000755329
0
0
0
0
0.000800134
0
0
0.000399623
0
0
0.000429377
0
0.000889518
0
-0.000447404
0
0
-0.000904183
0
0
0
0.000989644
0
0
0
0
0
0
-0.00105309
0.00103559
0.00102417
-0.00104462
0.00211158
0
0.00105205
0.0010525
0
0
0
-0.00102797
0
0.00105568
0.00217013
0
0
0.00223678
0.00108425
0.0022591
-0.00338798
0
0.00221425
-0.00111913
0
-0.00108904
0
0.00109636
0
-0.00208682
0.00209927
0.00209126
0
-0.00406265
0
0
0.0021122
0
0
-0.00388665
0
0.00188107
-0.00186289
0
-0.00349147
-0.00173937
0.00176877
-0.00163101
-0.00155904
0.00163095
0.00156432
-0.00145524
0
0
0.00134413
-0.00125871
0
0
0.0034056
0
-0.00217408
0
0
0.000980772
0
0.00262377
0
0.00162063
0
0
0
-0.000542464
-0.000560441
0.000567079
0
-0.000532492
-0.000836136
0
0
0
0
0.000769699
0
0.000520216
-0.000411203
0.000434248
-0.000340387
0.000561124
0
0.00039135
0
0
0
-2.51482e-07
0
-0.000278066
0
0
0
0
0.000736533
0.000609604
0
7.1904e-05
0
0
0
-0.000155393
0
0.000121733
0.000206891
-0.000585064
0
0.000711286
0.00018719
0
-0.000216852
0.00011579
-0.000112313
0
0
-0.000134863
0
0
0
0
0.000166852
0
-0.000168621
0
0.000358171
0
-0.000186007
-0.000384745
0
-0.000389087
0.00041274
0
-0.000205357
-0.00020183
0.000430615
-0.000413145
0.000216216
-0.0004386
0
0
0.000452353
-0.000229572
0
0
0
0
0
-0.000246075
0
0
0
0
0
-0.000516411
0
0
-0.00106137
0
0
0
0.000552814
0
0
0.00108266
-0.000590433
0
0
-0.00189324
0
0
0
-0.000632218
0.000633376
0
0
0
0
0
-0.00132277
0
-0.00189482
-0.00194883
-0.000652958
0
0
0.000648946
0
0.000647293
0
-0.000674721
0.00065699
0
-0.000663562
0
0.00068806
0
-0.00140228
0.00137681
0
-0.00273091
-0.00138948
-0.00136263
0.00133461
0
-0.00131018
0
0.00122932
0.00253837
0
0
0.00127218
0
0.0012052
0.0012015
0
-0.00118501
0.0023292
0
0.00213995
0.00213036
-0.0032883
0.00100787
0
-0.00200789
-0.00295437
0
0
0
0.00247074
-0.0015084
0
0
-0.00133405
0
0
0.000618984
0.000592499
-0.000598569
0
-0.00158654
0
0
0
0
0
-6.99477e-07
-0.00120667
-0.00058893
0
0.000537445
0
0
0
0
0
-0.000597083
0
0
5.27655e-05
0
-3.257e-05
8.08534e-05
5.42788e-05
0
0.000122907
0.000190217
0
0.000388763
0
0
-0.000314513
0
0.000367043
0
0.000666795
0.000288226
0
0.000268065
0
0
-7.84569e-05
-2.91001e-05
-4.52359e-05
0.000164151
-0.000374605
0
0.000181018
0.00130279
-9.86371e-05
0
0.000146128
-0.000150708
0
0
0
7.79176e-05
0
9.19213e-05
9.71348e-05
0
0.000204107
-9.23979e-05
-0.000329302
0
0.000115772
0
0.00023859
-0.000127713
0.00012981
0
0
0
-0.000244632
-0.000351175
-0.000132582
0
-0.000139375
0
0
-0.00014563
0
0.000296472
0
-0.000147222
-0.000147679
0.000156391
-0.000151481
0.00032429
0
0
0.000156123
0
0.000168063
-0.000168641
0
0
0.00067663
0
0.000359333
0.000322612
0
0
0.000361472
0
0.000740501
0
-0.000407863
0.000801866
0
0
0
0.000801123
-0.000787773
0
0
0
0.000356229
0.000396951
0
0
0.000372635
0.000783993
0.00080583
0
0
0.000780342
0
0.000788328
0
0.0012247
-0.000799515
-0.000420513
-0.000785576
0
0.000822368
0
0.0017781
0
0
0.00167061
0.00169237
0
-0.00158869
0
0.00156738
0
-0.00145673
0.0007631
0
0
-0.00223205
0
-0.000727046
0.00145091
0.000713887
-0.00142758
0.00069046
0
0
0
0.00199129
-0.00115426
0.000536201
0
0.0017313
0
0
0
-0.000872775
0
0
0
0
-0.000342274
0
-0.000527032
-0.000538344
-0.000949035
0
0.000544248
0
0
-0.000217278
-0.000192781
0.000199614
0.000692266
0.000667046
0
0
0.000317409
0.000293884
0
0
0
0
0.000297287
0.000248176
0
0.000200983
0
-0.000403856
-0.000456478
0.000558147
0.000203523
0.000418271
0.000537012
0
0.000232629
0.000162616
0
-0.000483331
0.000324676
0.00105466
0
0
-0.000855942
0
-0.00050478
0
0
-0.00105574
-0.00056235
0.00162849
-0.00123424
0.0018947
-0.000608658
0.00189247
-0.00434062
0
0
0
0
0
0
0
-0.000127145
0
-0.00014831
-0.000162971
0
0
0.000159
0.000191211
0
-0.000200737
0
0
0.000224247
-0.00022837
0
0
0
0
0.000211496
0.000221845
0
-0.000232605
0
0
0.000240453
0
0
0
0.000247599
0.000239695
-0.000246329
0.000245656
0
0
0
-0.00024519
0
-0.000266624
0.000274541
0
0
0
0
-0.000554735
-0.000530094
0
0
-0.000575037
0
0
0
0.000632671
0
0
0
0
0
0
0
0
0
-0.000618579
-0.000645519
0
0
0.000633807
0
0
0
0
0
0
0
0
-0.000677005
0
0.000692501
0
0
0
0
0
0
0
0
0
0
0
0
0
0
0
-0.00133528
0
0
0.00130061
0
-0.0012679
0
-0.00124395
0
-0.00120325
0
0
0
-0.00113035
0
-0.00106022
0
-0.00102657
0
0
0
0
0
0
0
0
0.000755881
0
0
0
0.000652968
0
0
0
0
0.000495731
0.000471492
-0.000443413
0
0
0
0
-0.000641054
-0.00059933
0
0
0
0
-0.000413942
-0.000380941
0
-0.000324225
0
0
0
-0.00021587
-0.000192404
0
0
0
-9.19416e-05
-7.65317e-05
0
0
1.12177e-05
3.53131e-05
0
0
0
0
0.000138621
0
0
0
-0.000261485
0.000288235
0
-0.000436747
-0.000474761
0
-0.000685353
0.00191556
-0.00152428
0
0
-0.00257004
0.00644989
0.00812366
0.0100487
0
0.0131744
-0.0108891
-0.0233755
0
-0.0268831
0
0
0
-0.000540197
0
0
0
0.0350987
-0.023609
-0.0457989
0.0019961
0
0.000662704
0.0265541
0.0522933
-0.0545839
0.000346236
0.0571046
-2.62406e-05
0
0
0.0505843
0.101991
0
0.202772
-0.0828361
0.0774859
0
-0.124136
0
0.0549523
-0.0475822
-0.0666578
0.0537239
0.00133075
0.0163473
0
-0.0793381
-0.0390737
-0.075332
0.0743164
6.34333e-05
-0.075465
-0.000168799
0
0.0693227
0
0
0
-0.117679
0.10101
-0.0958688
0
0.00057268
0
-0.128986
0.0509645
0.00128891
0
0.0250463
0
0
-0.000192199
0
-0.0398905
0
-0.0769998
0
-0.148071
0
-0.0672152
0
0
0
-0.112301
0
0
0
0.000163687
0
0.0616405
0
0.0769549
0
0
0
0
0.0399056
0
-9.90383e-05
0
0
-0.0731322
0.138703
0
0.0625859
-0.0590028
0.0574448
0
3.58717e-05
0
-0.0883242
0
0.065771
0
0
0.0476797
0
0
0
0
0
0
0
0.0727558
0.0357292
-0.0697202
0.0683762
-0.130445
0
-0.0584624
0.0554732
2.55378e-05
0
0.0456837
0
0.0809691
0
0
0.0564116
0
-0.0853628
-0.034306
0
0.0286382
-0.00537301
0
0
0
-0.035038
-0.0342725
0.0332786
0
0.00014458
0
0
0
-0.0494358
0
0.0420784
0
0
0
0
-0.102785
0
0.0377795
0.031099
-0.018955
-0.0275353
0.00570126
-0.0353195
0
-0.0350995
0.0340864
0
0.0318763
0.0621409
0.059539
0
0.0527398
-0.0502781
0
0
0
0
0
0
0
0.047434
0
0
0.0290893
0.0171102
0
0.00542244
0.0347291
0.0348269
0.0343977
-0.0333968
-0.0323155
0
-0.0610372
-0.0579056
-0.0550953
-0.0515748
0.0489412
0
0
0.0384516
0.0354425
-0.0320784
0
-0.0520477
0
0
0.0331478
-0.026499
0
0
-0.00242188
0.0343917
-0.0341459
0
0
0.0640664
0
-0.0298062
0.0286441
0.0541053
-0.0512905
0
-0.0445811
0
-0.0374657
0.000159154
-0.000193774
0
-0.000494829
0.0439779
0
-0.0312014
-0.0252334
0
0
-0.00245535
-0.0345295
0
0.0337545
0
-0.0321715
0
0.029383
8.76953e-05
-0.0538284
0.051134
0
-1.81554e-05
0
0
-0.0342114
0.0303404
0
0.0483188
-0.0425486
-0.0367774
0
0.0238414
0
0
0
0
-0.0341203
-0.0335766
0
0
0
0
9.39093e-05
0.0544107
0
0
7.54467e-06
0
0
0
0
0
0
-0.0425149
0.0357795
0
0
0
0
0
0
7.15914e-05
0.0334446
0.0329849
0
-0.0304491
0
0.0282719
0
0
0
3.32446e-05
0
0
0
0
0.0271808
-0.023987
0.0416671
0
-0.0295987
-0.0233896
0
-0.0104007
0
0
0.0343997
-0.0334948
-0.0663109
0
0.0614739
0
0
0
0
0
0.0440325
0
-0.0367515
0
0.030264
-0.0269838
0.0475985
0
0
0.0291385
-0.000336422
0
-0.00029079
-0.00263492
0
-0.0172921
0
0.0332683
0
-0.000113198
-0.0292723
0.0282014
0
0.0251625
0
0
0
0.036984
0
-0.0304014
0
-0.0473444
0.0206244
-0.0179698
-0.0147672
-0.000318326
0
0.0102494
0.00522123
0
0.017316
-0.0168177
0
-0.031632
-0.0621694
0.000115465
-0.027877
0
-0.0252128
0
0
0
0
0
0
0
-0.000128689
-0.0203773
0.017734
0.0293408
0.0227942
0.0164551
0
-0.0025998
0
0
0.017008
-0.0164618
0.0318319
0.0310916
0.0291663
-0.0275909
0
-0.0250128
0
0
0
0
0
-0.03041
0
-0.00011396
-0.0204907
0
-0.0145153
0
-0.0162206
0
0
-0.0174718
0
0
0.0164533
-0.0158402
0.0153189
0.0144298
0.0276755
-0.0262477
0.0249953
0
-0.0216671
0
0
0
0.0298344
0
0.0467801
0.0203402
0.0176736
0.0145923
0
0
0
-0.00141411
0.0174181
0
0
0
0.015668
-5.9243e-05
-0.0143275
0
0.0260262
0
0.0234196
6.87287e-05
0
0
0
0
0
-0.0115453
0
-0.0175218
0.000122982
0
0
0
0.00136897
0
0
0.0165454
0
0
-0.0150232
0
0
0
0
-8.52178e-05
0.0422299
0
0
0
-0.0145469
0.0129528
-0.011512
0
0
-0.0284327
-0.0111862
0
0
-0.00142971
0
-0.00856107
-0.0165352
-0.0158926
0
0.0146798
0
-0.0132691
0
0
-0.0334409
-0.0206762
0
0
0
0.0144176
-0.0127397
-0.0114785
0
0
0.013594
0.0108225
0
0.0049826
-5.0785e-05
0
2.43502e-05
0
0.0157561
0
-0.0145111
0
5.7179e-05
0
0
0.0108648
0
0
0
0.00781119
-0.014352
0
-2.49775e-05
-0.00915247
0
-0.00650316
0
0
-0.00480026
0.00134134
0
0.0165385
0
0
0
0
-0.00671611
0.0128041
0
0
0
-0.00953724
0
-0.00820298
-0.00771899
0.0142768
0
0.0112822
0.00870385
0
0.0125673
0.00505983
0
0
0
0.00413863
-0.00804007
0
0
0
0.00686432
0.0065618
-0.00617109
0
0
0.00507332
0.00923474
0
0.00793387
0.00752192
0.00694898
0
-0.00551312
0
0
-0.00623229
-0.00484172
0
0.00228876
-0.000634063
-0.00405893
0
-0.00379417
0
0
-0.00667492
-0.0031598
0.00598592
0
0
-0.00494488
0
0
0.00384016
-0.00362119
-0.00659962
0
0.00523612
-0.00430485
0
0.00309458
0
0
-0.00217471
0.000887966
0
-0.00186983
0.00369635
0
0
0
0.00306461
0
0.00267371
0
0
-0.00221645
0
-0.00563378
-0.00348545
0.00159931
0
0
0.00428946
0
-0.00149258
0
0
0
-0.000281978
0
0.00186553
0
0
0
0
0
0
-0.00268319
0
0
0.00222716
0
0.00186238
0
-0.00162406
0
0
0
0
-0.00151282
0
0
0
0
0
-0.00164264
0
0
0
0
0
-0.00249861
0
-0.00222026
0.00215849
0
0
0.00172435
0
-0.00303485
0
-0.00232534
-0.00211267
0
0
-0.00109371
0
0
-0.000289031
0
-0.0015965
0
0
0
0
-0.00535283
-0.00250953
0
-0.00223939
-0.00215538
0
0
-0.00521607
0
0.00306266
0.0056192
-0.00242319
0.00216909
0.00354699
0
0.00113712
0
0
0.000294491
0
0.00312983
-0.00620392
0
0.00568393
-0.00537299
6.40372e-06
0.00501787
0
0.00454266
0
0
0
0.0102921
0
0
-0.00555051
0.00486897
0
-0.00357342
0.00584744
0
0
0
0
0.00620262
-0.00613014
0.00602578
0
-0.00558145
0.00533119
0.00519243
0
0
-0.00896488
-0.00838786
0.00789076
0
-0.0067616
0
0.0122665
0
-0.00953414
0
0
-0.00602435
0
0
0
0
-0.00605598
0.0119292
0
0.0113705
0
-0.0105226
0
0.00974172
0
0.00875799
0.0165016
-0.00775129
0
0
0
-0.0120031
0
0.0188394
0
0
0
0
0
-0.00442277
0.0012614
0
-0.00577502
0
-0.011035
0.0107037
-1.39324e-05
-0.00997013
-0.00945645
0
0.00851403
-0.00805652
0.0151862
0
0
0
0.0117006
0
-0.00944577
0
0
0
0
0
0.00453429
-0.00124982
0
0
0
-0.0106445
2.49384e-05
-2.20051e-05
0.0192393
-0.00912589
-0.0174395
-0.0082598
0
-0.0295189
0
0
0
-0.0113607
0
0
0
0.015024
0
0
0
-0.00430485
-0.00117344
0
0
0
0.0204597
-0.00995395
0.00955621
0.00931681
0.00880977
0.0168449
0
0
0.0142846
0
-0.0126451
-0.0118392
0
0
-0.0185156
0
2.2303e-05
0
0.00965835
0
0.00414308
0.00109087
0
0.0103583
0
-0.00983065
0
0
-0.0179753
0
0
-0.0156121
0
0.0138762
0
-5.22274e-05
0.0114397
0
0
0.0180132
0
-0.0136891
-0.0109606
-0.00932495
0
0
0.00172657
0
5.62277e-05
0
0
0
-0.0176178
0.0172019
-0.016474
0
-7.65946e-05
0
-0.0132838
0
0.0113224
0
0
0
0.0175599
-0.0143285
0.0126584
0.0187449
0.0171992
0
0
-0.00256421
0.00933057
-0.018244
0
0
0
-8.01533e-05
-0.0319836
0.0154253
0
0.0141098
0
0
0
0
0
0
-0.0168478
-0.0164058
0.0126471
-5.18712e-06
-0.0072168
-0.0147991
0.00952592
0
0.00077837
-0.0172814
0.0253749
-0.016692
0
0.0162942
-7.50286e-05
-7.2898e-05
0
0
0
0
0.0228453
0
0
-0.0178083
0
0.0148127
0
0
-0.00820456
0.00970982
0.0113573
-0.0071564
0
0
0.00789134
-0.0154563
0.0156653
0
-0.0149628
0.0135124
-5.98304e-05
0.0130293
0
-0.0255691
0.0211663
-0.0372647
0
0
1.09415e-05
0
0
-0.0133602
0
0
-0.0150584
-0.000153727
0
0.00247951
0
0
0
-0.0144975
0
0.0126363
-0.0112366
-3.43366e-05
-0.0112125
-0.0200772
0.0219878
-0.0174969
0.030145
0
-0.0131597
0.0095454
0
0
0.0115882
-0.0108233
0
0.00718008
-0.00550094
-0.00239485
-0.00224717
0.00122341
0
-0.0119054
0.012326
0
1.16206e-05
0.00817177
0.00914913
0.0180296
0.0327074
0
0
-0.0112159
0
7.50562e-05
-0.00784999
0.00968765
0
0.0172331
0.00799552
0
-0.00513623
0
0.00113593
0.000244355
0.000236814
0
0.0097934
0
0
-1.68976e-05
0
0.0138005
-0.0138753
-0.0127934
0
0.0105947
-0.00732449
0
0.000143265
0.00677952
-0.00672441
0
-0.0117482
0.0050114
0
0.000253229
0
0
0.000611561
-0.00654738
0
0
0
0
-5.264e-05
0
-0.00972462
0.00954674
0
-0.0088362
-0.00766129
0.00390732
0
0.010274
-0.00457778
-0.00813315
0
0
-0.00437268
2.50046e-05
-0.000479429
0
-0.00255232
-0.00140282
0.0052914
-0.00749178
0.00682248
0
-0.00468687
-0.00722736
0
0.005792
-0.00560811
0
0.00523985
0
0.00119374
0
-0.00253292
0.00668842
0.00652286
0
-0.00125414
-0.000748036
0.00242683
-0.000223673
0.00299392
0.00838443
-0.00441056
0
0.000189988
-0.00535998
-0.00412392
0.000143873
0.0020005
0
-0.00290021
0
0
0
-0.00182347
0.000387781
0
0.000778136
0.00029305
0.0017265
0
-0.00255887
0
0
-0.000215911
0.000102431
-0.00587765
9.32545e-05
0.00846935
0.003637
0.00358943
0.0026362
0.00138707
0
0
0
0
0
-0.002174
-0.00025721
0.00249119
0
-0.0108604
0
0
0
0
0
0
-0.000219362
-0.00771374
0
0.00827384
0.000292019
0
-0.00197079
0
0
0
-0.00409554
0
0.00331109
0
-0.000294005
0
0.000305926
0
0.0178076
0
0
0
-0.00919543
0.0113861
0
0.0117506
-0.0103259
0
0
0.000276557
0
0
0
0
0
-0.000412338
0
0.000334701
0.00510618
0.00448642
-0.0048625
0.000331061
0
-0.0231296
0
0
0
-0.000463863
-0.0146861
-0.0156594
-0.0154016
0.0124286
0.0221323
0.0130415
-0.0139079
0.00305499
0.000670006
0
0.00507317
-0.00596166
0.00728902
0
-0.0112918
-0.00580519
0
0.00603213
-0.0087465
0
0.0295827
0.0159724
0
0.0200531
-0.000537783
0.0192177
0.0372989
-0.000354618
0
-0.0269769
-0.0149403
-0.0166933
-0.00384625
-0.000550187
0
-0.00488551
0.0124949
0.00854919
0
0.0163291
0
0
0
0.0133012
0
0.000704542
0.000752425
0
-0.0238274
0.0172826
-0.0229756
-0.0212047
0.022545
0.0344209
0
0
-0.000294948
0
0
0
-0.00726772
-0.00848701
-0.010804
0
-0.0236081
0
0.0112842
0
-0.0386565
0
-0.029125
-0.0267986
0
0
0
0.0285612
0
0
-0.0378239
0
0.0169989
0.0460594
0
-0.0074185
0.0141087
0.015274
0
0
-0.0203477
0.0200391
0
-0.0396517
0
0.0306122
0
0
0.0369148
0.0451002
0
0
-0.0594745
-0.0303608
-0.0590892
0
0
0.000599899
-0.0277636
0
0.0484842
-0.0497389
0
-0.0510638
0
0.0460894
0
0
0.0407974
0.0422894
-0.108363
0
0
-0.125161
-0.0681931
0.0538591
0
0.0425903
0.0370193
0.076401
0
0
-0.0338081
0
0
-0.0211994
0.0578995
0
0.0717577
0.0829861
0
-0.0742343
0
0
0.0006924
0.163686
0
0
0.113322
0
-0.0887598
0
0
0
0
0.0768442
0
0.0277209
0
0
0.0423756
0.0722183
0
0
0.0426159
-0.0378233
-0.00109132
0
0
0.000815897
0.00998079
0
0
0
0.0216915
0
0.00772329
0
0
-0.0599057
0.00368366
0
0
-0.0407942
0
0.0518088
0
0
-0.0961577
0.0888015
0.000277592
0.0944044
0
0.0945415
-0.0947252
0.164839
0
0
0
0.14149
0
-0.000349847
0
0
0.187993
0.000728628
0
-0.0419137
0.0392611
)
;

boundaryField
{
    inlet
    {
        type            calculated;
        value           uniform 0;
    }
    outlet
    {
        type            calculated;
        value           nonuniform List<scalar> 
57
(
3.45019e-17
-2.05621e-17
0
0
0
5.77553e-18
-4.98411e-18
-4.45977e-18
2.02946e-18
1.89858e-18
0
0
0
1.61543e-18
-3.15227e-18
1.54556e-18
0
7.48851e-19
-7.41982e-19
7.3117e-19
-4.22703e-21
-7.22082e-19
0
3.52561e-19
-5.28459e-19
1.7565e-19
0
1.88017e-19
-1.97484e-19
0
0
-7.80559e-19
7.9982e-19
7.98827e-19
-8.2579e-19
-1.6721e-18
3.47916e-18
-1.82359e-18
0
0
2.21903e-18
8.42762e-21
-7.89469e-18
5.64202e-18
0
6.74957e-18
6.67053e-20
7.19467e-20
-9.26584e-18
-1.05987e-17
-9.22412e-20
2.75201e-17
-1.56768e-17
0
0
-2.94467e-17
5.88313e-17
)
;
    }
    upperWall
    {
        type            calculated;
        value           uniform 0;
    }
    lowerWall
    {
        type            calculated;
        value           uniform 0;
    }
    frontAndBack
    {
        type            empty;
    }
}


// ************************************************************************* //
