/*--------------------------------*- C++ -*----------------------------------*\
  =========                 |
  \\      /  F ield         | OpenFOAM: The Open Source CFD Toolbox
   \\    /   O peration     | Website:  https://openfoam.org
    \\  /    A nd           | Version:  8
     \\/     M anipulation  |
\*---------------------------------------------------------------------------*/
FoamFile
{
    version     2.0;
    format      ascii;
    class       volScalarField;
    location    "100";
    object      wpod_2;
}
// * * * * * * * * * * * * * * * * * * * * * * * * * * * * * * * * * * * * * //

dimensions      [0 1 -1 0 0 0 0];

internalField   nonuniform List<scalar> 
12225
(
-5.94322e-16
2.96856e-17
-2.15186e-18
1.593e-17
-2.65903e-17
-3.16305e-18
2.13156e-19
-1.46294e-17
-8.47331e-18
2.65255e-18
5.9315e-18
-5.14363e-18
-6.40659e-18
3.74876e-18
-6.05464e-18
-5.94006e-18
2.36181e-18
4.39976e-18
2.78238e-18
-3.5099e-19
-2.13391e-18
-1.04105e-18
-2.3576e-18
2.46804e-19
-5.64609e-19
-5.61454e-19
-1.06139e-18
9.62778e-19
1.91787e-20
4.29832e-19
-4.75139e-19
-1.48785e-19
1.85152e-18
7.78456e-19
1.18667e-18
-1.14591e-18
1.2573e-18
-7.26773e-19
-1.03864e-18
-8.49814e-19
-6.00086e-19
1.21009e-18
-9.48337e-19
1.53488e-18
3.89363e-19
-8.44837e-19
-5.9132e-19
1.19593e-18
-1.39967e-19
-4.98205e-19
1.0995e-18
-4.52644e-19
-4.47264e-19
-2.63555e-19
-3.57618e-19
-4.74554e-19
6.67696e-19
5.37e-20
1.717e-19
-7.49587e-20
2.21328e-19
9.04676e-21
7.7188e-20
-1.10033e-19
5.22771e-19
-4.54326e-19
3.4796e-19
2.99595e-19
-4.08951e-19
9.33163e-20
-1.1731e-19
2.9231e-19
-4.68996e-19
-3.19883e-19
-1.92042e-19
1.10825e-20
1.36627e-19
8.46933e-20
3.93974e-20
-2.24839e-20
9.81502e-20
7.35904e-20
1.98336e-20
2.97486e-20
8.31963e-20
4.4678e-20
-3.03687e-20
-2.35554e-20
2.40859e-20
3.10555e-20
3.0183e-20
2.78936e-21
7.40635e-23
-2.92189e-21
-8.06675e-21
7.54156e-21
-7.4482e-22
-5.13696e-22
0
0
0
0
0
0
0
0
0
0
0
0
0
0
0
0
0
0
0
0
0
0
0
0
0
0
0
0
0
0
0
0
0
0
0
0
0
0
0
0
0
0
0
0
0
0
0
0
0
0
0
0
0
0
0
0
0
0
0
0
0
0
0
0
0
0
0
0
0
0
0
0
0
0
0
0
0
0
0
0
0
0
0
0
0
0
0
0
0
0
0
0
0
0
0
0
0
0
0
0
0
0
0
0
0
0
0
0
0
0
0
0
0
0
0
0
0
0
0
0
0
0
0
0
0
0
0
0
0
0
0
0
0
0
0
0
0
0
0
0
0
0
0
0
0
0
0
0
0
0
0
0
0
0
0
0
0
0
0
0
0
0
0
0
0
0
0
0
0
0
0
0
0
0
0
0
0
0
0
0
0
0
0
0
0
0
0
0
0
0
0
0
0
0
0
0
0
0
0
0
0
0
0
0
0
0
0
0
0
0
0
0
0
0
0
0
0
0
0
0
0
0
0
0
0
0
0
0
0
0
0
0
0
0
0
0
0
0
0
0
0
0
0
0
0
0
0
0
0
0
0
0
0
0
0
0
0
0
0
0
0
0
0
0
0
0
0
0
0
0
0
0
0
0
0
0
0
0
0
0
0
0
0
0
0
0
0
0
0
0
0
0
0
0
0
0
0
0
0
0
0
0
0
0
0
0
0
0
0
0
0
0
0
0
0
0
0
0
0
0
0
0
0
0
0
0
0
0
0
0
0
0
0
0
0
0
0
0
0
0
0
0
0
0
0
0
0
0
0
0
0
0
0
0
0
0
0
0
0
0
0
0
0
0
0
0
0
0
0
0
0
0
0
0
0
0
0
0
0
0
0
0
0
0
0
0
0
0
0
0
0
0
0
0
0
0
0
0
0
0
0
0
0
0
0
0
0
0
0
0
0
0
0
0
0
0
0
0
0
0
0
0
0
0
0
0
0
0
0
0
0
0
0
0
0
0
0
0
0
0
0
0
0.000516661
0.00133884
0
0
0
-0.00101238
0
0
0
0
0.000378516
0
0
0
0
0.00016914
0
0
0
0
0
0
0
9.08296e-05
-8.28642e-05
7.19894e-05
6.12524e-05
0
0
-4.06307e-05
-3.59607e-05
0
0
-2.60964e-05
0
0
1.98736e-05
0
1.65167e-05
3.05872e-05
0
0
0
0
0
1.8284e-05
1.71257e-05
1.57363e-05
0
-1.29836e-05
0
1.05467e-05
9.36009e-06
0
0
0
5.24482e-06
0
0
0
0
0
0
0
0
4.76852e-07
0
0
-2.30037e-06
-3.51858e-06
0
5.06262e-06
-5.7595e-06
0
7.05106e-06
0
0
-8.19447e-06
0
9.94287e-06
0
-1.19832e-05
-1.26385e-05
-1.32812e-05
-2.71983e-05
2.98386e-05
0
0
0
3.56938e-05
3.95574e-05
-4.20048e-05
0
4.6269e-05
4.88997e-05
5.23265e-05
0
0
0
6.13663e-05
0
0
-6.86328e-05
0
0
-7.98826e-05
0
0
9.38237e-05
9.91751e-05
0
-0.000108404
0
0.00012059
0
0.000129983
0.000133799
0
0
0
0
0
0
0
0.00015123
-0.000152995
0
0
0
0
-0.000314172
0
0.000318539
-0.000307414
0
0
0
0.00030648
0.000305518
0
0.000306143
0.000305859
-0.000309168
0
0
-0.000291644
0
0
0
0
0.000266852
0.000254915
0
0.000259183
0
0
0.000238133
0
0.000249306
0
0
0.000225872
0
0.000218256
0
0
0
-0.00021207
0
0.000203148
0
0
0
0
0
0
0
-0.000371414
0
0
0.000329482
-0.00322581
0
0.000250577
0
-1.30955e-05
7.0012e-05
9.08269e-05
0
0.000108746
5.40292e-05
0
0
0
0
2.04773e-05
0
-5.58743e-06
0
0
6.32284e-06
0
-1.13188e-05
-2.44471e-06
9.38143e-06
-1.17872e-05
-1.22821e-05
0
0
1.14877e-05
-1.04546e-05
0
0
8.25039e-06
0
0
-6.71202e-06
0
6.39394e-06
-1.20119e-05
0
0
-2.19496e-05
-2.13632e-05
-2.10891e-05
9.55249e-06
-8.60166e-06
-2.58413e-05
1.54605e-05
7.18133e-06
0
-5.09458e-06
5.70293e-06
0
0
0
-4.071e-06
0
1.19315e-05
0
1.3778e-05
0
-1.55385e-05
0
1.47711e-05
-7.97707e-06
0
-1.37691e-05
-4.93544e-06
-4.82636e-06
0
-2.02387e-07
9.88563e-07
0
6.86841e-07
-4.37986e-06
0
-5.00737e-07
0
-6.52291e-06
0
1.61877e-05
6.14647e-06
-6.42045e-06
-1.09716e-05
1.27527e-05
0
0
0
-4.5733e-05
-1.95199e-05
2.4784e-05
0
2.12198e-05
-2.68275e-05
-2.987e-05
0
0
0
-3.04417e-05
0
6.4463e-05
8.27819e-05
-7.00299e-05
0
-3.3538e-05
0
-7.64641e-05
3.58853e-05
4.42096e-05
0
0.000134108
-9.78265e-05
-5.7423e-05
0
-5.53653e-05
-0.000160664
0
-0.000128517
-0.000109551
-0.00012128
0
0
0
6.79508e-05
7.62734e-05
0
0.000124901
0.000141069
0
0.000163049
0.000288367
-0.000165096
-0.000133731
0
0
0
-0.000147543
0.000140041
0.000279043
-0.000153861
0.000167182
0.000182336
0
0
-0.000174634
0
0
0.000295822
0
0.000150545
-0.000130035
0
0.00014847
0
0
-0.000121774
0.000298677
-0.000154962
0
0
0.000109146
0
9.71078e-05
0
0
0
0.000105166
0
-0.000112215
0
0
0.000184266
-0.000257543
0
0
0
0.000391585
0
-0.000416987
-3.01336e-06
0.00237163
0
-0.000390439
0
0
1.04425e-06
2.5998e-05
7.26817e-06
-8.92058e-07
0
0
1.72468e-05
4.55993e-05
-5.13935e-05
0
-4.44518e-05
1.73972e-05
0
-4.50396e-05
-2.34897e-05
4.33158e-05
2.20685e-05
0
-2.74229e-05
-1.70685e-05
0
-8.13926e-06
0
-5.92717e-06
-2.91518e-06
0
0
0
0
0
0
-2.75124e-06
4.18339e-06
0
0
0
-4.31465e-07
1.57373e-06
8.48459e-06
-9.48039e-07
-5.69451e-07
3.61106e-06
4.09478e-07
1.52214e-06
0
-1.54044e-06
4.10789e-07
0
0
6.69495e-06
0
0
1.38906e-06
4.41027e-07
-9.92415e-07
0
3.09732e-06
0
1.83558e-06
4.20873e-06
-7.23908e-06
-4.32223e-06
0
5.92232e-06
0
-2.35253e-05
-1.6439e-05
-1.18046e-05
4.52651e-06
-8.43643e-06
0
0
1.01642e-05
1.00559e-05
0
-6.7466e-06
0
4.62697e-05
9.74378e-07
-9.80557e-07
-3.03413e-05
0
2.23706e-05
9.74336e-07
0
0
0
-3.02963e-05
0
0
0
0
0
-4.56775e-05
0
-4.77483e-05
-3.75102e-05
4.73556e-05
0
5.0301e-05
0
5.14197e-05
-4.54405e-05
-0.000171821
0
-0.000190217
-6.07631e-05
0
-0.00014239
-0.000137626
0.000213423
0
8.28771e-05
7.00119e-05
0.000264188
0
0
0
8.56258e-05
0
0
-8.34939e-05
-8.76433e-05
0
0
-0.000201997
0
0.000181622
0.000206758
0
0
-0.000205338
-1.191e-06
-1.06865e-06
0
-0.000445932
0
0
0
0.000238465
0
-0.000387443
-0.000188438
0
-0.000215805
0
0
-0.000607302
0.000333914
0
0.000334033
-0.000211107
0
0
0
-0.000458989
0
-0.000124621
0
0
0
0
0
0
-0.00033584
0
-0.000128879
0.000546443
0
0
-0.000320584
-0.000158473
0.000250472
0.000354965
-0.00172031
-0.00247434
-0.000584601
-0.00016578
0
0.000196744
-7.60456e-05
0
-4.33004e-05
0
4.59502e-05
0
1.19545e-05
1.38663e-05
-1.9127e-06
0
1.05743e-06
0
0
4.17794e-06
0
1.08063e-07
0
0
1.74034e-07
7.1402e-06
6.26665e-06
8.42054e-06
0
3.13498e-05
0
1.52843e-05
0
0
-1.69761e-05
0
1.52609e-05
4.46339e-07
-2.6504e-05
2.19998e-05
0
0
8.98194e-06
0
8.85174e-06
-8.82902e-06
-8.46068e-06
0
8.50093e-06
9.65349e-06
-2.03051e-05
1.04757e-05
1.0218e-05
0
0
-1.20402e-05
0
0
2.33531e-05
2.46879e-05
0
0
0
0
2.32882e-05
-1.95031e-05
-2.20102e-05
-4.11747e-05
0
8.79626e-07
0
2.44481e-05
9.02897e-07
2.5877e-05
-2.55404e-05
9.18105e-07
0
-2.37604e-05
-2.55288e-05
-4.80631e-05
0
2.42373e-05
0
-6.0991e-05
3.13621e-05
-2.96358e-05
3.50296e-05
6.64422e-05
-3.06837e-05
3.15252e-05
0
-7.00493e-05
0
-6.58723e-05
7.11997e-05
7.8818e-05
-7.3987e-05
-7.71782e-05
0
-4.09805e-05
0
0
-8.55716e-05
0
0
-9.80646e-05
0
0
0
0.000216103
0
0.000238467
0.000118426
0.00013401
1.40083e-06
0.000127981
-0.000264779
-0.000133732
0
-0.000135779
-0.000301185
0
0
0
-1.30986e-06
0
0
0
0
0.0003446
0
-0.000347137
0
-0.000338537
-0.00017819
0.00034277
-0.000353078
-0.00018124
0.000183852
-0.000185075
0
-0.000191685
0
0
0
-0.000389724
0
1.71674e-06
0
0
-0.000373056
0
0
0.00036394
-1.70828e-06
0
-0.000321861
-0.000349369
0
0
0.000352921
1.61613e-06
0
0.000259221
0
0
0
-0.000215252
0
0
0.00030729
0
0
-0.000600487
0
0
0.000269685
0.000386223
-0.000233022
0
0.00107454
0.00116696
0.000462877
0.000289213
0
-0.000364294
1.84725e-06
0
0
0
-4.06105e-05
0
0
0
0
0
-8.52495e-07
4.94716e-07
0
0
7.33908e-06
-1.75741e-05
0
-9.3193e-06
7.83035e-06
0
-2.65347e-05
2.67981e-05
-3.62578e-05
-2.1044e-05
0
-7.96755e-05
0
0
2.62258e-05
-5.05041e-05
-7.31576e-05
6.71969e-05
2.06978e-05
-3.73153e-05
0
0
-9.6225e-07
0
3.35886e-05
3.16176e-05
3.16019e-05
0
-3.17967e-05
0
6.36621e-05
0
-3.04447e-05
0
2.987e-05
0
0
0
0
0
0
0
3.13815e-05
0
0
3.20662e-05
0
3.16239e-05
3.06754e-05
3.07784e-05
0
0
3.17469e-05
-6.38456e-05
0
9.51589e-05
0
3.27583e-05
0
3.40297e-05
6.09289e-05
-3.18269e-05
0
3.5965e-05
-7.0498e-05
0
0
-7.512e-05
0
6.94777e-05
0
7.70267e-05
0
0.00015293
-7.68721e-05
-0.000161298
8.07883e-05
7.85271e-05
0
1.6683e-06
0
-8.62639e-05
8.89669e-05
0
0
9.79071e-05
-9.89216e-05
0
0
-0.000107202
0
-0.000113482
0
-0.000124029
0.00012336
-0.000251944
0.00012823
0.00012973
0
0.000134166
0.000137805
0
0
0.000309763
-0.000164086
0.000318439
0
0
0
-0.000661091
0
0.000339303
0
0.000341469
0
-0.000348854
0.000349192
0.000355508
-0.000363717
0
0
1.48725e-06
0
0
0
0.000362131
0
0.000348743
0
0.000350399
0.000358064
-0.00036727
0
0.000354144
-0.00034425
0
-0.000335162
0.000668864
0
0.000645663
-0.000341202
0.00032101
0
-0.000291358
0
0
0
0.000252794
0
0
0
0
0
0.00027256
0
0.000499921
0
-0.000503397
-0.000484679
0
0
-0.000825583
0
0
0
1.60289e-06
1.54225e-06
-8.61281e-05
0
0
0
0
0
-6.39492e-07
0
-2.09418e-05
1.16758e-05
1.26437e-05
0
0
-1.558e-05
1.5745e-05
0
1.26345e-05
-1.82492e-05
0
1.85586e-05
-3.2258e-05
4.35513e-05
0
0
6.28934e-05
0
0
-5.73637e-05
0.00011566
5.73821e-05
-0.000110469
4.90131e-05
0
0
0
-4.39633e-05
0
-4.17014e-05
-4.00434e-05
-3.96675e-05
-3.77076e-05
3.73561e-05
0
-3.54192e-05
0
1.14161e-06
0
-6.55132e-05
0
3.32372e-05
0
0
6.70196e-05
0
0
-3.50221e-05
0
0
6.89049e-05
0
-6.49325e-05
-3.38651e-05
0
6.84045e-05
0
-6.94475e-05
0.000139234
0
-7.13215e-05
0
0
-6.72188e-05
0
-6.76593e-05
6.28318e-05
0
0
7.34018e-05
-7.16974e-05
-7.37492e-05
-7.55477e-05
0
-7.2388e-05
-6.48731e-05
0
0
-8.18185e-05
0
8.17336e-05
0
-7.65659e-05
0
1.7327e-06
0
8.77063e-05
0
0
0
0
9.77984e-05
0
0
0.000206515
0
0
0
0.000220264
0
0.000230334
0
-0.000242253
0.000239406
0
-0.0002553
0
0
-0.000593142
0.000307466
-0.000296793
0
0
0
0.000630472
0
-0.000326231
0
0
0
0
-0.000336218
0
0.000355837
-0.000343632
-0.000345813
0.000348218
0
0
0
0
0
0
0
-0.000345821
0
0.000352434
0
-0.00102224
0
0.00065524
0.00033883
-0.000330588
0
-0.000634789
0
-0.000619074
0
0
0
0
0
0.000556349
0.000554189
0
0
0
0
-0.000520772
0
-0.00102674
0.000543957
0.000533572
0.000537791
0.000544536
0
0.000631963
0
0.000409227
0.000304896
-0.000118626
-8.91603e-05
-6.11265e-05
-8.39855e-05
0
0
1.54798e-05
0
-2.83014e-05
0
3.77617e-05
0
0
-4.07707e-05
0
-4.22191e-05
0
0
0
-1.22657e-07
0
0
0
0
0
0
6.67674e-05
0
-6.06795e-05
8.92452e-07
-5.83397e-05
0
5.62406e-05
-4.9582e-05
0
0
0
0
0
0
3.79798e-05
-3.81377e-05
3.98509e-05
-7.50445e-05
0
6.96008e-05
-6.74047e-05
-3.16462e-05
0
3.41474e-05
0
-3.47534e-05
0
0
-6.87231e-05
0
6.845e-05
0
0
0
-0.000140412
-6.78389e-05
6.90236e-05
6.5422e-05
0
-7.10691e-05
0
7.1098e-05
-2.48596e-06
0
0
6.84888e-05
0
6.66398e-05
0
-6.6662e-05
-6.61433e-05
0
0
0
6.96373e-05
6.68934e-05
6.98546e-05
0
0
6.84429e-05
6.99419e-05
0
0
0
-0.000145826
0
7.20568e-05
0
-7.34091e-05
0
0.000159954
0.000149213
-0.000158749
0
0
0.000182961
0
0.000185049
-3.05149e-06
-0.000201465
0
0
-0.000208723
0
0
-0.000216899
0.000230941
-0.000455741
0
0.000247113
0
0
0.000564771
-0.000293146
0
0
0
0
-0.000292778
0.000302563
0.000305839
0
0
0
0.000325948
0.000650839
0
-0.00100771
0.000319255
0.000324844
0
-0.00065888
0
0
0
0
-0.000643146
0
0
0
0
0
4.76219e-06
0.000619081
-0.000636181
0.000658764
0
-0.000616628
0
0.000569846
0.000585295
0
0
0.000566211
0.000548311
0.000544754
-3.61021e-06
-0.000538873
0
0
0
0.000509324
0.000507845
0
0.000987694
-4.53127e-06
-4.58082e-06
-0.000534121
-0.00103352
0.00156145
0
0
-0.000792187
-0.00027966
2.72255e-06
0.00013372
2.82478e-06
5.65741e-05
0
0
3.8367e-06
0
2.59925e-05
0
0
0
0
6.1887e-05
0
5.04808e-05
0
0
4.14846e-05
3.88969e-05
3.92779e-05
4.83743e-05
0
6.63944e-05
6.91889e-05
7.02556e-05
-6.92678e-05
0
6.10701e-05
9.59372e-07
-5.40971e-05
-5.27532e-05
0
4.66933e-05
0
0
-7.60254e-05
-7.24877e-05
0
0
-0.00011524
0.000116985
0
2.92931e-06
0
-7.20297e-05
7.03823e-05
6.82989e-05
0
0
0
-6.7389e-05
0
6.59558e-05
0
0
-7.00553e-05
0
0
0
0.000134246
6.77594e-05
0
-2.91914e-06
0
6.33054e-05
-6.50326e-05
6.51648e-05
-6.84526e-05
0
6.59465e-05
-2.73603e-06
0
0
6.91572e-05
7.19416e-05
7.08178e-05
6.66495e-05
-6.19358e-05
0
0
0
0
-0.000143702
0
0
-0.000219628
0
0.000129226
0
0.000139968
0
0.000135683
0
0.000145288
0
-0.000156796
-0.000311201
0.000155099
0
-0.000174774
-0.000172861
0
-0.00018082
-0.00019118
0.00019792
-0.000192607
0.000203126
0.000189098
0
0
2.88834e-06
0
0.000213062
0.000223874
0
0
0.00023576
-0.000254865
0
0
0
0.000265786
0.000278176
0
-0.000299382
0
0
0
0
-0.000312205
-0.00031422
-0.000603241
0.000623635
0.00060925
0.000617366
0
0.00127227
0
0
0
0
0.000602094
0
0
-0.00059814
0
0
5.27899e-06
-0.00118524
-0.000597243
-0.000631172
0.000600287
0.00116196
-0.000569857
-4.87989e-06
0
0
0
-0.00054666
-0.000530879
-0.000524838
-4.15495e-06
0
0
0
0
-0.000482499
0
0
-0.000486657
-0.000488233
-0.000513228
0.000504596
0.000487377
-0.00148886
-0.000991481
0
0.000479548
0
3.17547e-06
0.000113132
6.49403e-05
0
1.86158e-05
0
0
0
-2.02796e-05
0
0
6.05435e-05
0
0
-5.65359e-05
0
-4.76615e-05
0
-7.8117e-05
3.88578e-05
1.2737e-07
-2.41191e-08
-5.64355e-05
-6.37893e-05
-0.000138185
-5.65793e-07
0
0
-0.000115496
5.34125e-05
5.07484e-05
4.80048e-05
0
-0.000117263
7.27091e-05
7.15016e-05
7.54969e-05
7.68818e-05
0
-7.69667e-05
0.000151041
-7.60649e-05
-7.41339e-05
0.000148348
0
0
0
0
-6.34493e-05
0
0
6.8582e-05
0
-0.000134507
0
6.60719e-05
0
0
0
0
-6.79084e-05
0
-6.17793e-05
-3.28724e-06
0
-6.47492e-05
6.46198e-05
-6.45945e-05
0
0
-0.000109944
-5.82489e-05
0
0
-0.000176437
0
-0.000186826
-6.12859e-05
5.85115e-05
0.000117078
0
0
0
5.19148e-06
-0.000125607
0
4.92705e-06
0
-0.000141631
-0.000126502
0.000130315
0
-0.000139273
0
0.000131629
0
0.000149707
0.000153023
-0.000141489
0
0.000332944
0
0
0
0
0
0.000192431
-0.000199228
-0.000180641
0
0
3.19091e-06
0
0.0002017
-0.000430894
0
0.000435287
-0.000680033
0
-0.000497578
0
0
-0.000256616
-0.000266907
0.000507328
0.000541421
0
0
0
0
0
0
0.00114058
0
-4.85487e-06
-0.000604747
0.000591501
-0.000606752
0
0
0
0
0.000581076
0
0.000569874
0.00113595
-0.000577259
0
0.000590094
0.000564126
0.000567626
0.000598618
-0.000583692
-0.000561512
0.000564932
-0.00111039
0
0
-0.000524582
0.000518857
0
0.000995051
-0.000521297
0
0
0
0.000885967
0.000904536
0
0
0
0.000947893
0.000969557
-0.000923377
0
0
0.000992497
0
0.000550107
0
0.000249311
-0.000137748
5.78556e-05
0
1.16057e-05
0
0
0
2.65631e-05
-4.46704e-05
0
-0.000115771
6.26536e-05
0
5.02877e-05
0
2.75002e-05
2.72947e-05
5.84866e-05
-7.44324e-05
-4.67152e-05
-0.000158626
5.85978e-05
-0.000128482
0.000204095
-6.84412e-05
0
-0.000120012
0.000103992
9.32112e-05
0
0
-7.72099e-05
7.39454e-05
-0.000139896
-0.000138526
0
0
0
3.36654e-06
-3.43399e-06
7.04854e-05
7.3995e-05
-0.00014076
0
0
0
-6.20827e-05
3.74135e-06
0
0
0
0
3.77229e-06
0
-0.000125634
0
0
0
0
0
6.07942e-05
0.000121921
-6.09877e-05
0
-0.000117855
0.000111245
0
-0.000108861
0.000113077
0.000158563
0
0
0
0.000116366
0.000109574
0.000220954
0
-0.000102039
-6.114e-06
-0.000107702
-0.000105836
0
0.000277792
0.000261754
0
0.0001241
0
0
0.000128137
-5.14818e-06
-0.000127822
0
0
-0.000256553
0
-4.87642e-06
0
0.000145121
0
-0.000159501
0
0
-0.000160322
0
0
0
0.000192784
0.000172464
0
0.000380645
0.000189348
-0.000374192
-0.000197395
-0.000200162
0.000428772
-6.91001e-06
0.000457314
0.00046918
0.000928123
-0.000485541
0
-0.000504979
-0.000505088
-0.000496055
-5.75758e-06
0
0
0
0
0
0
-0.0010916
0
-0.00113822
0
-0.0011451
0
0.000582184
0
-0.000581545
0
-0.0011601
0
-0.000557456
-6.40075e-06
0.001112
0
0
0
0
-0.000576044
0
0
0
0.00163439
0.00102547
0
0.000494461
-0.000498103
-0.000969713
-0.000960575
-0.000977088
-0.000891478
0.000904626
0
-1.09368e-05
-0.00173073
0
0
0
-1.06266e-05
-1.03664e-05
0.000905885
0
0.00138507
-0.00110118
0
-0.000613505
0
-0.000249762
0
-4.48149e-05
0
-4.13051e-05
0
0
0
5.05407e-05
5.01604e-05
0
4.78397e-05
-4.49536e-05
0
0
0
0
-2.78441e-05
-3.48628e-05
4.13172e-05
0
0.000100323
-0.000120239
0.000260124
-0.000131808
0
0
0.000107773
0
-8.94047e-05
8.33819e-05
0
0.000141986
0
6.85574e-05
7.06388e-05
-6.94366e-05
0
0
7.53045e-05
-3.71883e-06
-6.81918e-05
6.33393e-05
3.90547e-06
0
0
5.87962e-05
6.19718e-05
6.11683e-05
5.64119e-05
0
0
0
6.1528e-05
0
4.13255e-06
5.84705e-05
-5.8007e-05
0
0.000112229
-0.000111519
-0.000173789
-0.000164908
0
0
0.000115227
-0.000113431
0
0.000112842
-0.000109521
-0.00010807
0
0
-0.000114289
0
-9.86082e-05
-9.41253e-05
-9.71182e-05
0.000109338
-0.000106925
0.0001043
0.00019405
0
-0.000124788
-0.00011756
0
0
0
0.000104082
0
-0.000129814
0.000122571
0
0
0.000123192
0
-0.000262968
0
0
0
-0.000152418
0
0
0.000450808
0
0
0
-0.000525261
-0.000172576
0
-0.000386953
-0.00037122
0.000752581
-0.000381117
0.000396513
-7.65721e-06
-0.00046144
0
-0.000474587
-0.000460958
0.00050231
0
6.73171e-06
0.000973984
0
-0.000505918
0
0
0
0
0
0
0.000522822
0
0.000557017
-0.000562239
0.000551354
0
-0.000566097
0
6.66116e-06
0
6.84589e-06
0
0
-0.00053658
-0.000542035
0
0.00104096
0
0
0
0
0.0010114
0
-0.00100975
-1.29827e-05
-0.00100628
0
0
0.000945571
0.000916544
0.000964724
1.16674e-05
-0.000906292
0
-0.000852835
0.00168844
0
0
0.000903143
-0.00183703
-1.09684e-05
0
0
-0.0013912
0.00121096
-0.00097041
0
0
6.52612e-06
0
0
0
-5.21729e-06
0
0
0
-4.93974e-05
-0.000100335
0
0
0
-0.000112334
-0.00011454
0.000107844
9.82981e-05
0
0
0
0
0
-1.13565e-07
-0.000123377
0
0
0
0
0
0
-7.20812e-05
0
-7.70181e-05
0
0
0
7.94538e-05
0
0
0
-3.95636e-06
0
-0.000127828
6.45783e-05
0
0
-5.90924e-05
5.35413e-05
0
-5.70541e-05
-5.27121e-05
0
0
0
0
5.80737e-05
-5.81295e-05
5.74656e-05
-0.000105277
-0.000207147
0.000107364
0.000113052
0.000110509
0
0
0
0
-0.000104213
0
0
0
9.56414e-05
0
7.80118e-06
0
9.59418e-05
0
0.000103046
0
0
0
-0.000106205
0
0
-9.31367e-05
-9.77954e-05
-0.000112127
0
-6.26631e-06
0
0.000112044
0
0
-0.000109454
0
0
0.000109254
0.000116166
0
0
0.000145074
-0.00028527
0
-0.000305871
0
0
-0.000309756
0.000326055
0.000324507
0
0
0.000341587
-0.00035686
0.000366294
-0.000354815
-0.000388215
-0.000425589
-0.00041782
0
0.00045097
0.000480347
0
0.000481599
-7.15586e-06
0.0004851
0
0
0
0
0
0
-0.000506387
0
-0.000514426
0
0.000555369
0
0
-0.000531467
0
0.0011083
0
0.000534958
0
0
0
0
0
-0.00199417
0.00100889
0.00102997
0
-0.000967887
-0.0010022
0
0
-1.40989e-05
0.000947653
0
0.000875981
0
-0.000898998
0
0.0017371
0
0.000839032
0
-0.000826398
0
0
-0.000873099
0.000900366
-1.16943e-05
-0.000857712
0
0
0
0.00109786
0
0
0.000247786
0
1.74559e-05
0
-4.25123e-05
0
0
0
0
9.308e-05
-0.000101824
0
0
0.000108776
0.000112384
3.70197e-06
-0.000106437
0
0
0
0
0
0.000207298
0
0
0
0
-6.88219e-05
-6.54399e-05
0
0
-6.00703e-05
0
0
6.20573e-05
0
0
0
0
0
-4.11493e-06
5.52848e-05
5.71178e-05
0
4.93921e-05
0
0
-5.23469e-05
9.39246e-05
0
5.27915e-05
0
0
0
0
0
0
-9.49415e-05
0.000105682
0.000100449
8.35627e-05
-8.21706e-05
0
0
0
0
9.1537e-05
0.000103085
-9.11229e-05
9.82397e-05
0
-0.000201104
0
9.68492e-05
8.75235e-05
-0.000196014
0
0
-7.33349e-05
7.73076e-05
-7.68151e-05
9.21983e-05
0
0
7.13709e-06
8.99093e-05
6.92654e-06
0
-6.72831e-06
-9.14203e-05
-6.54704e-06
0
0
0.000109819
0
0
0.000203935
0.000103536
0
0
0
0.000277738
0
0
0
0
0.000602434
-0.000299398
-9.50928e-06
0.000325361
0
-0.00031738
0
0.000340677
0.000355378
0
0.000411027
0.000825588
0
-0.000437577
-0.000905039
0
0
-0.000946356
-7.61073e-06
0
0
0
-0.000513493
0
0
0.00100688
0.00050679
0.000527214
0
0
-0.00051569
0
-0.000488977
0
-0.000513773
0
-0.00100854
-0.00104824
0.000968527
0
0
0
0.000983426
-1.58731e-05
-0.00101506
0
0.000921335
0
0
0
-0.000902919
0
-0.000885806
-0.000832084
0
0.000826607
-0.000884762
-1.40049e-05
-0.000803948
-1.39459e-05
0
0.00078141
0
0
0
-0.000827945
-1.25036e-05
0.00166358
0
-0.0017145
-0.00142985
0
0
0
0
0
1.0001e-05
0
-1.36595e-05
0.00018117
0
0
0
0
0.000262329
0
0
0
0
-0.000203009
0
0
0
-9.61157e-05
0
0
-7.95838e-05
0
-7.22851e-05
0
0
5.59629e-05
0.000104125
0
0
4.85111e-05
0
-4.83071e-05
-5.08472e-05
4.77743e-05
0
0
0
0
-5.01792e-05
-4.90453e-05
0
0
-4.63092e-05
0
0
0
-9.35271e-05
0
0
-8.57395e-05
0
-8.69026e-05
0
0
0
9.70457e-05
9.06181e-05
-8.82814e-05
-9.98579e-06
8.91568e-05
0
0
0
0
-8.1293e-05
-7.32799e-05
8.6655e-05
-9.38131e-05
-8.65183e-05
9.73943e-05
0
0
-8.72808e-06
8.64316e-06
-8.26175e-05
8.71822e-05
8.26543e-06
-8.58692e-05
0.000160496
-8.98664e-05
0
-8.20509e-05
8.28469e-05
0
9.16539e-05
0
8.63349e-05
-8.69527e-05
-9.80288e-05
0.000180993
0
0
-0.000207507
0
-0.000221191
-0.000214203
0
-0.000239968
0
0
0.000249288
0
0
0
-1.05773e-05
0.000309239
-0.000315522
-0.000325421
0
0.000649424
-0.000317188
-0.00033382
0.000345559
0
-0.000392183
-0.000410393
-0.000393292
0
0.000430034
0
0
0.000923648
-0.000451778
0
0
0
0.000500413
0
0
-0.000500164
-0.000505338
-0.00102274
0.00102348
-0.00098495
0.000509232
0
0.000974843
0
0
0
0.000995439
0.00204382
-0.000992217
-0.000992926
0.000977548
0.000969008
-0.000937413
-1.70669e-05
0
0
0.000896014
0
-0.000847716
0
0
0.000860385
0.00175963
0
0
-0.00157763
0.000850077
-0.000746785
0.000791203
-0.000763456
-0.000762382
-0.00151517
0
0
0
0.000766195
-0.000781949
-0.000805852
0
0.00163141
0.00127729
0
0
0
0
0
0
0
8.12176e-05
-0.000107227
0
0
0.000161998
0
-0.00026465
0.000116111
0
0
0
7.07566e-05
6.95491e-05
0
0
4.99813e-05
-4.26047e-05
0
0
3.58203e-05
3.55246e-05
0
0
0
-2.69794e-05
0
0
2.77362e-05
2.87231e-05
3.54045e-05
0
-3.28117e-05
0
0
0
5.70531e-05
0
6.06308e-05
0
0
6.45113e-05
0
6.83558e-05
-6.685e-05
0
-6.51759e-05
-6.64446e-05
7.69229e-05
0
0.000147977
0
0
-7.29619e-05
0
-1.04367e-05
8.44496e-05
-1.03907e-05
0
0
0
0
-7.04713e-05
0
7.58991e-05
0
0
7.72906e-05
6.70712e-05
0
0
-7.81752e-05
0.000149065
8.91652e-06
-9.05723e-05
8.28545e-05
-7.55393e-05
-8.43318e-05
-7.24396e-05
0
0.000219861
0.000156377
0
0
0
-0.000364517
0.000176101
-0.000159815
-0.000169479
0
0
0.00018392
0
0
0.000199639
0
0.000233373
0.000223103
0
-0.000234588
0
0
0
-0.000587082
-0.000292434
0
0
0
-1.05611e-05
0.000649319
-0.000323538
-0.000353585
-0.000348696
0.000756389
0.000379603
0.000390057
0
0
0
0
-0.000866813
-0.000440998
-0.000463416
0
0
0
0
0
0
0
0.000979614
-0.000974835
0.000958413
0
0
0
0.000942836
0
0
0
-0.000979531
0
0.00194946
-0.000960449
-0.000951767
0.000911399
-1.81433e-05
0
0
-0.00181868
0
0.00165907
0.000829813
0
-0.000815171
-0.000854341
0
0
0.00156498
-0.00078338
-0.000732656
0
0
0.000745253
0.000734446
-0.000723483
0
0
0
0
0
0
0
-0.00187553
0
0
-0.000315811
0.000166573
0
7.308e-05
0
0
0
0
0
-6.78979e-05
0
2.74996e-05
8.0224e-06
0
1.4515e-05
0
1.34533e-06
6.02994e-06
0
0
0
-1.182e-05
1.19843e-05
0
1.75596e-05
0
0
1.84101e-05
0
0
0
-1.36729e-05
1.06136e-05
9.5118e-06
0
0
0
0
-1.42048e-05
-1.47018e-05
2.01415e-05
0
-5.41573e-06
0
0
-1.27952e-05
0
-1.64906e-05
2.45134e-05
0
2.75703e-05
2.70102e-05
0
0
-2.54801e-05
0
0
2.87615e-05
-1.96042e-05
-3.75985e-05
-3.13048e-05
-7.8071e-05
-3.55288e-05
0
0
0
4.23917e-05
-2.43969e-05
0
0
0
0
-9.63149e-06
0
0
0
-6.12668e-05
9.14243e-06
0
7.44207e-05
6.1459e-05
0
0.000117225
0
-7.8834e-05
-0.000114821
0.000134163
0
0
9.83019e-05
0
0.000111444
0
7.18968e-05
-7.56807e-05
0
0
-0.000138742
-1.4419e-05
0
-0.000139988
-0.000181788
0.000168103
0
-0.000200763
0
-0.000203561
0.000206846
0.000253293
0
0
0
-0.000238652
-0.000581841
0.000578704
0
0.000274828
-0.000650796
-1.05303e-05
0.00031367
-0.000316695
0.000321477
0
0
0.000356433
0.000382905
0.00041346
0
0
0
0
0
0
0.000826857
-0.000837251
-0.000846737
0.000847305
0
0
0
-0.00085547
-0.000851639
0
0.000839153
0
0
-0.00175281
0
0
-0.000812315
-0.00166793
0
0
1.86931e-05
-0.000825137
-1.85012e-05
-1.83771e-05
-0.000712548
-0.000735756
0.000753035
0
0
-0.000750393
0.000746067
0.00142799
-0.000699089
0
0
-0.00133263
0.00206106
-0.001309
-0.00143688
0
0.00143124
0
0
0
0.00290262
0.000968681
0
0.000587873
-2.13175e-05
-3.35534e-05
-1.93565e-05
-9.85792e-05
0
0
0.000117565
0
9.82101e-05
0
0
-5.44504e-05
0
3.90103e-06
0
2.03287e-05
0
0
0
0
0
-6.82719e-05
0
0
2.59278e-05
0
-4.99887e-05
0
0
0
-2.42261e-05
0
0
-3.20271e-05
0
0
2.12623e-05
-8.52822e-06
-8.84769e-06
-1.81547e-05
-1.10322e-05
0
0
0
0
0
0
-2.61848e-05
-2.55337e-06
-4.10559e-05
0
0
0
0
-2.31554e-05
0
-2.88142e-05
4.52269e-05
0
1.07391e-05
8.69923e-05
0.000121752
0
4.60661e-05
0
0
2.99272e-05
-4.4467e-05
0
0
0
-9.44549e-06
0
0
-1.63896e-05
4.35883e-05
0.000203506
0
-0.000244221
0.000180078
0
-8.37028e-05
0
0
0
-1.60358e-05
0
0
-0.000111918
0
0
0
-5.85042e-05
0.000164305
-8.47455e-05
-0.000179283
0.000260651
-0.000240474
0
1.35711e-05
0.00023723
-0.00023379
0.00030077
0.000297631
0.000294013
1.16256e-05
0
0
0.000252956
0
-0.000267548
0.000250074
0.000394889
-1.07408e-05
0
0
0.000437389
-1.02557e-05
-0.000384273
0.000394196
-0.000357803
0
0
0
0
0
0
0
0
0
0
-0.000851313
-0.000877737
0.00193623
0.00184054
-0.00093124
-0.000884714
0
0
0
0.00186615
0
-0.000860713
0
0
0.000912168
0.000897089
0
0.00172102
0.00172925
0
0
0.000843675
0.000844666
-0.000797796
-1.87536e-05
1.85525e-05
1.82914e-05
-1.81833e-05
0
0
0
0
-0.000722535
0.00070385
0
0
0.00130946
-0.00136186
3.30285e-05
0.00137695
0
-0.00143877
-0.00149528
0
0
-0.00116263
-0.000803547
0
-0.000689884
-0.000421339
2.1034e-05
4.37436e-05
0.000162853
-8.05971e-05
-0.000124256
1.3771e-05
0
-7.3292e-05
4.75654e-05
2.96839e-05
6.76801e-06
0
0
0
0
0
0
0
0
-3.4077e-05
3.57886e-05
0
-3.54048e-05
-3.48113e-05
0
6.36205e-05
0
0
0
4.95113e-05
0
0
1.74208e-05
-1.54326e-05
0
-1.14341e-05
4.65863e-05
1.3229e-05
-1.96629e-05
-9.69959e-06
-2.65854e-05
2.18417e-05
-2.96179e-05
0
0
0
2.87184e-05
1.07886e-05
4.90452e-05
0
0
3.61873e-05
-5.36568e-06
1.07418e-05
0
5.75623e-05
3.25036e-05
0
9.37591e-05
-0.000141817
-6.46753e-05
-4.17874e-05
-6.8587e-05
0
7.89268e-05
0
8.27865e-05
0
-0.000134561
-7.85389e-05
-9.19044e-06
0
-9.88e-05
8.60587e-05
0
-1.65785e-05
0.00010728
0.000128136
-0.000245419
0
-0.000132701
0
0
-0.000185112
-0.000355924
0
0.000401554
0.0004189
0
0
0
-0.00019911
-0.000178805
0.000126702
0.000384987
0.000239809
0.000221822
-0.000309777
0.000350217
-0.000395499
0
-0.000443063
0
-0.000194929
0.000131598
0
0
-0.000235625
0
0.00076139
-1.07392e-05
0
-0.00053951
0
0
0.000477375
-0.000463829
-0.000422446
0.000890591
0.00081464
0
0
0
-0.000951632
0
0
0
0
0
0
0.00201637
0
-0.00215815
-0.000968883
0
0.00105029
0.000949237
0
0.000926406
-0.000991942
0
0
0
0
0.000926906
-0.00186271
0
-0.000900095
-0.000892471
0
0
0
0
0.000794267
-0.00157109
0.000776781
0.00152398
-0.00073283
-0.000715535
0
0
0
0
0
0
0
0
0
0.00233664
0
0
-0.00132239
0.00145854
0
0
-0.00079336
0
0
0.000325679
0.000203397
0.000157722
-3.01478e-05
-9.6549e-05
7.8353e-05
0.000127986
-2.66169e-05
0
0
-8.86134e-05
-2.54161e-05
0
0
0
0
0
0
0
0
3.91596e-05
3.97741e-05
-3.79487e-05
0
3.91587e-05
0
-3.99135e-05
-2.73409e-05
0
-2.36404e-05
0
0
0
0
0
3.04545e-05
-4.23085e-05
0
-3.82761e-05
0
2.17029e-05
1.37282e-05
2.1332e-05
-4.99833e-05
-1.12202e-05
0
0
-2.47264e-05
0
4.38292e-05
4.8478e-05
0
0
-0.000142563
-2.73433e-05
4.29253e-05
0
-7.96007e-05
-7.0005e-05
0
0
0.000122316
-4.34724e-05
9.84166e-06
0
0
-9.32237e-06
0
0.000122622
-0.000136551
0.000158753
8.52429e-06
-0.000215917
0
0.00014283
0
0
-0.000180623
-0.000106473
0
-0.000325917
-5.96629e-06
0.000113589
0
0
0.000395555
0
0
-0.000418008
-0.000102359
0
-0.000263824
-0.000457816
0.000638969
0
-0.000247386
-0.000338889
-1.18879e-05
-1.15766e-05
0.000322045
0
0
0
-0.000386601
-0.000228866
0
0.00010777
-0.000326084
0
0
0
-0.000248616
-0.000357169
0
0
-0.000561699
0
-0.000429713
0
0.000440866
-0.000945653
-0.000937255
0
-0.000750114
0
1.65806e-05
0
0
-0.00122935
0.00116188
-0.00112002
0
-0.00220853
0
0.00100051
0.000886324
-0.00108497
-0.00106682
-0.00100274
0
-0.000965672
-0.000935332
-0.000858312
0
0
0
-0.000950121
0.000908231
0.000857067
0.000886832
-0.000871427
0
0
0
0
-0.000797227
1.82243e-05
-0.000741834
-0.000741758
0
1.7503e-05
-0.000672993
0.000685582
0.000639851
0
0
0
0
-0.00121044
0
-0.00120456
0
0
0.00123981
0
0
0
0.000665546
0
0
-0.000113667
0
3.03579e-05
9.04608e-05
0.000178955
0
-0.000140237
-0.00012306
0
0.000115892
8.6962e-05
0
0
0
0
0
0
0
2.71668e-05
0
-7.79093e-05
0
3.09266e-05
-3.57903e-05
3.30021e-05
-4.00854e-05
3.76231e-05
0
0
2.83905e-05
3.27819e-05
2.98947e-05
0
0
0
-3.63544e-05
5.95857e-05
-3.73933e-05
0
0
9.50071e-06
0
0
8.56453e-05
-4.47859e-07
-2.40817e-05
0
-6.81103e-06
0
-2.57845e-05
-3.7534e-05
0
0
6.68422e-05
0
0
0
0
1.88543e-05
-6.22237e-05
0.00012803
0
9.12492e-06
0
5.69396e-05
-0.000176927
-9.09406e-05
0
-7.56374e-05
0.000169116
0
7.93577e-06
7.90085e-06
0
0
0.000131114
0
-0.000135364
0
0
0.000409612
-1.32344e-05
0.000144614
0
0
-0.000228068
0
0
0
0
0
0.000594135
0.00050754
-0.000361236
0
0.000224777
0.000482052
-0.000734525
-0.000364924
0
0.000287365
0
0
0.000383404
0.000390873
0
-0.000470633
0.000348532
0
-0.000326499
0
0
0
0
0.000532194
8.30219e-06
0.000469331
0
0
0.000407031
0
0.000489712
0
0.000851413
0
1.5042e-05
0
0
0.00122446
-1.50916e-05
0.00130369
0
0.00239663
0
-0.000979043
-0.000905842
0.000993986
1.76938e-05
0
0
0.00100559
0.000943246
0.000941497
0.00082291
0
-0.0009217
-0.000895011
0.000792966
-0.000864229
-0.000887077
0.000863281
0
0
0
0.000787283
-0.000755889
0.000732238
0.000719424
0
0
0.00067083
1.66598e-05
-0.00132502
-0.000609546
0
0
0.000583475
0
0.00120077
0.00057501
0
-0.00107123
0
0.0011762
0.00127078
0.0013816
0
0
0.000572448
0
0.000125461
4.41818e-05
0
0
2.05687e-05
0
0
0.000163038
0
-0.000154951
-0.000139016
0.000111157
0
0
3.75664e-05
0
0
0
-9.86636e-07
0
5.30991e-05
0
0
2.67554e-05
-3.20852e-05
4.40336e-05
0
0
0
0
-4.5206e-05
-4.27566e-05
0
-4.65701e-05
0
3.29998e-05
-3.36378e-05
4.13741e-05
0
2.19597e-05
-4.89121e-05
0
-3.51883e-05
9.77226e-06
9.68906e-06
3.66887e-05
0
4.39242e-05
0
0
-2.08066e-05
0
0
0
-4.28454e-05
0
1.49364e-05
0
-2.76252e-05
8.08936e-05
-8.42315e-06
0
7.35343e-05
0
-0.000110697
0.000189969
0.000115431
0
0
0.000143161
0
0.000124476
0.000156177
-0.000213094
0
-0.000163907
0
0.000404131
0
0
0.000181838
-0.0001908
-0.000168723
-8.41046e-05
0
0
0.000275445
0
0
0.000165942
0.00033592
-1.10554e-05
0
0
-0.000478236
-0.000300697
-9.37343e-06
8.99252e-06
0
0
-8.17914e-06
0
-0.000434729
0
0.000471262
0
7.75355e-06
0.000368584
0.000393128
0.000378279
0
0
-0.000315343
0
-0.000499011
7.28295e-06
-0.000463094
0
0
-0.000417373
0.000476008
-0.000527408
0.000489677
0
0
0.00147614
0.000495061
0
0
-0.00104444
0
0
-1.44547e-05
0
0.00101557
-0.000972202
0
0.000962814
0
0.000917286
-0.00102647
0
0
-1.7818e-05
0
0.00181585
0.00177644
-0.0007886
0
-0.000846489
0
0
0
0
-0.000753865
1.64068e-05
-0.000668818
0
0
0
-0.000618947
0.000624474
0.00124383
0
-0.000558142
-0.000570597
-1.60376e-05
-0.000569788
0.000570563
-0.000554995
0
0.00160623
0.000532305
-0.00120143
-0.00181514
-0.00134148
0
0
-0.000400698
0
0
-0.000206431
0
0
-0.000238824
0
0
0
0
0
0.000181889
-0.000175619
-0.000168343
0
2.48541e-06
0
0
0
6.35657e-06
5.70228e-06
-3.7159e-05
0
0
0
0
0
0
0
0
-5.87439e-05
0
0
0
4.34127e-05
0
-4.40951e-05
-4.51208e-06
3.54829e-05
0
4.70376e-06
-4.75537e-06
0
2.33771e-05
-1.09743e-05
3.11477e-06
-2.06589e-05
0
-1.52122e-05
2.13603e-06
0
8.86881e-06
0
-7.21347e-05
0
6.15359e-05
0
-4.61682e-05
0
0
0
-0.000253446
0
0
0
0
-6.95027e-05
-9.89434e-05
0
0
-0.00010344
0
-0.000119231
0
0.000353742
0
0.000174603
0
-0.000177394
-0.000175049
0
-0.000137158
5.89067e-05
0
4.71189e-06
0.000161494
0.000180688
-0.000174279
0
0.000190167
-0.000292614
-0.000330127
-0.000386862
-0.000207889
0
0.000374183
0
-0.000360715
7.46456e-06
-0.000307645
0
-0.000335602
0
0.000315185
0
-6.80938e-06
0
6.49044e-06
-6.36916e-06
-0.000353077
0
-0.000383912
0
0.000366499
0
-0.00052755
0.00103146
-0.000529321
0
0.000559545
0
-0.00106951
0
-0.000504669
0
0
-0.000344053
-0.000433191
0
0.000368621
0
0
0
-0.00112807
0
0
0.000962463
0.00049073
0
0
-0.000924017
0
0
-0.000810475
-0.000786998
0
-0.00084602
-0.000874843
0.000809342
0
0.000834277
0
0
0
0
0
0.000661315
1.47488e-05
0
0
0
0.000602744
0
-1.44003e-05
0
0.000551382
0.000548753
-0.00106855
1.48609e-05
-0.000572167
0
0.000521414
-1.39954e-05
-0.000536684
0
0.000569607
0
0
0
-0.000405308
-0.00020006
0
0.000143969
0
0
0.000158327
0
0
0
0
0
0
0
0.000312756
0
-5.43085e-05
0.00010104
9.75188e-05
0
0
7.66099e-06
2.37007e-05
2.8993e-05
0
0
7.39259e-05
0
0
-7.49854e-05
0
5.98557e-05
0
5.60531e-05
0
0
4.11405e-05
4.14577e-05
3.45089e-05
-3.17342e-05
0
-2.82697e-05
6.276e-05
0
0
0
-3.29655e-06
0
0
0
-4.34959e-06
9.61337e-06
2.63845e-05
0
2.93366e-05
1.33408e-05
0
3.86288e-05
0
2.95635e-06
0
0
9.75067e-05
8.55078e-05
-6.79052e-05
0
0
3.679e-05
0
0
0.000102648
-3.73249e-05
1.61326e-05
0.00010748
0
-0.000126824
0.00016476
-0.000309204
0
0
0.000189573
0
-0.000114762
0
-9.28145e-05
0.000109355
-0.000101492
-0.000183319
-3.71969e-06
0
-0.000197485
0
0
0.000200419
3.35708e-06
-0.000149333
0
0
-0.000124327
0.000613849
0.000126169
0
0
0
0
-0.000268897
-0.000369761
-0.00034071
0.000293503
-0.000420522
-0.00036349
0
0.000753563
0.000330403
-0.000298066
0
0.000452921
-4.91774e-06
0.000557752
0
-0.000833607
0
0.000485754
-0.000472027
0
0
0
0.000316835
0.000440068
0
-4.66838e-06
0.000383956
0.000340845
0
0
0.00039997
0
-0.0004508
-0.000453352
0
0
0
0.000432749
0.000408956
0.000800891
0
0
-0.000378705
0
-0.000805771
0.000396194
0
0
0
0
0.000653581
-0.000632567
0.000614264
0.000628413
-0.000590388
0
-0.000562711
0
0.000535614
-0.000541986
0
-0.000535788
0
0.000505518
0.000503039
0
0.000461027
-1.26619e-05
-0.000906357
0
0.000539984
0
0.00059668
0
0.000563443
0
0.000248151
0
-1.08125e-06
0.000115276
0.000127823
-0.000121069
0
0
0.000133569
0
0
0.000126714
0
-0.000113215
8.09928e-05
-5.79035e-05
-0.000141614
-8.1652e-05
0
0
0
1.1006e-05
-4.3544e-07
0
0
-6.24758e-05
0
0
4.60546e-05
0
0
0
-3.32378e-05
0
0
-3.22993e-05
3.78886e-05
0
0
0
-1.69238e-05
-3.60525e-05
-7.29379e-06
0
-6.10898e-06
9.95984e-06
0
0
5.41681e-06
-1.44333e-05
-4.05111e-05
1.29807e-05
0
2.34225e-05
-2.29632e-05
-2.07559e-05
-3.88131e-05
0
1.38851e-05
1.99822e-05
0
4.60277e-05
-0.000108614
0.000152001
0
0
0
0
0
-0.000152012
2.75072e-05
-1.95344e-05
-3.92169e-05
0
0
-0.000182702
0.000122516
0.000119259
0
-0.000172577
0
0.000237949
0.000159216
0.000222964
0
0
0
-2.79166e-06
0
-0.000166599
-0.000139114
0
-0.000176483
6.99626e-05
2.43677e-06
0
0.000132034
0.000105124
-0.000183518
1.94027e-06
0
0.000121745
0
6.49538e-05
0.000317455
0
0.000153515
0
0
0.000161962
-0.00012805
-0.00033429
-0.000268392
0.000277972
0
0
-0.000399937
0
0
0.000350546
0
0
0.000398628
0
0
0
-0.000364546
-0.000437919
0
-0.000741315
-0.000698008
-0.000367693
0
0
-0.000757513
0
0.000436412
-0.000414856
0
0
0.000428385
-0.000413281
-0.000397847
0.000380867
0
0
0.000739337
-0.000372533
0.000365704
-0.000379418
0.000361873
0.000358177
0
0
-0.000642419
0.000936504
-0.000626729
0
0.000917493
0.000282003
0.000577638
0
-0.000821003
0
0
0.000562992
0
0
0
-0.000479664
-0.000466822
-0.000508282
0.000464509
0
-0.000535656
0
-0.0011444
0
-0.00069495
-0.000268335
-0.000169029
-8.12492e-05
2.64144e-05
-4.99754e-05
-0.000135094
0
0
6.87943e-05
-5.53463e-05
0
-5.7567e-05
-0.000123232
0
0
-0.000114686
0
0
-0.000122889
0
0
-4.3739e-05
-2.53319e-06
0
0
0
-1.61523e-05
0
0
0
0
0
0
-2.84664e-06
0
0
0
-5.53914e-06
0
0
0
-3.78106e-05
-9.7516e-06
-1.40623e-05
0
3.70551e-05
-3.96155e-05
-2.62016e-05
0
-5.99893e-05
0
4.00958e-05
-6.39897e-05
0
0
0
3.42692e-06
0
0
0
-3.01573e-06
0
-4.49856e-05
3.4046e-05
-2.68206e-06
0
0
0
0
0
5.00251e-05
0
3.67416e-05
6.72871e-05
-5.95496e-05
-3.94045e-05
5.4782e-05
5.56237e-05
-3.62945e-05
0
0.000195045
0
-0.000111884
-0.000180463
-0.000102684
0
0
0
-0.000124486
4.22616e-05
0.000127687
5.77274e-05
0
6.4673e-05
0
8.41633e-05
0
-6.18781e-05
0
-7.20209e-05
0.000130079
-0.00014703
-0.000118689
0
-7.59552e-05
-8.60902e-07
0.000133044
0.000130933
0
-0.000139698
0.000122352
0.00011629
0
0
0.000152484
0.000121709
0
0.000180221
-0.000177337
-0.000194254
0
0
0
0
0
-0.000186277
-0.000180131
0
0
0
0.00020432
0.000388584
0
0
-0.000202506
0.00039667
0
0
0.000408778
0
0
-0.000629513
0.000205274
0
-0.000192522
-0.000183284
0
-0.000391055
0.000376704
-0.000735681
-0.00036598
-0.000375195
-4.41035e-06
0
0
0
-0.000313343
0
0
-0.00031911
-0.000612461
0
0.000291094
3.93101e-06
0
0.000277832
-0.000304111
0
0
0
0.000505909
0
0
0
0
0
0
0.000835062
0
0.00019629
0.000137371
0.00022479
6.31931e-05
-1.10506e-05
-1.92625e-05
2.16966e-05
-3.00149e-05
0
-6.48682e-05
-6.12844e-05
0
-9.26897e-07
-7.0802e-05
0
0
0
0
7.49286e-05
8.68302e-05
0
0
5.514e-05
-5.24033e-05
0
0
0
0
0
0
0
0
0
0
-6.23989e-05
0
0
2.04398e-05
0
0
0
0
2.07135e-05
1.34473e-05
-3.50897e-05
0
0
0
4.97947e-05
0
4.46418e-05
0
1.83157e-05
3.97238e-05
0
-3.88558e-05
0
6.82597e-05
-3.28386e-05
0
0
-6.5709e-05
0
3.12952e-05
3.25934e-05
-9.97416e-05
-3.44406e-05
0
-3.04117e-05
0
0
-3.21055e-05
2.7599e-05
-6.49399e-05
-5.40196e-05
0.000110733
6.0283e-05
0
-7.1189e-05
-2.4925e-05
3.05631e-05
-3.36439e-05
0
0
9.1637e-05
0
0
0
3.53587e-05
6.37297e-05
-5.78329e-05
2.90943e-05
9.32151e-05
0
-6.26112e-05
0
0
0
-6.13047e-05
-2.81454e-05
6.63846e-05
-4.80614e-05
0.000129657
0
-6.86503e-05
0
-0.000105716
-0.000191914
0
0
7.2936e-05
6.46415e-05
0
0
7.69289e-05
-0.000153645
-0.000244839
0
-0.000179642
0.000157204
0.000174325
-9.15424e-05
0
0
0
0
0.000305343
0.000200281
0
-0.00011422
0
0.000333121
0
-0.000108737
0
0.000214705
0.000106359
0
0
0
-9.47206e-05
0
0.000105317
-0.000319425
9.39984e-05
-0.000177384
0.000177584
-0.000176277
0
0
0.000429566
0.000369533
0.000221255
-0.000297522
0
0
0
0
-0.000201464
0
0
0.000503982
0
-0.000310736
0.000294003
0
-0.000294551
0.000346842
0.000100132
0.000134523
0
-0.000147514
0
-0.000134091
0
0
0
-9.42013e-05
-0.000284242
0
-0.00015204
9.13039e-05
-4.34658e-05
0
0
2.54811e-05
3.52278e-05
3.42643e-05
0
0
0
0
6.39201e-05
9.16563e-05
0
0
0
0
-9.30829e-05
-9.89904e-05
0
0
7.79699e-05
-7.7749e-05
0
0
0
0
0
0
0
0
0
0
4.85082e-05
0
0
-4.70956e-05
0
0
0
0
3.4184e-05
-3.05548e-05
0
0
0
0
0
0
0
0
-3.31425e-05
0
0
6.58546e-05
0
0
5.67812e-05
0
0
0
0
-5.44082e-05
-5.50339e-05
4.96442e-05
5.05666e-05
0
4.86089e-05
0
0
4.70976e-05
-4.72075e-05
0
0
-4.77556e-05
0
0
0
-4.17354e-05
-4.03768e-05
-4.25546e-05
0
0
-4.18457e-05
0
0
0
-3.92196e-05
0
0
-3.30825e-05
-3.73365e-05
0
0
0
0
0
0
3.26866e-05
0
0
0
0
7.76692e-05
0
0
6.8495e-05
0
0
7.7605e-05
-6.74483e-05
0
0
-8.56094e-05
0
9.048e-05
0
0
0
0
9.51007e-05
0
0
0
0
-0.000103429
0
0
0.000123314
0
-0.000112355
0
0.000117898
0
0
-0.000120427
0
0
0
7.18751e-05
0
0.000101309
0.00010464
-7.30535e-05
0
0
0.000158924
0
0
0
0
-0.000259434
0
0
0
0
0
0.00020574
0
0
-0.000152494
0
0
0
0
0
0
-7.96619e-05
-0.000151847
0
0.00015617
0
0.000121491
0
0
0
6.31444e-05
0
0.000162983
0
0.000114437
3.29774e-05
2.73863e-05
0
7.11587e-05
8.8685e-05
-8.61176e-05
-8.21707e-05
0
-9.93923e-05
0
0
0
0.000121071
-0.000105407
0
0
0
0
0
0
0
0
0
9.09934e-05
-7.87754e-05
0
0
6.71541e-05
0
0
0
6.97214e-05
0
0
0
-0.000125953
0
0
0
0
0
-8.0214e-05
-8.77862e-05
0
0
0
0
0
0
0
0
0
0
0
-7.73744e-05
0
6.46979e-05
0
0
0
0
5.74386e-05
0
0
0
0
0
0
0
0
4.19636e-05
3.91171e-05
0
0
-3.93826e-05
0
0
0
0
0
5.76518e-05
5.97668e-05
5.81663e-05
0
0
0
3.93872e-05
0
-4.27601e-05
0
0
3.2562e-05
0
0
0
0
0
0
0
1.05836e-05
0
0
0
2.69206e-05
0
-2.44316e-05
0
0
0
-1.54359e-05
2.03953e-05
0
0
0
0
0
0
0
0
0
0
0.000102892
-0.00014922
0
0
0
0.000181593
0
0
0.000113056
0.000117795
0
0
0
-0.000152186
7.94783e-05
0
-0.000177238
0
0
0
-0.000126399
0
0
0
0
0
0
0
0
0
-9.2564e-06
0
-0.000101913
7.633e-05
0
8.70516e-05
0
8.56217e-05
0
-7.0294e-05
0
0
-3.11427e-05
-5.52735e-05
0
-0.000106816
0
0.000126989
0
0
0
0
0
0
0
-7.11902e-05
0.000171448
0.000206302
-4.14198e-05
2.94758e-06
-0.000141
0
8.27079e-05
-0.000262075
9.14758e-05
-9.00784e-05
0
8.3206e-05
0
-0.000126585
0
-0.000103021
8.90703e-05
0
0
-0.000174705
0
0
0
0.000150635
0
0
-8.6923e-05
-7.29218e-05
0
0
-7.29469e-05
0
0.000143695
0
-7.27179e-05
0.000144637
0.000260978
0
0.00013164
-0.000262699
0
0
0
0
8.66687e-05
0.000284745
0.00020664
0
0
0
0
0
0
0
0
0
0
8.20118e-05
0
6.52044e-05
0
0
0
0
-5.56623e-05
0
-9.54866e-05
0
-9.34025e-05
0
0
0
0
-0.000114026
-0.000103978
0
-7.63075e-05
3.7712e-05
0
0
0.000120913
-9.93012e-05
0
-4.78339e-05
-5.27854e-05
-4.62518e-05
0
0
0
-9.39565e-05
0
0.000106393
0
6.19653e-05
-6.48316e-05
0
0
0
0
0
0
0
1.281e-05
0
0
4.61133e-05
-2.11949e-05
0
1.51647e-05
0
-4.17086e-05
-8.07167e-05
-2.3894e-05
-7.45894e-05
4.67711e-05
7.28214e-05
-6.22873e-05
0
7.06016e-05
6.611e-05
-8.17367e-05
0
0
0
-0.000110779
0.000133942
-0.000202059
0
0
-0.000456759
0.000297262
-0.000275823
-0.000122399
0.000132426
0
0.000326195
-0.000251119
-0.000162779
0.000123042
0
-0.000180324
0.00025529
0
0
-0.000159728
0
-0.000266356
0.000248807
0
0
0
0
0
-0.000336138
6.36762e-05
0
0.000121374
-0.000102125
0
-0.00010539
0
0.000122266
-0.000136547
9.87082e-05
0.000217504
0.000163264
6.01936e-05
-8.35479e-05
0.000154033
-2.19292e-06
0
-0.000153296
0
0
-0.000334502
0.000225377
0
0.000266246
0
-0.000133473
-0.000142907
-2.08333e-05
0
0
0.000183784
0
-0.000372023
0.000414431
0
0.0001765
0
0
0
0.000130635
0.000286984
0
0
0
0
0.000413809
0
0
0
-0.000372984
0
-0.00020327
0.000304945
0.00040348
0
0
0
0
-0.000384156
0
0
0.000133798
-0.000250277
0
0
0.000472204
-0.000244862
0.000224748
0
0
0
-0.000207947
-0.000192751
0
0
0
0
0
0
0
0.000151388
0
0
0
0.000240693
-0.000127872
0
0
0
0.000218934
-0.000228519
0
0.000100384
0
0.000104172
0
0
0
-0.000161178
0.00020067
0.000215249
-0.000190688
-8.19642e-05
0
0
0
-0.000239533
-3.35547e-06
0.000116318
0
0.000114879
0
0
0
-5.79359e-05
-3.94641e-06
0
-6.99212e-05
0
-7.22699e-05
-4.07897e-06
6.88933e-05
0
0
0
0
0
-8.38635e-05
4.04069e-05
8.80178e-05
0
-0.000149591
0
0
0
0
0.000169322
-8.56366e-05
-7.56793e-05
7.52553e-05
-6.66757e-05
-8.08717e-05
-8.34527e-05
0
0.000103047
-8.79666e-05
9.52055e-05
0
0
-0.000244266
-0.000256709
0
0.000246142
0
0.000276067
0.000285188
-0.000305879
0.000325291
0
-0.000306423
0
-0.000327363
0.000316686
-3.96493e-06
3.89148e-06
-0.000311375
0.000343608
3.69592e-06
0
0
-3.63796e-06
0
0.000306844
0.000333215
0
0.000596528
0
0.000613636
0
0.000336741
0
0
0
0.000529149
0
0
0.000513688
0.000286597
0.000655017
0
0.000259412
-0.000218195
0
0.000627744
-0.000192855
-0.000210377
0
0
0
0
0.000398569
-0.000315229
0
-0.000347133
0
-2.54197e-06
-0.000302028
0.000185846
0
0
0.000452948
-0.000411855
0.000723296
-0.000803693
0.000469585
0.000426274
0
0
0
0.000331192
-0.000274016
-0.000275044
0
0
0.000279591
-0.000226757
0
0
0
0.000223598
0
0.00018054
-0.000286827
-0.000247676
0
0
0
0
0.00021727
0
0
-0.000236479
0.000209634
-0.000216698
0
0.000202556
0.000219296
-0.000218988
0
-0.000327446
0
0.00040943
0
0
-0.000385789
0
0
0.000342751
0.000337656
0.000381284
-0.000432129
0
0.000306517
-0.000323794
-0.000220268
0
0.000320806
0
0.000315671
-0.000223253
0.000244677
0
0
0
0
0
0
0
-3.71346e-06
3.98155e-06
-0.000164834
0.000200609
0.000149455
-0.000145639
0
0
0.00012477
0.000118625
-0.000138688
-0.000256362
-0.000125374
0
0
0
6.78144e-05
5.54216e-05
-0.000146624
-0.000157847
0
0.000195356
-7.9376e-05
7.01332e-05
0
0
0
0
0
0.000103542
-6.91142e-05
1.15509e-05
0
-1.13296e-05
0.000122419
0
0
-0.000133585
-0.000142057
0.000150254
0.000147154
0
0
0
0.000176391
0
-0.000203442
0
0
0
0
0.000246023
0.000265762
0.000291153
0
0.000582932
-0.000286659
0.000591853
-0.000627953
0
0
0.000667091
0
0.000659322
-0.000669568
0.000326728
-0.000978156
-0.00034226
0.000703411
0.000346776
0
0.000698163
-0.000364468
-0.000677792
-0.000657944
-0.000640311
0
-0.000596241
0
-0.000619288
0
0
-0.000579759
0
0
1.25317e-05
0
0
-0.000516979
1.27039e-05
-0.000507671
0
1.29619e-05
0
0.000459079
-0.000431682
0
0.00085117
0
0.000444276
0
0
0.000829546
0
0.000782683
-0.000822983
-0.0008453
0.00135541
0.00133425
0
-0.000731127
0
-1.00691e-06
-3.31704e-06
-0.000525579
0.000519329
-0.00096266
-0.0009852
-0.000451434
0
0
1.27956e-05
0.000324995
0.000293741
0
0
-0.000291338
0
0.00023303
0
0
0
0
0.000416848
0
0
0
0.000474386
0
0
-0.000425064
0.000534539
0
0
-0.000181237
0.000201103
-0.00035654
-0.000348915
0
0
0
0.000300116
0.000338021
-0.000387544
-0.000374831
0.000363138
0.00035884
0
0
-0.000717989
-0.000336136
-0.000373197
0.000563669
0
-0.000295842
-3.93698e-06
0
0
-0.000314524
-0.000275495
-0.00030631
0
0
-0.00022261
-0.000193568
0
0.000227117
0
0
0
0.000120987
-0.000147164
-0.000400641
0
0
0.000370882
0
0
0
0
0
0.000260416
0
0
0
0
0
0.000120306
0.000137526
0.000129413
0.000113334
-0.000191746
0.000330352
1.41551e-05
0
0
0
0
7.33676e-05
0
0
-0.000105419
0
0.000295105
1.38037e-05
0
0
-1.34031e-05
0.000162919
0.00014802
-0.000160606
0
0.00040335
-0.000402526
0
0
0
0
0.000508644
0
0
0
0
-0.000277637
0
-0.00058891
0
-0.00124209
0.0012721
0
0
-0.00065847
-0.000661141
-0.000651074
0.00134749
0
0.0013534
0.000673444
-0.000688964
-0.00136223
0
-0.000690048
0.000701471
0.000681803
0.000657438
0
0
0
-0.000638919
0.000647087
-0.000642869
0.000646776
-1.6782e-05
0
0
-0.000586448
-0.000595374
0.00114309
0
0.000581769
0.00108939
0
-0.000512652
0.00103572
-0.000457963
0.000918519
0
-0.000434561
-0.000877262
-0.000427016
0.000865403
-0.000908859
-0.00084212
0
-0.000809004
0.000846934
0.000889622
1.82992e-05
-0.000721605
-0.000732982
0.00142488
0
-0.000637717
-8.75402e-08
0
0
0.00103448
0.000510766
0.000428817
0.000432374
0
-0.000820607
0.000396077
0.000706166
-0.00060304
0
0
0.000577065
-0.000240744
0
0
0
0.000547642
-0.000492501
-0.000528301
0
0
-0.00052463
0
0
0.000426812
-0.000489736
0
0
0
-0.000404494
-5.54968e-06
0.000321468
0
0
0
0.000328763
-0.000345233
0
0.000775303
-0.000351806
0
0.000372409
0
0.000388381
0
0
-0.000308076
0
-0.000311416
0.000275905
0
0.000540142
-0.000592617
-0.000282659
0
0
0
0.000243794
0.000182928
0
-0.000239135
0
0
0
0
-0.000388356
0.000449935
0
-0.000225673
-0.000218759
0
0
0
0
0
0
0
0
0
0
0
-0.000143898
0
0.000160528
-0.000171913
0
-0.000362409
-0.00011901
0.000146513
0.000101544
0.000100611
0
-0.000107574
0
0
0
0
0.000204103
-0.000122943
0
0
0.000162851
-0.000150207
0.00017392
0.000145251
0.000387484
-0.000413794
0.000400457
0
0
0
0
2.94603e-05
0.000538073
0
-0.000541233
0
0.000588681
-0.000618332
0.000636015
0
0.000650078
-0.000654639
0
0.000700505
0
0.000668001
0
-0.00137282
0
-0.000688963
0.000700802
0
-2.02649e-05
0
0.00071875
0
-0.000715852
-0.000691594
0
0
0
0.00064796
-0.000649732
0.00196395
0.000658468
0.00180826
0
-0.00120836
0.00123663
-0.000644299
-0.0023178
0.00116861
-0.0011184
-0.00105725
0
0
-0.00104336
-0.00100966
4.51645e-05
0
0
0.000899935
-0.000917944
-0.000866693
-4.19704e-05
0
0
0
0
0
-0.00103041
0
0.000642605
-0.000571392
0
0
0.000599991
0.00114736
0
-0.00158117
0.00108441
0.000887887
0.000452756
0
-0.000444342
-0.000771222
2.99908e-05
0.00129375
0
-0.000626264
-0.000583079
0
0
0
0
-0.000562225
0
0.000486509
-0.000456845
-0.000525933
0
-0.000452838
0
0
-0.000503235
-0.000461088
0
0
0.000410532
0.00034618
-0.000298076
-0.00042007
0
0
8.23678e-06
0
0
7.68308e-06
0
0
-0.000344627
0
0
0.000759922
0.000798975
-0.000796766
0
0.000307114
0.000552466
0
-0.000529953
0.000455912
0.000554543
0
0
0
0.00051694
0.00046745
0
0
0
-0.000369359
0.000366656
0
0.000338583
-0.000428398
0
0.000564472
-0.000274175
0
0
0
0
0
0
-0.000250152
-0.000211234
0
-0.000298916
-0.000255743
0.000253638
0
-0.000281551
0.000195755
0
0.000187127
0
0.000209168
-8.56503e-05
-0.000131001
-0.00023343
0.000123816
-0.000273841
0.000358766
0.000386581
0
-0.000352681
0
0
0
0
0
3.71275e-05
-0.000351692
-0.00039605
0
0
0
0
-0.000565958
0
-0.000520053
-0.000521153
0
-3.34627e-05
0
-0.000593044
0.000630065
-0.000656957
0
0
0
0
-0.00144237
0.000732057
0
0
0.000701616
-0.000735638
0
-0.000701709
0.00145906
-0.000761654
0
-0.000718803
0.001494
0.00218867
-0.000744455
0
0
0.00139262
-0.00140977
-0.00140449
-0.00131412
5.04383e-05
-0.00124954
0
0.00123207
-0.00123825
0.00125491
0.00119994
-0.00119122
0
0
0
0
0.00116801
0.00106046
5.35182e-05
0
0
0
0.000957396
-0.000992221
0.00195528
0
0
-0.00101324
0.000970886
0
0
0
0
-0.000989907
-0.001241
0
0
-0.0010808
0.00102669
0.00104733
-0.00220849
-0.000917387
-0.000860993
0
-3.41747e-05
-0.000820848
3.38019e-05
-0.00145608
0
0.000665241
0
0.000676616
0
-0.000688347
0
0.000599731
0
0.000543264
0.000567768
0.000641439
0.000702576
-1.43912e-05
0
-0.000510476
0.000466079
-1.2412e-05
0
0
0
-0.000396648
0
0.00048876
0.000373007
-0.000720801
-0.000376553
0
0
-0.000405662
-0.00069784
-0.00086354
0
0
0
-0.000848076
-0.000831594
0.000876248
0
0
-0.0004938
-0.000646855
0
0
0
0
0
0
-0.000541197
-0.000516087
0
0
0
0.000352532
-0.000389152
0
0
0.000275298
-0.000401128
-0.000366686
0.000293562
-0.000312243
0
0.000318071
0
0.000393492
0.000379553
0.000655172
0.000526299
0.000308426
0.000310672
0.000282664
-0.00094697
0
0.00011681
-0.000169219
0.000343554
-0.000363155
0
-0.000412111
0
0
0.000737563
0
-4.59081e-05
-0.000629596
-0.000397871
0
0
-0.000408571
0.000428959
0
0
0.000494656
-0.000430839
-4.24145e-05
0
0.000449555
0
0.000479643
0
-3.97904e-05
0
0
0
0
-3.79138e-05
-0.000660369
0
0
0
0
0
0
0
0.000736067
0.000816406
0
0
0.00152666
0.0023024
-0.00156189
0
-0.00150846
0.0015328
0
0
-0.00304283
-0.00149231
0.00147469
0.00148606
0
-0.00142059
0.00143528
0.00293364
0.0014577
-0.00135912
0
0
0
0
0
0
0.00131501
-0.0013224
0
0
-0.00124286
-0.00116834
0
-0.00112823
0.00117458
0
0
-0.00110139
0.00207104
-0.00204931
0
0.000997379
0.00212679
-0.00100338
0.00211679
0
0.00116102
-0.00115862
0.00107808
0.00123916
0
0
-0.00112066
-0.00106483
0.0011837
0.00118257
0
0
0
0.000950636
0.000911221
-0.00177779
-3.54548e-05
0
0
0
-0.000693637
0
-2.88111e-05
0
2.4853e-05
-0.000737787
2.25327e-05
-0.000732592
0
1.94741e-05
0.000605442
0
0.00052084
0
-1.59854e-05
0
0
0
0.000410484
0
0.00105205
-0.000353107
0.000775733
0
0
0
0
-2.61041e-05
-2.56474e-05
0.000953397
0
0
0
0
0.000923347
0
0
0
0.000667671
0
0
0
0
0
0
0
-0.0004865
0
0
0
0
0
0.000494152
0
0
-2.52018e-05
0
0
-2.55901e-05
-0.000392658
-0.000387281
0
-0.000451996
-0.000434692
-0.000344867
-0.00031256
-0.000385343
0.000944326
0
0.00137298
0
0.00025734
0
-0.000675208
0.000383507
0
0.000521654
0
0
-0.000383237
0
0.000536532
0.00110747
0
0
-0.0004576
0.000923669
-0.00098426
-0.000580205
-0.000582333
-0.000510075
0
0.000501871
0
-0.000499016
0
-0.000991639
-0.00058835
0.000503139
0.000553786
0
0
0.000744946
0.000635923
0.000689769
0.00073973
0
0.00160855
0
0
0
-0.00156618
0
-0.00165106
0
0
6.44687e-05
-0.00159726
0.00325806
-0.00163214
0
0
0
0.00167908
0.00329224
0.00165788
0
6.46806e-05
0
0
0.00160584
-0.00155786
-0.00152508
0
0
0
0
-0.00147502
-0.00146414
0.0014645
-0.00132261
0.00269475
0
0
-6.81506e-05
0
-0.00129229
-0.00128033
-0.00120782
0
0
0.00110554
-0.00105215
-0.00117067
0
-0.00101726
-0.00107876
0
9.55255e-05
0
-0.00104317
0.00104084
0.00116341
-0.0011588
0
0
0.00123621
0
-0.00124526
0
0
-0.00105187
0
0
-0.00100684
0.000922507
0.000965821
0
0
0
0.000836963
0
-3.31727e-05
0
-0.000746103
0.00083419
2.6283e-05
-2.48033e-05
0
-0.000741345
-0.000666266
0
-0.00102343
0
0.000492287
0.00104394
0
0.000878261
0
0
-0.000808981
0
0
0.0011344
0
-0.00115615
0
0.00260188
0.00110307
-0.0020915
0
0.00118557
0
0
-0.00220608
0
0
0
0
-0.000900785
0
0
0
0
0
0
0.000585348
0
0
-0.000762273
0
0
-0.000582147
0
0.000552698
-2.83916e-05
0.00104799
0
0.00052428
0.000387283
-0.000980187
-0.00122482
0
0.00102601
0
0
-0.00101647
-0.00203853
0
-0.000591775
0
5.71113e-05
0
0.000527732
0.000670606
-0.000566886
5.80608e-05
0
0
0.000428577
0.000610351
0
-0.00175828
0
0
0.000532105
-0.000535009
0.00113028
0.000587618
0.000540009
0
0
0.000561222
-0.000626187
0.00065777
0
0.000505743
0.000624523
0
4.78351e-05
0.00066116
0
-0.000797037
0
0
-0.002339
0
-0.00171218
0.00185368
0
0
0.0016998
0
0
0
0
-0.0033752
-0.00186232
-0.00176558
0.0034408
0
0
0
-0.0017034
-0.00177694
-0.00353397
-0.00180299
-0.00171636
0.00177211
0
-0.00169195
-0.00176279
-0.00171237
0.00165985
0.00164992
0
0
-7.21194e-05
0.00150842
-0.00148412
0
-0.00141599
0
0
0.00135322
0
0.00131721
0.00128623
0
0
0
-0.00250255
-0.00244071
0.00220407
0
0
0
0.00240098
-0.00237745
0
0
0
-6.67575e-06
3.88641e-06
0
0.00136592
0
0
0
0
0
0.00218693
0
0
0.00202304
0
-0.00113091
0
0
0.000946197
-0.000908388
0
-3.73657e-05
0
-0.00101674
0
-0.000972423
0.00076543
0
0
0.000666741
0
0.00124177
0.00147068
0
-0.00129564
0
-0.00103258
-0.00119638
-0.00101193
0
0
0
-0.00141894
0.00153774
0.00324155
0
3.68593e-05
0.00137725
-3.57589e-05
0
-0.00123182
0
0
0.00129938
-0.00119002
0
0
0
0.000977576
0
0
0
0
0
0
0
0.000999217
0.00106159
0.00081228
0
0
0.00162225
0
-0.000851708
0.000883465
-0.00120308
0
0
0
0.00108759
0.00286487
0
6.33714e-05
0.00103012
0
0.00117998
0.00104046
0
0.000749433
-0.000929535
-0.000418757
0
0
-0.000897651
-6.2465e-05
-0.000419929
0
-0.000389146
-0.000426831
-0.000581068
-0.000854001
0.00100404
0.000484062
0.000836618
0
0.000919002
-0.000806758
0
0
0
0
-0.000564518
0.000795303
-0.000818741
0
0.00119395
0
-0.000980188
-0.00162307
-0.000668924
0
0
0
0.00191644
0.00169847
0
0
-0.00182683
0
0
0
0
0.00201356
0.00179574
0
0.00182408
0.00211573
-0.00215844
-0.00192777
0
0
0
0
0
-7.81796e-05
0.00190782
0
-0.00195117
0
0.00196282
0.00185963
0.00177493
-0.00172045
-0.00357481
0
0
-7.82617e-05
-0.00172759
0
-0.00161826
0
0
0
0
0
-0.00300227
0
0.00289911
0
0
0.00250979
0.00515351
0.00257604
0
0
0
-0.0051255
0
-0.00275155
0
0
-0.00162223
4.51447e-06
0
-0.00162031
0
0
-0.00142975
0
-0.00130848
2.82027e-05
0
0
-0.00209381
0
-3.87071e-05
0
0
-0.00109289
0
0
-0.00100104
0
0.000902346
-0.00210676
0
-0.00207907
0.00193053
0
0
0
0
-0.00170377
0
0
0
0
-4.81846e-05
0.00320893
0
-0.00164191
0
0
-0.00162833
-0.00172588
0.00174217
-0.00182504
-0.00160541
-3.94811e-05
0
-0.00146374
0
0
0.00157143
0.00139934
-0.00145513
-0.00125051
0.00110204
0
0
0
0
0
0
0.00135985
0
-0.00299019
-0.00119803
-0.00204472
0
0
-0.00241427
0
0
0
0.00150449
0
0
0
0.00161998
6.68753e-05
0
-0.0013591
6.91242e-05
0.00190039
0
0
0
-0.00258927
0.00175599
-0.00108721
0
0.00201079
0
0.00142854
0
0
0.000613687
0.00093124
0
0.00123708
0
6.43517e-05
-0.00112021
0
6.14478e-05
0
0.00113467
0
0
0.00261299
0
0
0.00234783
-0.0023207
-0.00162919
0
-0.000112044
0.00383
0.00198268
0
0
0
-0.0045988
0
0
0
0
0.00251002
0.00259779
0
-0.00254055
-0.00241056
-0.00217474
0
0
0.00273844
0.00553027
0
0
0
0
0.00248898
0.00254716
0.00478074
-0.0024349
0.00259262
0
-0.00235635
-0.00223998
0
0
0
0.00208727
0
0
0.00590865
0.00586548
0
0.00551779
0.0036691
0
0
-0.00346466
0
-0.000174883
0
-0.00304187
0
0
-0.00303101
-0.00572293
-0.00267789
0
-0.00283966
-0.00273186
-0.000139207
0
-0.00010761
0
-0.000843686
0
0.00121536
0
0
0
0
0.00108156
0
0.00112703
2.8694e-05
0
-0.000793625
0.00065662
0
-4.0639e-05
0
0.00184617
0
0
0
-8.58017e-05
0
0
0.00122192
0
0.00175916
-0.00148388
0
0
0
0
0
0
0
0
-0.00137937
0.00134635
-0.00143404
0
0.00107138
0
0
0
-0.00105657
4.95568e-05
-0.00101537
0
-4.61409e-05
0
-4.32223e-05
0
-0.00111629
-0.00111005
0
0.000963236
-4.19495e-05
-0.00115124
0
0
-0.000905609
0
0
0.00181914
-0.000639521
0.0015018
0.00165537
0
0.00109152
0
0
0
-0.0019365
0
-0.00150324
-0.00101894
0.00143728
0.00125071
0
-0.00134317
-0.00129409
-0.00132797
-0.00128232
7.70561e-05
-0.0013954
0.00158026
0
0.00121931
0.00142704
0
-7.37067e-05
0.00102836
-0.00187242
0
-0.00131941
0.00122184
-0.000575233
0
7.30909e-05
-0.00115454
0
0
6.9335e-05
0.00114853
0
-0.00285889
0
-0.00127094
0
0
-0.00559453
0
0.00207345
0.000122026
0.00418813
0
0
0.00227195
0.000118732
-0.00430154
0
0
0.00226693
-0.000115083
0.00218144
0
0
0.00258806
-0.00538346
-0.0059426
0
0.0025416
0.00257414
0
0
-0.00234726
9.2085e-05
-0.00279289
0
0
-0.00241953
0
9.04747e-05
-0.00455134
-0.00490041
-8.95255e-05
-0.00250756
0.00252235
0.00224567
0
0
-0.0022859
0
0
0
0
-0.00398352
0.000174204
0
-0.00379352
-0.00369515
0.00380243
0
0.00347264
0
0.0069956
0
0
0
0
-0.000181008
0.00294558
0
-0.00297598
0.00288664
0.00262316
-0.000143125
0.00336396
-0.000109248
0
1.10156e-05
-0.000882606
0
0
0
0
0
0
0
-0.000819241
-0.00160039
0
0.000746169
0
0
-0.000806239
0
-0.00128898
0
0.0010811
0
0.00109125
-0.000926281
-0.000901779
-0.00101486
0
-0.00128407
0
0
-0.0011252
0
0
0
0
0
0
0.00214222
0
0
0
0
0
0.000852562
0.000837902
0.00197876
-0.000856436
0.000882569
-0.00116517
0.00103338
0
0.000867552
0
0.000695746
0
0
0
0.00122258
0.00145418
-0.00106913
0
-0.000961475
0
0
9.88508e-05
0
-0.00302093
0
-0.00190361
0
0
0
0
0.00178663
0
0.00122128
-0.000992427
8.42648e-05
8.72453e-05
0
0
0
-8.59197e-05
0.0026251
8.58327e-05
0
-0.00247896
0
-0.00103358
-0.00140836
0
0.00155475
8.10931e-05
0.00137775
0
0.00210615
-0.0012604
0.000551355
0
-0.000885226
0.00088284
0
0
-0.00189645
7.49386e-05
0
0.00126695
0
-0.00269984
0
0
0.00320175
0
-0.00222603
-0.00210945
0.00013278
0
0
-0.00259378
-0.00221812
0.0021007
0
-0.00225657
-0.00240839
0.00199036
-0.00396322
0
0
-0.00264891
0.00526106
0.0028105
0
0
-0.00244482
0
0
0.004893
-0.00476737
0
0
0
0.00233356
0
-0.005099
0.00443959
0.00243702
0.00503909
0.00252295
-0.00236729
0.00234651
0
0
0.00221383
0.00432104
0
0
0
0.0041777
-0.00394893
0.00410244
0
0
-0.00372985
0
-0.00377994
0
-0.00741509
-0.00357737
0
0
0
0.00327678
0
-0.00332815
0.00264384
0
0.00291205
0.00677396
-0.00355125
0.00343693
0
0.000618768
1.21351e-05
0
0
0
-0.000660839
0
-0.000668389
0
0.00142955
0.000665025
0
0
0
0
0.00121649
0
0
0
0.00010339
0
0.00115667
0.000922184
-0.000105052
0.000891315
0.00100743
0.00186402
0
0
0.000948739
0
0
0
-0.000657776
0
0
-0.000702667
0
0.000742023
0
0
0
-0.00131076
7.35938e-05
-0.00144109
0
0
0.000783051
0
0
0.000560356
0
0
0
0
0
0
-0.000792797
0.00159151
-0.00150447
0.00125491
0
0.00120737
-0.00248931
0.00128827
0.00128052
0
0.00329027
0
0
0
-0.00156861
0
0.00138871
0
0.00110539
-0.000993762
-0.00117655
0
0.00152877
0
0.0012952
-0.00290507
-0.00141931
0
-9.27742e-05
0
0.00104455
0.00101351
0
-0.000789594
-0.00141628
-0.00254349
0
8.836e-05
0
0
0
-0.00090071
0
0
0
-8.13775e-05
-0.00176051
0
-0.00278548
-0.00275128
0.00233355
0
0
0
0.00273079
0
0
0.000143323
0.00245983
0.0028082
-0.000133028
0.00231093
0
0
-0.000133022
0
0
0.00197703
0
0
0.00287746
-0.00251568
0
0
0
0.00253384
0.00281969
0
-0.0025733
0.00237155
-0.00272182
0.00276978
0
0.00253221
0
0.00233884
-0.00221598
0.00237524
-0.00240577
-0.00239862
0
-0.00221227
0
0
0
0.000191527
0.00429255
0
0
-0.00414107
0
-0.00406636
-0.0042618
0.00414227
0
-0.00402274
0.00369149
0.00397432
-0.000180478
0.00321674
0
0
0.00370762
0
0
0.00318305
0
0.00277143
-0.00287478
-0.00355637
-0.00393363
0
0
-0.000463483
1.68629e-05
0
0
0
-1.83581e-06
0
0.000570917
0
1.95703e-05
0
0
0.000506231
0.000500024
0
-0.000505414
0
0
0
-0.000858985
0
0.000100153
0
0.000674246
0
-0.000704969
0.000105764
0
0.000846094
0.000780306
0
0
0
-0.000101285
0
0
0
-0.000683144
-0.000584452
0
0.00064059
-0.000647284
0.00059839
-0.000626657
0.000663402
0
0
0
0
0
-0.00110111
0
-0.000558373
0
0
0.000617526
0
0
-0.000530277
0.00101076
0
0.00105788
-0.000937723
0.00189868
-0.000796106
-0.00100785
0
-0.0010861
0
-0.0009728
0
0.000960887
0
-0.000924049
0
0.0014631
0.00125697
0
0
0.000102831
0.000977086
0
0.00226359
-0.0009159
-0.000770357
0.00168581
0
-0.00171593
0
0
0
0
0.00121551
0
-0.001012
-0.0010176
0.00112999
0.000941185
0.000911224
0.001068
-0.00120822
0
0.00105064
0.00100481
0.0012002
0.00382886
0.00274377
-0.0027263
-0.0023791
0
0
0.000153716
-0.00244771
-0.00259695
0.000149744
-0.00243993
-0.0020608
0.00241077
-0.00286906
0
0.00239185
0.0040542
0
-0.00251826
0
0
-0.00206005
-0.00265515
0.00269646
0.00286107
0
0
-0.00258766
-0.00305402
0
0
0.00294036
0.00298112
-0.00290465
0
-0.00261221
0
0
-0.00262213
9.62067e-05
0
0
0
0.00262276
0
0.00250341
0
0.000186637
-0.00463552
0
0.00513606
0
0.00501269
0
0.00489431
0.00016587
0
0.00462096
0
0.000160551
0.00443211
0
0
-0.00472323
-0.00819315
0.0045697
0
0.00391148
0
-0.00237571
-0.003159
0.00412416
0.00456069
0
0
0.000449701
0.000362101
0
0
0
0.000916152
-0.000453849
0
0
-0.000439842
0.000455662
0
-0.000429262
-0.000882147
0
0.000413838
0
0
0
0
0.000396888
-0.0015076
0
-0.000749772
0
0
-0.00134997
-0.00073067
-0.000621148
-0.000602289
-0.000722679
0.000704046
0
0.00103255
0
0
0
0.000472174
0.000578923
0
-0.00050051
0.000492617
-0.0005734
0
-0.000511732
0
0
0.000510566
0
0
-7.8288e-05
0
0.000400907
0
0
-0.000877598
0
0
-0.000423933
0
0
-0.00136754
0.000491243
-0.000683193
-0.000396682
0.000735389
0.000904998
0
-0.000902257
-0.000119878
0
0
0
0
-0.000952354
-0.00190778
-0.00066207
0.000796669
0
0.000107264
0.000106987
0.00108975
-0.000872024
0.000763619
0.000767469
-0.0017241
0
0.000683181
0
0.000711792
0
0
-0.000999044
0
0
-9.48758e-05
-0.00161427
-0.000798077
0.000986792
9.23169e-05
0.00076033
0.000935796
0
-0.00101457
8.6311e-05
-0.00196599
0
0.00192819
0.00176501
0
0
-0.00163291
-0.000155426
0.00207041
-0.00473596
-0.00211195
0
-0.00230691
0
0
-0.00238347
-0.00191704
0
0.00235249
-0.00232378
0
-0.000119127
0
0.00011524
0.000110826
0
0
0
0
0
0
-0.00272896
0.00301857
0.00299079
0
0
0
-0.00267607
-9.40329e-05
9.32567e-05
0
0.00282282
0
-0.00598035
0
-0.00269805
0
-0.00849303
0
0
-0.00576028
0
0.000149307
-0.00635384
-0.00572388
0.000154542
0.00514836
0
0.00466624
-0.00543508
0
-0.00504245
0
-0.000136454
0.0045667
-0.00524751
0
-0.00915751
-0.00525541
-0.00343809
0.00367746
-0.00415398
0
0
0
-0.000220453
0
0
0.000333315
-0.000331941
-0.000692678
0.000350953
0.000362233
0
0
-0.000734521
0
0.000383495
-2.19666e-05
0
0
0
0
0
-0.000372599
-0.000331476
0.00064717
-0.000344453
0.000587917
0
0.000329653
0.000569138
0.00056185
-0.000318308
0
0.000506441
-0.00050838
0
-0.0010598
-0.000549976
0
-0.000534597
-0.000539353
8.55123e-05
0.000511384
0
-0.000494565
0.000906497
0
0.000872605
0
0
-0.000376752
0
0
0.000356034
0.000416714
-0.000406464
0.000404791
0
0.000338845
0
-0.000395782
0.000321323
0
0
0.000316717
-0.00031663
0
0.000308627
0
-0.000647653
0
0.000955404
0.000630717
0
0
0
0
0.000943643
0.000630817
0
-0.00126273
0
-0.000537152
-0.000561182
-0.000607112
0
0.000690899
0
0.000618584
0
0
0
-0.000564387
0.0006667
0.000705767
0.000619755
0
0
0.000513902
0.00125246
0
-0.0014883
-0.000619645
0
-0.000646802
0
0.000766904
-0.000785181
0.00164692
0
0
0.000884923
0.000795066
0
0.000884089
0.00166876
0
0.00188881
0.000914654
0
0.0027877
0
0
0
0
0.00253522
0
0.00233491
0.00222716
0.00225334
0
0.000101337
-0.00259399
0
0
0.00215053
0
0
0
0.00257246
-0.00288701
-0.00269953
-0.00284795
0
0
0.00233058
0.00252678
-0.0052471
0
-0.00271814
0
0.00319012
-0.0028442
0
0
0.00290378
-0.00338323
0
0
0
-0.00645278
0.0100751
0.0087567
-0.00247472
-0.0050274
0
-0.0055368
0
-0.00582574
0.00684012
-0.00417046
0.00584793
0
0
0
0.00447423
0.00537421
0.00491519
0
-0.00367922
0
0
0
0
-0.000123876
0
-0.000558757
-7.26086e-06
0.000592315
0.000310615
9.98857e-06
0
0
0.000639194
0
-0.000295336
0.000619702
0
0
0
0
0
0.000608771
0.000306577
0
0.000264461
0
0.000293321
-0.000255851
0
-0.000277561
-3.49128e-05
0
0
0
-0.000251834
0.00042417
0.000415473
0
0.000397519
0.000391601
-0.000381809
-0.000374944
0
0.000359807
-0.000356888
0
-0.000540684
-0.000200163
0
-0.000390102
0
0
0.00037061
-0.00065559
-6.32075e-05
-0.000287726
-0.000345773
0
0
-5.94369e-05
-0.000338322
0.000336488
0
0
0
0
0.000305017
0
0
-0.000283948
-0.000231
0
0
0
0
0
-0.000492907
0
-0.00025867
0.00040513
0.000257098
0
-0.000264095
-0.000266462
0
-0.000473727
-0.000295575
-0.000277127
0
0
0
0
-0.000178296
-0.000435735
0
0
0
0
-0.000518261
0
-7.64195e-05
0
0.000509084
-0.000545971
0
0.000592156
0
6.87504e-05
-0.000633602
0
-0.000618327
6.5719e-05
0
-0.00127991
0.000826167
0.000809148
0
0.00217786
0
-0.00162313
0
0
-0.000650337
-0.000757175
-0.000981738
-0.00113989
0
-0.00232187
0
0.00130111
-0.00250856
0
0
0
-0.00122858
0
0
0
-0.00233427
-0.00290521
0.0024727
0.00223181
0
0
0
-0.00269408
0.0047175
0
0
0
0
0.00524453
0.00275995
0
0.00264795
0.00331428
0
-0.00297919
0.00236028
-0.00286171
-0.0051967
-0.00257168
5.98746e-05
0.00217664
0.00206892
-0.00287536
0
0.00604914
0
0.00630138
0
0
0
0.00382477
0
0
0
0
0.00420978
-0.00245685
0
0
0
0.000381622
0.000201209
0.000378395
0.000170977
-0.000339156
-0.000364236
-0.000615063
0
0.000230274
-0.000458432
0
0
-0.000659782
0
0
0
0
0
1.8182e-05
-0.000443981
0
0
0
-0.0004095
0.000413119
-0.000406224
0.000383177
0.000386507
0
0
0
0.000335866
0
0
0
0
0
0
-0.000339983
0
-0.000319677
0
-0.00030797
0.000542539
0.000256719
-0.000287755
0.000241557
0
0
-0.000233898
0.000765666
0.000216989
0.000259022
0.000740867
0
0
0.000533914
0.000542842
-0.000559346
0
-0.000563633
-0.000564139
-0.000537205
-0.000977318
0
0
-4.23123e-05
0
-0.000464563
0
0
0
0
0.000438038
0
0.000349444
0
-0.000459925
0
0.000826117
0.000456946
0
0.000548738
0.000570202
0.000489233
0
0
0.000513762
0.000517443
-0.000478568
0
0
0
0
0
0
-0.000523227
0.000988396
0
-0.000490525
0.00151901
0
-0.00101522
0
-0.00319855
0.00137567
-0.00124091
0
-0.00208714
0
0.00119699
4.68786e-05
-0.00124127
0
-0.00363514
0
0.00161917
0
0
0.000931173
0.000993508
-0.00143485
-2.74367e-05
0
0
0.00175017
-0.00150786
0
0.00199342
0
0
0
0
0.00247691
0
0.00200488
0.00197128
-0.00352104
0
0.0022019
0
0
0.00420107
-0.00308464
0
0
0.00164185
0
-0.00516047
-0.00641769
0.00328635
4.03115e-05
-0.00421336
0
0.00858037
-0.0022001
-3.90144e-05
0.00300831
0.00388279
-0.00361667
4.49968e-05
3.86967e-05
-3.80327e-05
0
0
0
-0.0023814
0.00354264
0.00387431
0
-0.00332301
0
0
0
0.00223204
0
0.0047524
0
0
-0.000216823
-0.000220601
-0.000252592
0
0.000257576
0
0
0.000272915
0
-0.00029094
0
0
-0.000301436
-5.03161e-06
-0.000291624
0
0
-0.000273753
0.000265939
-0.000503588
0
0
-0.000253673
0
0
-0.000479494
0.000476015
0
-0.00024466
0
0.000478837
-0.000472737
0
0
0
0
0
0
0
-2.11698e-05
0
0.000367806
0
0.000709649
-0.000700514
0
0.000359702
0.000378694
0
0
2.02123e-05
-0.000637118
-1.98613e-05
-0.000321902
-0.000338262
0.000347669
0
0
0
0.000434104
0.000402771
0.000721388
0.000699904
0.00067236
0.00102416
0
0
0.000558529
0
0.000272813
-0.000298035
-0.000310153
0
0
-0.000636282
0
0.000600489
0
0.00079551
0
2.70379e-05
-0.000767034
0.000586499
2.68452e-05
0
0.000754203
0
0
2.48164e-05
-0.000653512
-0.000698298
0
0.000852944
-0.00102655
0.0008419
0
0.00109049
0.000854628
-0.000856501
0
-0.00143795
-0.00148349
0
0
0
0.00271652
0
0.00203473
0
0.00162433
0
0.000869306
-0.00290159
0
-0.000661842
0.00260409
0
0
0
0
0
-0.00200537
0
0.00483574
0.00242851
0
-0.00261281
0
0
-0.00292631
0
0
0
0
-0.00213714
-0.0025962
2.01201e-05
-1.60235e-05
0
0
2.00458e-05
0
0
0
0
0
0.00211949
-0.0016392
0
-1.65849e-05
0.0046282
-0.00384196
-0.00607931
0.00486422
0
-0.00499122
0
0.0028119
0
-0.00450703
0
-0.00349645
-0.00304585
0.00170917
0
0
0.00386556
0
2.71141e-05
-0.00366787
0
0.00300637
0
0
0.00272402
-0.00413076
0
-5.70538e-06
0
0.000125932
0.000509859
0
0
0
0
0.000328795
0
0
0.000347801
0
0
0
0.000351832
0.000690604
-3.25287e-06
-0.000326265
0
0.000330498
-0.000333315
0
0
0
0.000297165
0
0
0
0.000305807
0
0.000597047
0
-0.000581047
0.00056723
-0.000287908
0
0
0
-0.000252062
-0.000241599
-0.000251629
0.000460569
0
0
0
-0.00023158
0.000450819
0
0
0.000482212
0
0.000453792
-0.000436209
0.000434431
0.000447333
0
0.00039453
-0.000382126
0
-0.000502878
0
-0.000503486
-0.00048006
0.000461623
0
0
-0.000450799
-0.000485161
0.000494132
0
0
0.000425712
0.000390855
0.000802334
0.000378696
0
0.000757933
0.000395627
-0.000453415
-0.00058589
-0.000502673
0
-0.001223
0.000806357
-0.000977119
-0.000987044
0
-0.000829037
0
0.000455897
-0.000433003
0
0.00175132
0.000888135
-0.000902059
0.00164858
-0.000783339
0
-0.00116309
0.000934617
0.001094
0
0.000807154
0.00130305
0
0
0
-0.00073309
0
-0.000678298
0.00117915
0
0
-0.000950001
-1.24022e-05
0
0.000641327
-0.00080194
0
-0.00127235
0
-0.000953231
0.000901876
0.00299848
0
-0.00446244
-0.00388169
0
0
0
0
0
-0.00144266
0
0.00188949
0
0
0.00243209
-0.00319122
0.00518047
0
-0.0028503
1.38505e-05
0
0.00213882
0
0.00323519
0
-0.00176229
0.00175398
0
0.00215195
-0.00361328
0
0.00218554
-0.00242944
-0.00212902
0
-0.00184255
0
-0.00223038
0
0.00187041
0
0
0.00191219
0
0
-0.00351616
0
-0.00164988
0
0
-0.0044871
0
0
-0.00133846
0.0019814
0.00102859
-0.00297603
0
5.73515e-06
-0.000174577
0
0
0
0
-0.000371867
0
-0.000189243
-0.000393962
0.000213903
0
0
0
-0.000389768
0.000596491
0.000401255
0
0
0
0.000400559
-0.000384865
0
0
0
0
0
-0.000364501
0
-0.000372311
0
0.000367992
-0.000339856
-5.73873e-06
0
0
0
0.00070811
0.000293305
0.000296324
0
0
0
0
6.20967e-06
0
0
0.000330793
-0.000626307
0.000316471
-0.000450186
0
0
0
-0.000332965
-0.000523401
0
0
0.000999114
0
0
-0.000735919
-0.000599457
0
0
0.000538308
0.000578688
-0.000732627
0
0
0
-0.000510353
8.49774e-06
8.27675e-06
0
0
-0.000621775
-0.000696779
0.0007332
-0.000547913
0
0.000799183
0
0.00040268
0
0.000519017
0
0
-0.0010283
-0.000469588
0
-0.00101273
-0.00155751
0
-0.000412279
0
-0.000278748
0.000662118
-0.000922105
0
0
0
0
0
0
0.000644145
0
0
0.000616982
-0.00131674
0
0.00101606
0
-9.24201e-06
0.0013697
0.000936531
0
0
0.00186392
0.000843118
0.0010698
-0.00102869
0
0.00151076
-8.06132e-06
0.0010589
0
0
0
0
-0.00180743
0.00167764
0
-0.00161048
0
0
0
-0.00130272
-0.00252781
0.00171892
0.00272203
-0.0027408
0
-0.00254984
0
-0.00152046
0
0
-0.00175917
0
0
0.00392115
0
0
0.00437995
0.00245733
0
0.00168669
0
0.00261978
0
-0.00363564
-0.0021021
0
0
0
0.00183837
0
0.00173453
-0.00158105
0
-0.00188815
0.0014754
0
0
-0.00109844
0
-0.000476363
0.00062094
0
-0.00022269
-0.000218323
0.00023147
0
0
0
0
0
0.000184272
0
8.56313e-07
0
0
0
0
3.60634e-07
0
-0.000262315
0
0
-0.000512018
0.000446277
0.000203182
0
-0.000234282
-0.000214055
0.000198784
-0.000218874
0
0.00024726
0
-0.000227546
0.000446289
0.000434228
0
0
0
3.77006e-06
0
0.000396291
0
-0.000421862
0.00042245
0
-0.000475998
0
0
-0.000336263
0
-0.000300857
0
-0.000273729
0
0
-3.89365e-06
0
0
0
-0.00039615
0
0
0.000692832
0.000274038
0
0
-0.000539733
0
0.000332323
0
0
0
0.000264537
-0.000500781
-0.00077757
0
0
0
-0.00039612
0
0.000633827
0
-0.000891944
0
0
0.00049674
-0.000576238
0.000436972
0
0.000387382
0
0
0
0.000538599
0
0
0
0.000338917
3.83786e-06
0
0
0
0.000523818
-0.000678576
0
0
-0.00149875
0
0
-0.00136841
0.000784925
0.000324636
-0.00207489
0
0.000921045
-0.00111196
-0.00103098
0
0
-0.000394405
-0.000982433
0
0.00063608
-0.000899655
-0.00140508
0.00150317
0
0
0
0
0
0.00118541
0
0
0
0
0.00110801
0
0.00108515
0
-0.00132572
-0.00128002
0
0
0
0
3.37371e-06
0
0
0.00100545
0
0
-0.00175826
0
-0.00106348
-0.00213044
0
0
0
0
0
0
0.00192324
0.00218256
0
0
-0.000627988
-0.0019247
0
6.6946e-06
-0.00146872
0
0.00168965
0
0
0
0
0
0
0
0
0.000138918
0.000144151
-0.000269728
0
0
0
0.000131151
0.00026852
0
-0.000223387
6.64604e-07
0
0
0
-0.000318276
-0.000330914
0
0.00026056
0.000266299
0.00026115
-0.00028717
0.000226052
3.00172e-07
-0.000202382
0.000240005
-4.50658e-07
-0.000255816
0.000244297
-0.000260687
1.11738e-06
0.000247024
-0.000249412
0
0
-0.00026214
0
0
-0.00046332
0.000285073
-0.000484829
0
0.000535284
-0.0002947
0
0
0
0
-0.00012686
0.000131981
0
0.000133747
0.000281576
0.000473796
0
0.000594088
-0.000471423
-0.00032818
0
-0.000370132
0
0
0
-0.000217703
0
0
0
-0.000292553
-0.000297777
0
0.000277748
0
0.000309449
0.000241712
0.000501074
0
0.000200497
0
0.000394346
0.000319967
-0.00051575
0.000270465
0.000526901
0
0
-0.000444163
0
-0.000214968
0.000146009
0
0
-0.000270817
0
0
-0.000289868
0
0
0.000289348
-0.00144043
0
-0.000351317
0
-0.000523071
-3.28462e-06
-0.000603851
-0.000857815
-2.85028e-06
0
0
-3.32517e-06
0
-0.000577177
0.000718875
-0.000742829
0.000388297
0
0
0.00060264
0
-0.001018
0.00039076
-0.000667367
1.30893e-06
-1.73582e-06
0.000691024
-0.00077378
0
0
-0.000647647
0
-0.00055062
0.000481559
0
0
0.000614388
0
-0.000611374
0
-0.000605804
0.000488236
0
0.00132974
0
0
-0.0014224
0
-0.00131719
0.00118829
0
-0.00130517
0.00154557
-0.00136666
0
0
0.00143978
0
0
0
0
0
0
0
0
0
0
-0.0010052
0.000646742
-0.0010777
-0.00103244
-0.00179043
0.00142123
0
0
0
0
0
0
0
0
0
0
-0.000164741
1.17437e-06
0
0
-0.000169879
0
5.2888e-07
-0.000315568
0
0.000315029
-0.000152682
0.00015574
-0.000159851
0
0.000348607
0
0.000165617
0
-0.000308277
-0.000298991
0.000314556
-0.000285489
-0.000292473
0.000275514
0
0.000140598
0
0
0.00012153
9.1384e-07
-0.000238268
0
0
0
-8.6633e-07
-0.000245103
0
0.000251222
-0.000272696
0
0
0
9.07393e-07
0
0
0
0
0.000118685
-0.000156038
0
1.22404e-06
0
-0.000472528
0
-0.000310801
0.000584616
0.000379179
0
0.000332214
0
0
0
0
0
0
0
0.000155519
0.000129272
0.000163334
-0.000451495
0.000144074
0
-0.000294074
-0.00027965
0
-0.000313809
0
0
-0.00030822
0.000292209
1.91964e-06
0
0
0.000325768
0
0.000271615
-0.000521335
-0.000215252
0.000155758
0
0.000288988
-0.000305763
0
0.00023191
0
-0.000320798
1.4009e-06
0.00116506
0
0.000259677
0
0
0.00117262
0.000846576
0.00111616
0.00054349
0
0
0.000711325
0
0.000274653
0
0.0011269
-0.000921105
-0.000299761
0
-0.000857897
-0.00038482
0.000796423
0
0.00175967
-0.00168137
0.000913569
-0.000898879
0.0021295
0
-0.000871551
0.000850821
0
0.000876846
-0.000794828
0.000940386
0
5.83019e-07
0
-0.000879549
0
0.000880035
-0.00152514
0
0
0
-0.000851153
0.00175409
0
0
-0.00153368
0
0
-0.00101763
0.0018399
0.000743726
-0.000840244
0.00117923
0
0.000947873
0
0
0
-0.00102605
0
-0.000929488
0
0
0.00132317
0
0.00275006
0.00242506
0
0
0
0
0
0
0
-0.000125735
0.000326349
-0.000691325
0
0
6.60092e-05
-0.00019783
-0.000118948
0
0.000102494
0
-0.000177902
-9.50007e-05
0
0
-0.000179299
-0.000201635
0.000397959
0
-0.000154353
0
-1.34048e-07
0
0
-0.000179159
0
-0.000158894
0.000163987
0
-0.000174581
5.66756e-08
0.000192739
-0.000172038
0.000167997
-0.000498269
0
0
0.000147409
0
0.000346873
0.000292415
0
-0.000325085
0
0
0
0
-0.000327291
0
0
-0.000171409
0
0
-0.000141522
0
-0.000269839
0
0.000146735
0
0
0.000347412
0
0
0
-0.000223336
0
0
0
0
0
0
0.000295294
-0.000235233
-0.00030679
0.000287335
-0.000569538
0
-0.000284965
-0.000229368
0
0
0
0.000259353
0
-0.000248909
-0.000673843
0
0
-0.000632817
-0.00018687
-0.000526279
0.000670462
0
-0.000406968
0.000201148
0
0.000299115
0
-0.000261588
0
0.000678222
-0.000556631
-0.000741073
0
0.00128778
0
0
-0.000760008
0
0
0.00170323
0
-0.000715624
0.000700551
0
0.00134407
0.000793706
-0.00094604
0.000760888
0.000664442
-0.000718376
-0.000863019
0.000711112
0
0
-0.000806175
0.00068963
0
0
-0.00273503
0
0.00151542
0
0
-0.000855818
0
-0.00251031
0
-0.00177847
0
0
0
0.000788398
0.000804111
-0.000917648
0
0.00087108
0.00154174
0
0
0
0
-0.00176844
0
-0.00158688
0.00155404
-0.00146148
0.0013451
-0.001947
0
-0.00152129
0
0
0
-1.40987e-06
0
0.00145974
0
0
0
0
-0.00293898
-0.00257661
0
-0.000604514
0
0
0
0.00025204
0
0.000678112
-0.00125913
0.00193689
0
-0.00150867
-0.000262249
0
0.000313438
-0.000151322
0.000145997
0
0
0.000152391
0
0
0
0
-0.000174819
0
0.000116837
0
-0.000232664
0
0.000142229
0.000286151
0
0.000288934
-0.00030776
0
0.00014691
0.000127047
-0.000347426
0.000305043
-0.000144279
0.000300156
0
0
-0.000285081
0.000170075
0
0
0
0
0
0.000122552
0
0
0
0
0
0.000321306
0
0
0.000609585
0
0
0
-0.000280703
0
0
-0.000529926
0.00025706
0
0
0.000921281
0
0
0
0.000277402
-0.000308837
0
0
0
0
0
0.000619473
0
0.000896715
0.000847468
0.000346539
0
0
-0.000288839
0
-0.000281452
0
0.000330232
-0.000261662
0
0.00022806
0
-0.000257228
0
0.000541668
-0.000500169
0
0.0014036
0.000718383
0.000699432
-0.000754282
0
0.000671334
0
-0.000573811
-0.00145562
0
0
-0.000773991
0
-0.000819744
-0.000822794
0
0.000791606
-0.00160414
0
-0.00150901
-0.0016266
0.00279623
-0.000858727
0
0.00160388
0.00273646
0
0
0
-0.00243446
0.00146609
0
0
0.0016837
0
0
-0.000783787
-0.000801259
0.000862025
0
0.00245136
0
0
0
0
0
3.25312e-07
0.00317194
0.00164041
0
-0.00157808
0
0
0
0
0
0.00292049
0
0
-0.00247035
0
-0.00106508
-0.00139035
0.00115341
0
0.001064
0.000867892
0
0.00207944
0
0
-0.000638761
0
0.000392675
0
0.000738602
0.000394122
0
0.000346594
0
0
-0.000387905
-0.000726956
0.000363602
-0.000320042
0.000590057
0
0.000533514
-0.00187738
0.000299812
0
-0.000333013
0.000334824
0
0
0
-0.000139085
0
-0.000148226
-0.00013472
0
-0.000321204
0.000141201
0.000371462
0
-0.00012489
0
-0.000266253
0.000132844
-0.00013427
0
0
0
0.000274829
0.000344044
0.000151758
0
0.000130925
0
0
0.000139463
0
-0.00031371
0
0.000136521
0.000142181
-0.000148123
0.000139883
-0.000273659
0
0
-0.000149664
0
-0.000162367
0.000142103
0
0
-0.000561409
0
-0.000295258
-0.000254123
0
0
-0.000284491
0
-0.00045226
0
0.000241167
-0.000586062
0
0
0
-0.000510509
0.000540332
0
0
0
-0.000202051
-0.000259843
0
0
-0.000247295
-0.000521365
-0.000578993
0
0
-0.000504938
0
-0.00047493
0
-0.000818921
0.000430932
0.000256088
0.000365463
0
-0.000416634
0
-0.000843793
0
0
-0.00111861
-0.00109653
0
0.0011182
0
-0.00108983
0
0.000880611
-0.000535785
0
0
0.00165423
0
0.000605553
-0.00120373
-0.000557551
0.00113323
-0.000592266
0
0
0
-0.00208132
0.00122987
-0.000534825
0
-0.00199183
0
0
0
0.00101775
0
0
0
0
0.000599196
0
0.00083864
0.000911561
0.00168998
0
-0.00113998
0
0
0.000587907
0.000542534
-0.000592571
-0.00238148
-0.00244004
0
0
-0.00122942
-0.00123159
0
0
0
0
-0.00130255
-0.00126122
0
-0.00129664
0
0.00246472
0.00268609
-0.00388731
-0.00127175
-0.00259595
-0.0026523
0
-0.00137479
-0.00128415
0
0.00249924
-0.00127176
-0.00379885
0
0
0.00253401
0
0.00127337
0
0
0.00254874
0.00128525
-0.00380402
0.0025581
-0.00377943
0.00127389
-0.00493367
0.00663656
0
0
0
0
0
0
0
9.20463e-05
0
0.000100128
9.67087e-05
0
0
-9.19228e-05
-9.53838e-05
0
9.58879e-05
0
0
-9.71837e-05
9.889e-05
0
0
0
0
-8.26402e-05
-9.92989e-05
0
8.9551e-05
0
0
-9.07097e-05
0
0
0
-9.08117e-05
-9.34533e-05
9.6039e-05
-8.82728e-05
0
0
0
9.27231e-05
0
9.34586e-05
-8.61725e-05
0
0
0
0
0.000171711
0.000150257
0
0
0.000165563
0
0
0
-0.000137229
0
0
0
0
0
0
0
0
0
0.000132357
0.000148894
0
0
-0.000149031
0
0
0
0
0
0
0
0
0.000171448
0
-0.000162874
0
0
0
0
0
0
0
0
0
0
0
0
0
0
0
0.000380564
0
0
-0.000403699
0
0.000421187
0
0.000415375
0
0.00042231
0
0
0
0.000455584
0
0.000439623
0
0.000465792
0
0
0
0
0
0
0
0
-0.000476935
0
0
0
-0.00047778
0
0
0
0
-0.000493793
-0.000492014
0.000495276
0
0
0
0
0.00101015
0.00101141
0
0
0
0
0.0010319
0.00103552
0
0.00103694
0
0
0
0.0010444
0.00104851
0
0
0
0.00104286
0.00104403
0
0
0.00105859
0.00105805
0
0
0
0
0.00107488
0
0
0
-0.00109699
0.00110347
0
-0.00112116
-0.00112166
0
-0.00116536
0.0265159
-0.0242981
0
0
0.0313461
-0.0269422
-0.025034
-0.0159778
0
-0.00800587
0.00335005
0.00668976
0
0.00420276
0
0
0
-0.00100649
0
0
0
0.0472819
-0.0365538
-0.0708657
-0.0120769
0
0.000312624
-0.00648164
-0.0138738
0.0118055
-0.000487973
-0.00859667
-0.000722541
0
0
0.0222968
0.0381784
0
0.0627821
-0.0540406
0.0537641
0
-0.113524
0
0.0571616
-0.0486578
-0.0891306
0.0839747
0.00497718
0.029561
0
0.0184299
0.00566798
0.0064798
-0.00754693
-0.000626515
0.00475559
-0.000836289
0
0.0101964
0
0
0
-0.0311926
0.0429064
-0.0498693
0
0.00259909
0
-0.104242
0.0484766
0.00465305
0
0.0667195
0
0
-0.000130173
0
0.0034952
0
-0.000812918
0
-0.00251309
0
-0.00717094
0
0
0
-0.0224611
0
0
0
0.00253904
0
0.0447471
0
0.0772212
0
0
0
0
-0.00738837
0
0.00015389
0
0
0.00528259
-0.0036162
0
0.00298435
-0.00948062
0.00770749
0
0.00212016
0
-0.0149519
0
0.0377107
0
0
0.0243087
0
0
0
0
0
0
0
-0.00910971
-0.00364176
0.0056504
-0.00478228
0.00675567
0
-0.00109468
0.00431226
-0.000923712
0
0.00801531
0
0.00744585
0
0
0.0117585
0
-0.0318494
-0.0184615
0
0.0483708
-0.0108733
0
0
0
0.00448465
0.00360418
-0.00268275
0
0.000683132
0
0
0
-2.34753e-05
0
0.00349688
0
0
0
0
-0.0173885
0
0.0112473
0.011165
-0.0181881
-0.0381725
0.00894545
0.00676564
0
0.00516413
-0.00428425
0
-0.00273704
-0.00562918
-0.00398966
0
-0.00241592
0.00206321
0
0
0
0
0
0
0
0.00617438
0
0
0.00364206
0.0113508
0
0.00246996
-0.00626851
-0.0053852
-0.00469484
0.00378401
0.00372309
0
0.00480297
0.00482835
0.00365556
0.00236352
-0.00193959
0
0
-0.000956718
-0.000915052
0.000607276
0
-0.00131688
0
0
0.00183991
-0.00182589
0
0
-0.000851148
-0.00600921
0.00482502
0
0
-0.00708951
0
0.00231641
-0.00178886
-0.00270251
0.00358055
0
0.00291301
0
0.000978789
-0.000716878
0.000703184
0
0.00141948
-0.000499999
0
-0.00133374
0.000833032
0
0
0.00102774
0.00578695
0
-0.00404138
0
0.00337877
0
-0.00195358
0.000245491
0.0037347
-0.0031923
0
0.00064732
0
0
0.0015014
-0.000674272
0
-0.00122323
0.000595201
0.00154242
0
-0.000834659
0
0
0
0
0.00410758
0.00385231
0
0
0
0
0.000221398
-0.00397494
0
0
0.000598706
0
0
0
0
0
0
0.00279322
-0.00167521
0
0
0
0
0
0
-4.04672e-05
-0.00371397
-0.00326345
0
0.00274563
0
-0.00201991
0
0
0
0.000552381
0
0
0
0
-0.0023107
0.00217722
-0.002717
0
0.00328856
0.00346132
0
0.00250315
0
0
-0.0035234
0.00329476
0.00629163
0
-0.0053685
0
0
0
0
0
-0.00343871
0
0.00381788
0
-0.00295241
0.00232631
-0.00450223
0
0
-0.00319828
0.000822951
0
0.000643858
0.00316137
0
0.00163066
0
-0.00301568
0
-8.71895e-05
0.00264595
-0.00265466
0
-0.00218372
0
0
0
-0.00380194
0
0.00291618
0
0.00511517
-0.00275303
0.00277087
0.00246858
0.000751184
0
-0.00308727
-0.00647762
0
-0.00168555
0.0014109
0
0.00291864
0.00621077
0.000102812
0.00247772
0
0.00207758
0
0
0
0
0
0
0
0.000442767
0.002765
-0.00265643
-0.00543425
-0.00476972
-0.00540736
0
0.00331713
0
0
-0.00159842
0.00160744
-0.00290774
-0.003205
-0.00286517
0.00264082
0
0.00237772
0
0
0
0
0
0.00441347
0
0.000400844
0.0034694
0
0.00289851
0
0.00535763
0
0
0.0015505
0
0
-0.00162986
0.00163583
-0.00172312
-0.00153698
-0.00275487
0.00261415
-0.00242348
0
0.00244083
0
0
0
-0.00428207
0
-0.00763178
-0.00336648
-0.00376182
-0.0034409
0
0
0
0.00189414
-0.00149307
0
0
0
-0.00176148
-1.3719e-05
0.00149896
0
-0.0027412
0
-0.00286402
0.000147737
0
0
0
0
0
0.00189617
0
0.00376876
-0.000250293
0
0
0
-0.00188305
0
0
-0.00173908
0
0
0.0016033
0
0
0
0
-0.000112279
-0.00489009
0
0
0
0.00256133
-0.00252533
0.00230188
0
0
0.00753946
0.0037641
0
0
0.00199836
0
0.000864171
0.00183789
0.00169025
0
-0.00151429
0
0.00148995
0
0
0.00470785
0.00256361
0
0
0
-0.00260887
0.00268538
0.00268429
0
0
-0.0040592
-0.00381847
0
-0.00289223
4.81673e-05
0
-2.03461e-05
0
-0.00175074
0
0.00159102
0
1.45582e-05
0
0
-0.00167548
0
0
0
-0.00135185
0.003015
0
9.34829e-05
0.00276824
0
0.00229802
0
0
0.00292331
-0.00202079
0
-0.00174024
0
0
0
0
0.000866554
-0.00187897
0
0
0
0.00166027
0
0.00112075
0.00148086
-0.0034189
0
-0.00356729
-0.00291126
0
-0.00497212
-0.0022097
0
0
0
-0.000470396
0.00091299
0
0
0
-0.00102342
-0.000964442
0.00114197
0
0
-0.00107031
-0.00195314
0
-0.00109858
-0.00171058
-0.00195548
0
0.0020433
0
0
0.00282319
0.00259888
0
-0.00161816
0.00100145
0.000631858
0
0.000499637
0
0
0.00114488
0.000476492
-0.00146352
0
0
0.00110312
0
0
-0.000642816
0.00101058
0.00186389
0
-0.0019136
0.00141928
0
-0.00157104
0
0
0.00154891
-0.00138865
0
0.000272773
-0.000524923
0
0
0
-0.000354206
0
-0.000514179
0
0
0.000499615
0
0.000692415
0.00116355
-0.000355739
0
0
-0.00107137
0
0.000718687
0
0
0
0.000393522
0
-0.000256844
0
0
0
0
0
0
0.000428649
0
0
-0.000437635
0
-0.000126592
0
0.000293606
0
0
0
0
0.000604722
0
0
0
0
0
0.000104765
0
0
0
0
0
0.000308292
0
0.000479522
-0.000331932
0
0
-0.000142825
0
0.00052651
0
0.000280193
0.000383321
0
0
0.000202143
0
0
0.000328761
0
0.000145349
0
0
0
0
0.000551068
0.000394526
0
0.000585091
0.000459766
0
0
0.00093402
0
-0.000761735
-0.00161864
0.000329793
-0.000546347
-0.00113646
0
-0.000305929
0
0
-0.000384847
0
-0.000400158
0.000963969
0
-0.000788848
0.000578582
-1.08363e-05
-0.0008885
0
-0.00110637
0
0
0
-0.00219502
0
0
0.00195572
-0.00115086
0
0.00137182
-0.00202927
0
0
0
0
-0.000913372
0.000850824
-0.000872544
0
0.00075311
-0.000665462
-0.00074123
0
0
0.00175866
0.00150344
-0.00141576
0
0.00139498
0
-0.0029355
0
0.00249605
0
0
0.00210816
0
0
0
0
0.000877592
-0.00169211
0
-0.00157566
0
0.00136505
0
-0.00144338
0
-0.00149335
-0.00271671
0.00140306
0
0
0
0.00263698
0
-0.00472017
0
0
0
0
0
0.0022041
-0.00156394
0
0.00085447
0
0.00152172
-0.00144508
-1.00407e-05
0.00132576
0.0013932
0
-0.00128562
0.00123709
-0.00251091
0
0
0
-0.0022554
0
0.00218889
0
0
0
0
0
-0.00207821
0.00159015
0
0
0
0.00154846
-3.91931e-06
-7.83428e-06
-0.00252298
0.0013699
0.00271675
0.00124319
0
0.00452674
0
0
0
0.00222685
0
0
0
-0.00296196
0
0
0
0.00130043
0.00126367
0
0
0
-0.00312331
0.00142468
-0.00135189
-0.00123965
-0.00143576
-0.00261981
0
0
-0.00200022
0
0.00184529
0.00173685
0
0
0.00309128
0
0.00047991
0
-0.00127417
0
-0.00129178
-0.00127315
0
-0.00191557
0
0.00167996
0
0
0.0026128
0
0
0.00217282
0
-0.0016974
0
-0.000207408
-0.00186083
0
0
-0.00327927
0
0.00264358
0.00114032
0.0012029
0
0
-0.00170286
0
-6.85735e-05
0
0
0
0.00259653
-0.00257541
0.0026224
0
-0.000138809
0
0.00188361
0
-0.00187938
0
0
0
-0.00271399
0.0023483
-0.00173399
-0.00154059
0.000198116
0
0
0.00307789
-0.00215128
0.00401607
0
0
0
-2.13451e-05
0.00524188
-0.00255088
0
-0.00223202
0
0
0
0
0
0
0.00334833
0.00348508
-0.00305507
0.000625306
5.99644e-05
9.1308e-05
-0.000696667
0
-0.00140981
0.00453492
-0.00652297
0.00395917
0
-0.00329963
-3.36666e-05
-7.20288e-05
0
0
0
0
-0.00273651
0
0
0.00282678
0
-0.00430909
0
0
0.00172982
0.00324353
0.000885279
0.00117425
0
0
-0.00252497
0.0047632
-0.00476942
0
0.00336967
-0.00290543
-9.33891e-05
-0.00267187
0
0.00479143
-0.00532053
0.00654573
0
0
-0.00063023
0
0
0.00419557
0
0
-0.003627
0.00139324
0
0.000584616
0
0
0
0.00627445
0
-0.00358952
0.00278595
-0.000121608
0.00320703
0.00530343
-0.00566499
0.005735
-0.00890998
0
0.00358809
-0.00127581
0
0
-0.00410508
0.00794816
0
-0.000169948
0.000804157
0.000144251
-0.00342547
6.68949e-05
0
0.00494726
-0.00743735
0
6.46707e-05
-0.00314415
-0.00366641
-0.00615172
-0.0114505
0
0
0.00540075
0
-0.000670015
0.000551695
-0.0038509
0
-0.00477721
-0.00624856
0
-0.00137947
0
-0.000234623
0.00229735
-0.000287123
0
-0.00436961
0
0
0.00010032
0
-0.00875088
0.00747213
0.0071102
0
-0.00408205
0.00678204
0
-0.000675321
-0.00239819
0.00671663
0
0.00552606
-0.00436504
0
-0.00108632
0
0
-0.00339643
-0.000326391
0
0
0
0
0.000125427
0
0.00995615
-0.00807696
0
0.00346849
0.00250456
-0.00685126
0
-0.00845991
0.00170829
0.0131162
0
0
0.0108604
-0.000153623
-0.00108652
0
0.000943922
0.00255012
0.00064993
0.0101543
-0.00757415
0
0.00618393
0.0138349
0
-0.0108881
0.0093898
0
-0.00390936
0
-0.00454805
0
0.00415192
-0.0065313
-0.0250001
0
0.00119925
-0.00605028
0.00180883
0.000897565
-0.00132903
-0.00148017
0.00609154
0
-5.79966e-06
0.00871275
0.00829165
-0.00013268
-0.00804606
0
0.012726
0
0
0
0.0055149
0.00395877
0
0.00656117
0.0074598
0.00943153
0
-0.0027565
0
0
0.00083032
-0.000853304
0.000900866
0.000938288
0.00163175
-0.00649586
-0.00836694
-0.00998816
-0.00990643
0
0
0
0
0
-0.00485009
-0.00653516
0.00262175
0
-0.0109333
0
0
0
0
0
0
0.000791602
0.00155895
0
-0.00516043
0.000353775
0
0.00902428
0
0
0
-0.0143756
0
0.00927018
0
0.000540599
0
-0.000572363
0
0.00509018
0
0
0
-6.00795e-05
0.000950284
0
-0.000545822
0.00365547
0
0
0.000423365
0
0
0
0
0
0.000401647
0
-0.000461428
0.000249682
0.00102326
-0.0016139
-0.000562972
0
0.00337082
0
0
0
0.000990674
0.0016193
0.000739311
0.00516944
-0.00409823
-0.00830689
-0.00764496
-0.00325696
-0.00484367
0.00818475
0
0.0153647
-0.0136164
0.0110072
0
-0.0104979
0.00459546
0
-0.00280388
0.000929399
0
-0.0172557
-0.00880898
0
-0.0141065
0.000981724
-0.00907623
-0.00490402
0.000871071
0
0.0130049
0.00784208
-0.00470246
0.00281067
-0.00743045
0
-0.0163307
0.029027
0.00673839
0
0.00170332
0
0
0
-0.00766498
0
-0.00126072
-0.00121137
0
0.0262209
-0.0102242
0.0192487
0.0046096
-0.0192067
-0.0119559
0
0
-0.000371191
0
0
0
-0.0175192
-0.0155339
-0.00391554
0
0.0086745
0
-0.0171923
0
0.0328032
0
0.0388641
0.0365958
0
0
0
-0.0375499
0
0
0.0109657
0
-0.00672442
0.0153303
0
-0.00649848
0.0160738
0.0182432
0
0
0.0121586
-0.0105217
0
0.0553819
0
-0.0295366
0
0
-0.0523146
-0.043571
0
0
0.096489
0.0137729
0.0860066
0
0
-0.000865314
-0.00982776
0
0.00133712
0.00454165
0
0.0121676
0
-0.0340856
0
0
-0.0458512
-0.0527656
0.106354
0
0
0.182275
0.0677556
-0.0925584
0
-0.0822766
-0.0165358
-0.141754
0
0
-0.000207802
0
0
-0.0388555
0.0449288
0
0.00090942
-0.0136713
0
0.0439446
0
0
-0.000878156
-0.163487
0
0
-0.186497
0
0.176989
0
0
0
0
-0.0561676
0
-0.0275458
0
0
-0.14786
-0.249954
0
0
-0.292533
0.102817
0.000952961
0
0
-0.000968679
-0.0472766
0
0
0
-0.00397443
0
0.019094
0
0
0.488341
-0.00288111
0
0
-0.0548796
0
0.121638
0
0
-0.184633
0.175429
-0.000166998
0.152148
0
0.133971
-0.12426
0.232195
0
0
0
0.150365
0
0.000232935
0
0
0.104089
-0.000282443
0
0.0475486
0.0464899
)
;

boundaryField
{
    inlet
    {
        type            calculated;
        value           uniform 0;
    }
    outlet
    {
        type            calculated;
        value           nonuniform List<scalar> 
57
(
3.45019e-17
-2.05621e-17
0
0
0
5.77553e-18
-4.98411e-18
-4.45977e-18
2.02946e-18
1.89858e-18
0
0
0
1.61543e-18
-3.15227e-18
1.54556e-18
0
7.48851e-19
-7.41982e-19
7.3117e-19
-4.22703e-21
-7.22082e-19
0
3.52561e-19
-5.28459e-19
1.7565e-19
0
1.88017e-19
-1.97484e-19
0
0
-7.80559e-19
7.9982e-19
7.98827e-19
-8.2579e-19
-1.6721e-18
3.47916e-18
-1.82359e-18
0
0
2.21903e-18
8.42762e-21
-7.89469e-18
5.64202e-18
0
6.74957e-18
6.67053e-20
7.19467e-20
-9.26584e-18
-1.05987e-17
-9.22412e-20
2.75201e-17
-1.56768e-17
0
0
-2.94467e-17
5.88313e-17
)
;
    }
    upperWall
    {
        type            calculated;
        value           uniform 0;
    }
    lowerWall
    {
        type            calculated;
        value           uniform 0;
    }
    frontAndBack
    {
        type            empty;
    }
}


// ************************************************************************* //
