/*--------------------------------*- C++ -*----------------------------------*\
  =========                 |
  \\      /  F ield         | OpenFOAM: The Open Source CFD Toolbox
   \\    /   O peration     | Website:  https://openfoam.org
    \\  /    A nd           | Version:  8
     \\/     M anipulation  |
\*---------------------------------------------------------------------------*/
FoamFile
{
    version     2.0;
    format      ascii;
    class       volScalarField;
    location    "100";
    object      wpod_0;
}
// * * * * * * * * * * * * * * * * * * * * * * * * * * * * * * * * * * * * * //

dimensions      [0 1 -1 0 0 0 0];

internalField   nonuniform List<scalar> 
12225
(
6.92826e-17
-1.17527e-19
-4.96623e-20
8.87496e-20
-1.58368e-19
-1.51276e-20
1.22608e-21
-8.73224e-20
-5.02876e-20
1.37323e-20
3.58699e-20
-3.0596e-20
-3.84647e-20
2.08956e-20
-3.7065e-20
-3.60649e-20
1.36253e-20
2.63991e-20
1.69525e-20
-2.13403e-21
-1.33324e-20
-6.71578e-21
-1.44324e-20
1.58656e-21
-3.79848e-21
-3.53002e-21
-6.22459e-21
5.7335e-21
3.27038e-22
2.78524e-21
-2.80182e-21
-6.72975e-22
1.11776e-20
4.79961e-21
7.20877e-21
-6.89789e-21
7.42223e-21
-4.251e-21
-6.41477e-21
-4.65503e-21
-3.55431e-21
7.12383e-21
-5.76792e-21
9.12946e-21
2.35542e-21
-5.14369e-21
-3.5785e-21
6.91311e-21
-6.19359e-22
-3.09039e-21
6.33779e-21
-2.90124e-21
-2.60789e-21
-1.50221e-21
-2.13428e-21
-2.77241e-21
3.89116e-21
3.72275e-22
8.92354e-22
-4.37531e-22
1.31378e-21
4.0151e-23
4.08298e-22
-6.64675e-22
3.0443e-21
-2.66472e-21
2.01506e-21
1.83868e-21
-2.38809e-21
5.46722e-22
-6.86392e-22
1.66735e-21
-2.75172e-21
-1.83937e-21
-1.11056e-21
8.78075e-23
7.79091e-22
4.73158e-22
1.96594e-22
-1.4324e-22
5.56075e-22
4.26652e-22
1.21828e-22
1.42384e-22
4.65916e-22
2.54279e-22
-1.60813e-22
-1.4196e-22
1.41985e-22
1.68815e-22
1.71156e-22
1.52557e-23
-2.11758e-24
-1.47625e-23
-4.79278e-23
4.3073e-23
-3.15142e-24
-3.1444e-24
0
0
0
0
0
0
0
0
0
0
0
0
0
0
0
0
0
0
0
0
0
0
0
0
0
0
0
0
0
0
0
0
0
0
0
0
0
0
0
0
0
0
0
0
0
0
0
0
0
0
0
0
0
0
0
0
0
0
0
0
0
0
0
0
0
0
0
0
0
0
0
0
0
0
0
0
0
0
0
0
0
0
0
0
0
0
0
0
0
0
0
0
0
0
0
0
0
0
0
0
0
0
0
0
0
0
0
0
0
0
0
0
0
0
0
0
0
0
0
0
0
0
0
0
0
0
0
0
0
0
0
0
0
0
0
0
0
0
0
0
0
0
0
0
0
0
0
0
0
0
0
0
0
0
0
0
0
0
0
0
0
0
0
0
0
0
0
0
0
0
0
0
0
0
0
0
0
0
0
0
0
0
0
0
0
0
0
0
0
0
0
0
0
0
0
0
0
0
0
0
0
0
0
0
0
0
0
0
0
0
0
0
0
0
0
0
0
0
0
0
0
0
0
0
0
0
0
0
0
0
0
0
0
0
0
0
0
0
0
0
0
0
0
0
0
0
0
0
0
0
0
0
0
0
0
0
0
0
0
0
0
0
0
0
0
0
0
0
0
0
0
0
0
0
0
0
0
0
0
0
0
0
0
0
0
0
0
0
0
0
0
0
0
0
0
0
0
0
0
0
0
0
0
0
0
0
0
0
0
0
0
0
0
0
0
0
0
0
0
0
0
0
0
0
0
0
0
0
0
0
0
0
0
0
0
0
0
0
0
0
0
0
0
0
0
0
0
0
0
0
0
0
0
0
0
0
0
0
0
0
0
0
0
0
0
0
0
0
0
0
0
0
0
0
0
0
0
0
0
0
0
0
0
0
0
0
0
0
0
0
0
0
0
0
0
0
0
0
0
0
0
0
0
0
0
0
0
0
0
0
0
0
0
0
0
0
0
0
0
0
0
0
0
0
0
0
0
0
0
0
0
0
0
0
0
0
0
0
0
0
0
0
0.000347439
-0.000512227
0
0
0
0.000317665
0
0
0
0
-0.000210663
0
0
0
0
-0.000155414
0
0
0
0
0
0
0
-0.000109369
0.000105454
-0.000101858
-9.84104e-05
0
0
8.92841e-05
8.66253e-05
0
0
7.96449e-05
0
0
-7.38402e-05
0
-7.05238e-05
-0.000138001
0
0
0
0
0
-0.000122505
-0.000120346
-0.000118249
0
0.000114308
0
-0.000110719
-0.000109017
0
0
0
-0.000102818
0
0
0
0
0
0
0
0
9.15796e-05
0
0
-8.84049e-05
-8.75463e-05
0
8.56081e-05
-8.45573e-05
0
8.30618e-05
0
0
-8.02192e-05
0
7.85972e-05
0
-7.72333e-05
-7.64474e-05
-7.57739e-05
-0.000149768
0.00014888
0
0
0
0.000142996
0.000142156
-0.000140922
0
0.000138501
0.000137374
0.000136608
0
0
0
0.000131841
0
0
-0.000127901
0
0
-0.000124509
0
0
0.000121764
0.000121341
0
-0.000118693
0
0.000117707
0
0.000116152
0.000114547
0
0
0
0
0
0
0
0.000107126
-0.000106562
0
0
0
0
-0.000203823
0
0.000200433
-0.000195225
0
0
0
0.00018522
0.000183726
0
0.00018216
0.000181041
-0.000181352
0
0
-0.000175856
0
0
0
0
0.000161877
0.000159494
0
0.000160174
0
0
0.000149614
0
0.000152394
0
0
0.000141943
0
0.00013824
0
0
0
-0.000133394
0
0.000125755
0
0
0
0
0
0
0
-0.000222766
0
0
-0.000947601
0.00107059
0
-0.000479876
0
-0.000191637
0.00035656
0.000336438
0
0.000305837
0.000145935
0
0
0
0
0.0001207
0
-0.00022817
0
0
0.000208654
0
-0.00019708
9.5232e-05
-9.19675e-05
8.87996e-05
8.58688e-05
0
0
-7.71832e-05
7.48073e-05
0
0
-6.86389e-05
0
0
6.41498e-05
0
-6.17282e-05
0.000121053
0
0
0.000229592
0.000225889
0.000221777
-0.000109522
0.000107908
0.000318483
-0.000209737
-0.000103225
0
0.000100262
-9.90341e-05
0
0
0
9.51069e-05
0
-0.000185034
0
-0.00018111
0
0.00017735
0
-0.000174657
8.65109e-05
0
0.000170024
8.4689e-05
8.39044e-05
0
8.25807e-05
8.16022e-05
0
-8.05068e-05
0.000159409
0
7.82453e-05
0
-0.000229822
0
0.000228567
7.54895e-05
-7.51448e-05
-0.0001485
0.000147508
0
0
0
-0.000427698
-0.000142196
0.000142772
0
0.000139472
-0.00013957
-0.000139703
0
0
0
-0.000134775
0
0.000264357
0.000389086
-0.000261445
0
-0.000125819
0
-0.000248545
0.000122578
0.000124609
0
0.000359875
-0.000242845
-0.000123437
0
-0.000120798
-0.000355406
0
-0.00023836
-0.000227986
-0.000225439
0
0
0
0.000112987
0.000114769
0
0.000212714
0.000216781
0
0.000220958
0.000421905
-0.000213012
-0.000203757
0
0
0
-0.000187408
0.000184526
0.000366488
-0.000190364
0.000196822
0.000199076
0
0
-0.000193239
0
0
0.000353367
0
0.000170392
-0.000163661
0
0.000175605
0
0
-0.000155237
0.000320562
-0.000166568
0
0
0.000148986
0
0.000144482
0
0
0
0.000141458
0
-0.000130272
0
0
0.000257634
-0.000269583
0
0
0
0.000684027
0
-0.000503532
-9.65847e-07
-0.00107497
0
0.000616485
0
0
3.19809e-07
-0.000192088
-0.000183952
-0.000175542
0
0
0.000162415
0.000321731
-0.000317383
0
-0.000302592
0.000146641
0
-0.000287985
-0.000142008
0.000278235
0.000137018
0
-0.000261296
-0.000253132
0
-0.000239011
0
-0.000226744
-0.000110022
0
0
0
0
0
0
-0.000198657
0.000294482
0
0
0
1.24821e-07
-0.000184278
-0.000361959
0.000359272
0.000177969
-0.000174598
-9.14348e-08
-0.000169893
0
-0.000164789
-7.32899e-08
0
0
0.000162485
0
0
-0.000156225
-0.000311552
0.000154145
0
-0.000151678
0
-0.000149288
-0.000147366
0.000294551
0.000146168
0
-0.000288904
0
-0.000433399
-0.000286358
-0.000281663
0.000278053
-0.000415708
0
0
0.000271282
0.000400995
0
-0.00013298
0
0.000399605
-1.86676e-08
1.63378e-08
-0.000260362
0
0.000255184
-1.44223e-08
0
0
0
-0.000247891
0
0
0
0
0
-0.000242699
0
-0.000234206
-0.000230522
0.000232847
0
0.000226026
0
0.000223628
-0.000220011
-0.000669535
0
-0.000650106
-0.000215998
0
-0.000436006
-0.000432139
0.000643554
0
0.000209513
0.0002036
0.000621396
0
0
0
0.00019989
0
0
-0.000194478
-0.000194016
0
0
-0.000382609
0
0.000368232
0.000375174
0
0
-0.000352408
-7.74499e-09
1.2891e-09
0
-0.000712519
0
0
0
0.000345402
0
-0.000644276
-0.000315334
0
-0.000316816
0
0
-0.000937242
0.000599241
0
0.000567548
-0.000286087
0
0
0
-0.000819905
0
-0.000263854
0
0
0
0
0
0
-0.000502308
0
-0.000239515
0.000727475
0
0
-0.00046669
-0.000413113
0.000437674
0.000447883
0.00144199
0.00139222
0.0006777
0.000261459
0
-0.000355788
0.000158906
0
0.000139644
0
-0.000259862
0
-0.000124576
-0.000245482
0.000243664
0
0.00023567
0
0
0.000223896
0
3.41712e-07
0
0
-3.01281e-07
0.00020659
0.000202514
0.000198312
0
0.000385181
0
0.000186995
0
0
-0.000182898
0
0.000177586
-1.69009e-07
-0.000350498
0.00034812
0
0
0.000168948
0
0.000165603
-0.000164062
-0.000162734
0
0.000160047
0.000158541
-0.000313871
0.000155324
0.000154208
0
0
-0.000151296
0
0
0.000295458
0.000293584
0
0
0
0
0.000283074
-0.000280691
-0.000279674
-0.00055508
0
-5.80987e-08
0
0.0002711
-4.39037e-08
0.000267242
-0.000265124
-3.63206e-08
0
-0.000260438
-0.000258365
-0.000512693
0
0.000253449
0
-0.000501991
0.000249805
-0.000247426
0.000247081
0.000491522
-0.000243088
0.000242334
0
-0.000479005
0
-0.000471501
0.000470076
0.000469267
-0.000464143
-0.000462275
0
-0.000229423
0
0
-0.000446368
0
0
-0.000438298
0
0
0
0.000855557
0
0.000840805
0.000417161
0.000418898
1.33604e-08
0.000411936
-0.0008218
-0.00040614
0
-0.000396547
-0.000794709
0
0
0
-1.13618e-08
0
0
0
0
0.000745835
0
-0.000733626
0
-0.000713791
-0.000356445
0.000701804
-0.000694188
-0.000344415
0.000339879
-0.000336148
0
-0.00033627
0
0
0
-0.000644144
0
9.93961e-08
0
0
-0.000611462
0
0
0.000589498
-1.04581e-07
0
-0.000559913
-0.0005544
0
0
0.000538023
1.05573e-07
0
0.000513176
0
0
0
-0.000485457
0
0
0.000483672
0
0
-0.000917433
0
0
0.000432701
0.000814745
-0.000413258
0
-0.000861018
-0.000827028
-0.000612007
-0.000474583
0
0.000650991
7.76338e-07
0
0
0
0.000241038
0
0
0
0
0
-0.00021874
-0.000214669
0
0
0.000205958
-0.000406618
0
-0.000198296
0.000194932
0
-0.000566386
0.000373441
-0.000369526
-0.000182537
0
-0.000539762
0
0
0.000175223
-0.000347747
-0.000515831
0.000511055
0.000168914
-0.000335238
0
0
3.02325e-07
0
0.000321826
0.000319161
0.000316912
0
-0.000312127
0
0.000614998
0
-0.000303094
0
0.000298603
0
0
0
0
0
0
0
0.000282853
0
0
0.000276995
0
0.000273374
0.000271657
0.00026997
0
0
0.000264773
-0.000526411
0
0.00077791
0
0.000256661
0
0.000253534
0.000502742
-0.000250013
0
0.000247265
-0.000490873
0
0
-0.000483558
0
0.000477674
0
0.000470573
0
0.000930565
-0.000463626
-0.000922855
0.000458695
0.000455426
0
1.03309e-08
0
-0.000444739
0.000442159
0
0
0.00043355
-0.000431119
0
0
-0.000422236
0
-0.000416752
0
-0.000411833
0.000407798
-0.000812345
0.000404281
0.000400098
0
0.000393464
0.000390769
0
0
0.00076842
-0.000382607
0.00075636
0
0
0
-0.00145988
0
0.000719849
0
0.000704217
0
-0.000693643
0.000685695
0.000678605
-0.000672576
0
0
6.06537e-08
0
0
0
0.000625241
0
0.000611895
0
0.000600152
0.000596663
-0.000588795
0
0.000573049
-0.000567381
0
-0.000553353
0.00109356
0
0.00106098
-0.000525692
0.000519124
0
-0.000503239
0
0
0
0.000475772
0
0
0
0
0
0.000441082
0
0.000831
0
-0.000807829
-0.000794947
0
0
0.000747315
0
0
0
9.96978e-07
8.87811e-07
0.000262165
0
0
0
0
0
0.000441598
0
-0.000429901
0.000211612
0.000208759
0
0
-0.000200573
0.000198011
0
0.000192423
-0.000379152
0
0.000366405
-0.000363329
0.000359946
0
0
0.000351958
0
0
-0.000344691
0.000684664
0.000338794
-0.000671663
0.000332776
0
0
0
-0.000322802
0
-0.00031769
-0.000315142
-0.000312749
-0.000310664
0.000308328
0
-0.000304164
0
-2.06606e-07
0
-0.0005917
0
0.000292177
0
0
0.000572548
0
0
-0.000280614
0
0
0.000550585
0
-0.000542925
-0.000269932
0
0.000534274
0
-0.000525865
0.0010456
0
-0.000516679
0
0
-0.000508381
0
-0.00050206
0.000498249
0
0
0.000489393
-0.000486557
-0.000484063
-0.0004831
0
-0.000476895
-0.000471789
0
0
-0.000465837
0
0.000459188
0
-0.000454222
0
1.2935e-08
0
0.000442773
0
0
0
0
0.000430701
0
0
0.000845404
0
0
0
0.000818495
0
0.00080622
0
-0.00079976
0.000792158
0
-0.000778681
0
0
-0.0015283
0.000762186
-0.000750525
0
0
0
0.00144579
0
-0.000712358
0
0
0
0
-0.000684437
0
0.000671996
-0.000661557
-0.000654689
0.000648315
0
0
0
0
0
0
0
-0.000596803
0
0.000585139
0
-0.00170369
0
0.00110924
0.000549994
-0.000544034
0
-0.00105692
0
-0.0010264
0
0
0
0
0
0.000945288
0.000927679
0
0
0
0
-0.000863568
0
-0.00165495
0.000815224
0.000803248
0.000784974
0.00076533
0
-0.00066689
0
-0.000840574
-0.00069807
0.000303343
0.000273849
0.000255437
0.000483434
0
0
-0.000444435
0
-0.000856803
0
0.000418539
0
0
-0.000402332
0
-0.000393051
0
0
0
-9.12102e-07
0
0
0
0
0
0
0.000346797
0
-0.000340866
-5.8766e-07
-0.000335571
0
0.000330296
-0.000326629
0
0
0
0
0
0
0.000311971
-0.000310042
0.000307552
-0.000611578
0
0.000603296
-0.000599299
-0.000297857
0
0.000293432
0
-0.000290001
0
0
-0.000568202
0
0.00056222
0
0
0
-0.00109543
-0.000544221
0.00054148
0.000538595
0
-0.000532296
0
0.000523618
1.11853e-07
0
0
0.000512386
0
0.000506444
0
-0.000501614
-0.000497079
0
0
0
0.000484754
0.000482199
0.000481993
0
0
0.000472278
0.000469426
0
0
0
-0.000914278
0
0.000452403
0
-0.000447006
0
0.000884109
0.000876821
-0.000870581
0
0
0.000860277
0
0.000850935
-3.04731e-08
-0.00083962
0
0
-0.000819467
0
0
-0.000803743
0.00079905
-0.00158352
0
0.000778623
0
0
0.00152622
-0.000761601
0
0
0
0
-0.000718745
0.000715534
0.000707884
0
0
0
0.000693254
0.00137151
0
-0.00201022
0.000658208
0.000652352
0
-0.00127887
0
0
0
0
-0.00121111
0
0
0
0
0
3.13533e-07
0.00111384
-0.00110359
0.00109734
0
-0.00106869
0
0.00103228
0.00102082
0
0
0.000980211
0.000965931
0.000957203
-2.53955e-07
-0.000918897
0
0
0
0.000867743
0.000855126
0
0.00164259
8.09411e-08
2.01237e-07
-0.00078259
-0.00151732
-0.00126791
0
0
0.00154872
0.000649203
2.43895e-06
-0.00051776
2.05529e-06
-0.000464283
0
0
0.000428325
0
0.000413778
0
0
0
0
0.00039304
0
0.000381979
0
0
0.000368071
0.000361332
0.000356711
0.000353955
0
0.000349154
0.000344985
0.000342363
-0.000339227
0
0.000333564
-6.59221e-07
-0.000330585
-0.000328572
0
0.000322237
0
0
-0.000633819
-0.000630149
0
0
-0.000925952
0.000920857
0
-6.50944e-07
0
-0.000597324
0.000593746
0.00058962
0
0
0
-0.000576299
0
0.000568524
0
0
-0.000558274
0
0
0
0.00108873
0.000540847
0
1.85463e-07
0
0.000528886
-0.000525191
0.000521966
-0.000519183
0
0.000512156
9.39692e-08
0
0
0.000503957
0.000501098
0.000498457
0.000494264
-0.00049057
0
0
0
0
-0.000956122
0
0
-0.00140675
0
0.000922128
0
0.000913161
0
0.000905533
0
0.000891088
0
-0.000882137
-0.00175506
0.000871504
0
-0.000864195
-0.000861111
0
-0.000852429
-0.000843549
0.000838647
-0.000830531
0.000827973
0.000818315
0
0
7.99671e-08
0
0.000791015
0.00078763
0
0
0.000762812
-0.000761364
0
0
0
0.000736866
0.000731362
0
-0.000719249
0
0
0
0
-0.000692665
-0.000686668
-0.00135214
0.0013392
0.00132055
0.00130576
0
0.0025546
0
0
0
0
0.00120384
0
0
-0.00116631
0
0
3.60122e-07
-0.00222748
-0.00110348
-0.00109594
0.00108528
0.00213416
-0.00105237
-3.61202e-07
0
0
0
-0.000977887
-0.000962191
-0.000950918
-3.12713e-07
0
0
0
0
-0.000862355
0
0
-0.000822541
-0.000805485
-0.000800006
0.000778804
0.000756999
0.0011371
0.0010405
0
-0.00069217
0
2.63117e-06
-0.0004943
-0.000463938
0
-0.000433174
0
0
0
-0.000397185
0
0
0.000387158
0
0
-0.000374916
0
-0.00036722
0
-0.000710446
0.000351069
1.08009e-06
1.03423e-06
-0.000341697
-0.00033936
-0.000674893
8.72309e-07
0
0
-0.000657246
0.000326114
0.000324707
0.000323363
0
-0.000954028
0.000634596
0.000630932
0.000626052
0.000622118
0
-0.000614031
0.00121968
-0.000606473
-0.00060338
0.00119888
0
0
0
0
-0.000581499
0
0
0.000571202
0
-0.00112925
0
0.000558236
0
0
0
0
-0.000541654
0
-0.00053494
2.0043e-07
0
-0.000526566
0.000523524
-0.000520274
0
0
-0.00101992
-0.000507241
0
0
-0.00150302
0
-0.00148969
-0.000492761
0.000489605
0.000976435
0
0
0
-2.92714e-08
-0.000947845
0
-6.30943e-09
0
-0.000923191
-0.000916397
0.000910707
0
-0.000902437
0
0.000890348
0
0.000881627
0.000876833
-0.000872325
0
0.00172951
0
0
0
0
0
0.000833736
-0.000828513
-0.0008179
0
0
9.14336e-08
0
0.00079072
-0.0015721
0
0.00154257
-0.00228189
0
-0.00151402
0
0
-0.000736587
-0.000731983
0.00143928
0.00143431
0
0
0
0
0
0
0.00269077
0
-3.35912e-07
-0.00130771
0.00128762
-0.00127384
0
0
0
0
0.00120019
0
0.00117351
0.00232485
-0.00114684
0
0.00112684
0.00111146
0.00110692
0.00109606
-0.00108241
-0.00106353
0.00105195
-0.00207314
0
0
-0.000990237
0.000973157
0
0.00188913
-0.000934003
0
0
0
0.00174311
0.00171886
0
0
0
0.00160627
0.00158873
-0.00154418
0
0
-0.00091697
0
-0.000642275
0
-0.000496526
0.000463282
-0.000445128
0
0.00041711
0
0
0
0.000384707
-0.000383344
0
-0.000750351
0.000372576
0
0.00036265
0
0.00035062
0.000346738
0.000683765
-0.000679364
-0.00033695
-0.00100499
0.000332388
-0.000664809
0.000990213
-0.000327542
0
-0.000652376
0.000644863
0.0006433
0
0
-0.000632777
0.000627093
-0.00125213
-0.0012451
0
0
0
-9.60784e-07
9.10836e-07
0.000600422
0.000595981
-0.00118612
0
0
0
-0.000580197
-5.82846e-07
0
0
0
0
-4.30165e-07
0
-0.0011077
0
0
0
0
0
0.000536085
0.00106472
-0.00052994
0
-0.00105058
0.00104341
0
-0.00103098
0.00102767
0.00152642
0
0
0
0.000997377
0.000990806
0.00197035
0
-0.000973233
7.45745e-08
-0.000965425
-0.000958733
0
0.00190555
0.00189398
0
0.000931243
0
0
0.000916723
-3.03143e-08
-0.000910563
0
0
-0.00178317
0
-5.50078e-08
0
0.000871044
0
-0.000863309
0
0
-0.000847968
0
0
0
0.000826447
0.000815683
0
0.00161287
0.000800902
-0.00158526
-0.000790085
-0.000784787
0.00155698
-2.36652e-07
0.00152414
0.00151867
0.00300724
-0.00149095
0
-0.00147192
-0.0014545
-0.00143442
-2.72274e-07
0
0
0
0
0
0
-0.0026723
0
-0.00263444
0
-0.00256181
0
0.00125607
0
-0.00123008
0
-0.00240109
0
-0.00117315
-4.53649e-07
0.00228687
0
0
0
0
-0.00109033
0
0
0
0.00310278
0.00203045
0
0.000986804
-0.000967379
-0.00190737
-0.00188054
-0.0018582
-0.00181708
0.00180521
0
-7.24175e-07
-0.00342593
0
0
0
-7.98811e-08
1.42323e-07
0.00153828
0
-0.000938667
0.000826027
0
0.000604797
0
0.000477208
0
0.000426787
0
-0.000405675
0
0
0
0.000376423
0.000369743
0
0.000359817
-0.000355016
0
0
0
0
-0.000335777
-0.000332496
0.000329399
0
0.000648378
-0.000652931
0.00130468
-0.000648481
0
0
0.00063979
0
-0.000632661
0.000631368
0
0.00124565
0
0.000616949
0.000613689
-0.000611991
0
0
0.000599074
9.72793e-07
-0.000592207
0.000590057
-8.25788e-07
0
0
0.000577784
0.000574213
0.00057117
0.000568546
0
0
0
0.000556234
0
-4.01805e-07
0.00054854
-0.00054532
0
0.00107833
-0.00107193
-0.00160063
-0.0015917
0
0
0.00104562
-0.00103916
0
0.00102736
-0.00102189
-0.00101441
0
0
-0.00100211
0
-0.00098679
-0.000980263
-0.000976634
0.000970868
-0.000964238
0.000957622
0.00190334
0
-0.000947513
-0.000944719
0
0
0
0.000920002
0
-0.000911987
0.000910132
0
0
0.000891013
0
-0.00175969
0
0
0
-0.000862673
0
0
0.00254024
0
0
0
-0.00247339
-0.000816808
0
-0.0016191
-0.00160564
0.00317846
-0.00157864
0.00156686
-2.79793e-07
-0.00155111
0
-0.00152128
-0.00150336
0.00149304
0
2.85695e-07
0.00290446
0
-0.00143034
0
0
0
0
0
0
0.0013263
0
0.00131426
-0.00129964
0.00128112
0
-0.00125525
0
4.83641e-07
0
4.81521e-07
0
0
-0.00116185
-0.00114536
0
0.0022446
0
0
0
0
0.00211296
0
-0.00205335
-9.89884e-07
-0.00200639
0
0
0.0019028
0.00186903
0.00184961
8.73994e-07
-0.00179202
0
-0.00173691
0.003417
0
0
0.00163431
-0.00317916
2.9113e-08
0
0
0.000856972
-0.000745232
0.000632611
0
0
3.20213e-06
0
0
0
-2.70201e-06
0
0
0
-0.000361585
-0.000717908
0
0
0
-0.000698113
-0.000693819
0.000685491
0.00067513
0
0
0
0
0
-2.51008e-06
-0.00063967
0
0
0
0
0
0
-0.000621172
0
-0.000616478
0
0
0
0.00060403
0
0
0
1.02977e-06
0
-0.00116888
0.00058053
0
0
-0.000572089
0.000569985
0
-0.00056352
-0.000561131
0
0
0
0
0.000547977
-0.000545019
0.000541812
-0.00107866
-0.00214273
0.0010644
0.00106073
0.00105517
0
0
0
0
-0.00102987
0
0
0
0.00100842
0
-1.80605e-07
0
0.00098835
0
0.000975959
0
0
0
-0.000955765
0
0
-0.000941821
-0.000935388
-0.000930559
0
-3.06755e-08
0
0.000910993
0
0
-0.00089538
0
0
0.000877317
0.000873765
0
0
0.000862321
-0.0017152
0
-0.0016928
0
0
-0.00165379
0.0016491
0.0016375
0
0
0.00160658
-0.00159242
0.00157799
-0.00156479
-0.00155793
-0.00154934
-0.00152473
0
0.00150373
0.00149192
0
0.00146846
-3.30531e-07
0.00144049
0
0
0
0
0
0
-0.00134712
0
-0.0013131
0
0.0012973
0
0
-0.00125475
0
0.00246132
0
0.0011985
0
0
0
0
0
-0.00446893
0.00219426
0.00218148
0
-0.00213998
-0.00211394
0
0
-1.06993e-06
0.00199679
0
0.00191537
0
-0.00185352
0
0.00359403
0
0.00175423
0
-0.00170263
0
0
-0.00162793
0.00158546
-8.30091e-08
-0.0015321
0
0
0
-0.000539597
0
0
-0.000416097
0
-0.000389824
0
-0.000372414
0
0
0
0
0.000694488
-0.000690811
0
0
0.000672551
0.000670826
3.70488e-06
-0.000659521
0
0
0
0
0
0.0012634
0
0
0
0
-0.00062105
-0.000619002
0
0
-0.000610686
0
0
0.000600747
0
0
0
0
0
1.07937e-06
0.000581142
0.000576842
0
0.00057189
0
0
-0.000563954
0.00112377
0
0.000556277
0
0
0
0
0
0
-0.00107708
0.00107144
0.00106534
0.00105805
-0.00105236
0
0
0
0
0.0010283
0.0010234
-0.0010166
0.00101459
0
-0.00200997
0
0.00099339
0.000990527
-0.0019721
0
0
-0.000965037
0.000964135
-0.000960716
0.000958304
0
0
1.09267e-08
0.000935454
3.17293e-08
0
-3.86495e-08
-0.00091117
-5.91728e-08
0
0
0.000895532
0
0
0.0017549
0.000873929
0
0
0
0.00171658
0
0
0
0
0.00330991
-0.00164672
-2.78542e-07
0.00162819
0
-0.00159849
0
0.00157595
0.00156294
0
0.00154689
0.00304383
0
-0.00150151
-0.00297921
0
0
-0.00290206
-3.68624e-07
0
0
0
-0.00138674
0
0
0.0026885
0.00132733
0.00131476
0
0
-0.00128445
0
-0.00124986
0
-0.00122716
0
-0.00238587
-0.00235686
0.00232087
0
0
0
0.00222444
-1.13202e-06
-0.00217756
0
0.0021304
0
0
0
-0.00200771
0
-0.00195856
-0.00190915
0
0.00184522
-0.00183362
-1.03267e-06
-0.00176755
-1.00732e-06
0
0.00169616
0
0
0
-0.0015904
-2.05061e-07
0.00306234
0
0.000707536
0.000585589
0
0
0
0
0
0.000376633
0
-6.3703e-06
0.000734199
0
0
0
0
0.00136668
0
0
0
0
-0.00129789
0
0
0
-0.000632004
0
0
-0.000618713
0
-0.000620795
0
0
0.000608885
0.00121493
0
0
0.000598351
0
-0.000595853
-0.000591465
0.000590681
0
0
0
0
-0.000576867
-0.000573574
0
0
-0.000565069
0
0
0
-0.00111294
0
0
-0.00109927
0
-0.00108962
0
0
0
0.00106941
0.00106625
-0.00106153
6.32858e-07
0.00104803
0
0
0
0
-0.00102171
-0.0010175
0.00101134
-0.00100865
-0.00100481
0.00100108
0
0
1.51951e-07
-1.27724e-07
-0.00097602
0.000971595
-7.87802e-08
-0.00096243
0.00191697
-0.000954101
0
-0.000942434
0.000936533
0
0.000926604
0
0.000914256
-0.000909956
-0.000905711
0.00180351
0
0
-0.00177742
0
-0.00175733
-0.00174681
0
-0.0017347
0
0
0.00170477
0
0
0
-3.00955e-07
0.00164877
-0.00163595
-0.00162256
0
0.00319108
-0.00158414
-0.00157783
0.00156464
0
-0.00153985
-0.00151827
-0.00150702
0
0.00148886
0
0
0.00289291
-0.00142854
0
0
0
0.00138209
0
0
-0.00134087
-0.00132636
-0.00262716
0.00261318
-0.00257917
0.00128169
0
0.0024905
0
0
0
0.00236869
0.00467803
-0.002312
-0.00229005
0.00227018
0.00224392
-0.00221435
-1.20955e-06
0
0
0.00211663
0
-0.00204856
0
0
0.00197952
0.00390643
0
0
-0.00369843
0.00183781
-0.00178522
0.00176536
-0.00174843
-0.0017229
-0.00338403
0
0
0
0.00158804
-0.00156697
-0.00152885
0
-0.000622213
-0.000481294
0
0
0
0
0
0
0
0.000676957
-0.000672276
0
0
0.0006661
0
-0.00131226
0.000651632
0
0
0
0.000627327
0.00062782
0
0
0.000618335
-0.000617343
0
0
0.000608378
0.000604801
0
0
0
-0.00059641
0
0
0.000592832
0.000591034
0.000588424
0
-0.000582871
0
0
0
0.00114542
0
0.00113524
0
0
0.00112043
0
0.00111334
-0.00110826
0
-0.00109795
-0.00109326
0.00108798
0
0.00215779
0
0
-0.00106507
0
7.52258e-07
0.00105109
6.48001e-07
0
0
0
0
-0.00102285
0
0.0010121
0
0
0.000997935
0.000993402
0
0
-0.000978711
0.001951
-1.07236e-07
-0.000967583
0.000961051
-0.000958323
-0.000953895
-0.000947139
0
0.00280991
0.00186471
0
0
0
-0.00365138
0.00181461
-0.00180452
-0.00179416
0
0
0.00176699
0
0
0.00174156
0
0.00172639
0.00171808
0
-0.00169456
0
0
0
-0.00330424
-0.00163942
0
0
0
-3.99058e-07
0.00315922
-0.0015694
-0.00155775
-0.00154341
0.00306511
0.00151477
0.0015037
0
0
0
0
-0.00288534
-0.0014277
-0.00141499
0
0
0
0
0
0
0
0.00261741
-0.00259457
0.00256137
0
0
0
0.00244837
0
0
0
-0.00233489
0
0.00456635
-0.00226605
-0.00223933
0.00220644
-1.29282e-06
0
0
-0.00420321
0
0.00407168
0.00201267
0
-0.00195426
-0.00194087
0
0
0.00369347
-0.00182727
-0.00178752
0
0
0.00171486
0.00168572
-0.00165947
0
0
0
0
0
0
0
0.000870949
0
0
0.000757589
-0.000687056
0
-0.000611408
0
0
0
0
0
-0.000613704
0
0.000608641
5.24163e-06
0
0.000600503
0
0.000592203
-0.000585757
0
0
0
0.000580434
-0.000581637
0
-0.000573186
0
0
-0.000569012
0
0
0
0.000560435
-0.000556026
-0.000553644
0
0
0
0
0.00108906
0.00108404
-0.00215571
0
-0.00106711
0
0
-0.00105425
0
-0.00104549
0.00208373
0
0.00206401
0.0010286
0
0
-0.00101443
0
0
0.00100073
-0.000997304
-0.000992558
-0.000988385
-0.00196704
-0.000981705
0
0
0
0.000962639
-0.000958633
0
0
0
0
2.20751e-07
0
0
0
-0.00183691
-1.0216e-07
0
0.00181834
0.000907001
0
0.00267402
0
-0.0017701
-0.00176238
0.00176189
0
0
0.00172726
0
0.00171414
0
0.00168959
-0.00167933
0
0
-0.00166996
-2.92429e-07
0
-0.00162658
-0.00162094
0.00161476
0
-0.00160243
0
-0.00157497
0.00156583
0.0015646
0
0
0
-0.00149656
-0.00300331
0.00297558
0
0.00147041
-0.00294235
-4.51432e-07
0.0014419
-0.00143104
0.00141739
0
0
0.00138057
0.00137164
0.00136139
0
0
0
0
0
0
0.0025309
-0.00251547
-0.00249335
0.00246533
0
0
0
-0.00237218
-0.00234927
0
0.00229332
0
0
-0.0044527
0
0
-0.00215207
-0.0042464
0
0
1.4326e-06
-0.00202487
-1.42014e-06
-1.4124e-06
-0.00193791
-0.00191414
0.00189835
0
0
-0.00182107
0.00180014
0.0035407
-0.0017428
0
0
-0.00333449
0.00493493
-0.00322768
-0.00319426
0
0.00309123
0
0
0
-0.00177817
-0.000806298
0
-0.00151725
-9.42124e-06
0.000691346
-8.36696e-06
-0.000685713
0
0
0.000663675
0
0.000660747
0
0
-0.00128939
0
-0.000639426
0
-0.000634935
0
0
0
0
0
0.00125001
0
0
-0.000622803
0
0.00123174
0
0
0
0.000609436
0
0
0.00119982
0
0
-0.00118703
2.82532e-06
2.6725e-06
0.00116927
0.00116704
0
0
0
0
0
0
-0.00226681
-0.0011273
-0.00224275
0
0
0
0
-0.00109457
0
-0.00108375
0.00108016
0
-6.81522e-07
0.00212532
0.00213141
0
0.00105356
0
0
0.00103931
-0.00104287
0
0
0
1.91019e-07
0
0
-0.000990478
0.000990232
0.00297604
0
-0.00396966
0.00197809
0
-0.00190741
0
0
0
-1.76809e-07
0
0
-0.00185099
0
0
0
-0.00179261
0.00358128
-0.00178105
-0.00178443
0.00180076
-0.00175897
0
3.54374e-07
0.00173125
-0.00171994
0.00173356
0.00171637
0.00170733
3.96661e-07
0
0
0.00163269
0
-0.00159794
0.00155418
0.0015766
-4.78282e-07
0
0
0.0015703
-5.07381e-07
-0.00152975
0.00151745
-0.0014914
0
0
0
0
0
0
0
0
0
0
-0.00263758
-0.00262765
0.00526928
0.00518754
-0.00256181
-0.00252653
0
0
0
0.0049113
0
-0.00236274
0
0
0.00229253
0.00227509
0
0.00443524
0.004373
0
0
0.00209676
0.00207224
-0.00203468
-1.48291e-06
1.47035e-06
1.4547e-06
-1.45569e-06
0
0
0
0
-0.00178986
0.00175786
0
0
0.00335028
-0.00331136
2.1112e-06
0.00318942
0
-0.00310876
-0.00305118
0
0
0.000864199
0.000763661
0
0.0014932
0.00141303
8.92663e-06
0.000673721
0.00136504
-0.000687004
-0.00068658
7.08704e-06
0
-0.000680787
0.00068464
0.000685404
0.000680525
0
0
0
0
0
0
0
0
0.000676323
-0.000670751
0
0.000669664
0.000664868
0
-0.00132377
0
0
0
-0.00130373
0
0
-0.00129071
0.00129096
0
0.00128045
-0.00255179
-0.00126847
0.00126695
2.38219e-06
0.00125767
-0.00125447
0.00124671
0
0
0
0.00122693
-1.46772e-06
0.00121474
0
0
0.00120001
0.0011831
-9.77532e-07
0
0.00233027
0.00116477
0
0.0011665
-0.00231631
-0.00115497
-0.00114565
-0.00114311
0
0.00114457
0
0.0011238
0
-0.0011127
-0.00109047
1.78336e-07
0
-0.0010915
0.00108327
0
1.94442e-07
0.00211282
0.00214307
-0.00214762
0
-0.00207554
0
0
-0.00204795
-0.00207357
0
0.00207522
0.00394051
0
0
0
-0.00192906
-0.00193045
0.00374213
0.00376825
0.00190016
0.00186313
-0.00188761
0.00186819
-0.0018889
0
-0.0018717
0
-0.00176696
0.00169461
0
0
-0.00168887
0
0.00343043
-4.41327e-07
0
-0.00164691
0
0
0.00163058
-0.00162665
-0.00162272
0.00321709
0.00315399
0
0
0
-0.00306249
0
0
0
0
0
0
0.00556937
0
-0.00556168
-0.00270317
0
0.0026705
0.00260728
0
0.00259131
-0.00257264
0
0
0
0
0.0023611
-0.00466755
0
-0.00228999
-0.00225038
0
0
0
0
0.00207612
-0.00409618
0.00201803
0.00398227
-0.00195534
-0.00192493
0
0
0
0
0
0
0
0
0
0.00648077
0
0
-0.00312214
0.00305082
0
0
0.000872382
0
0
-0.000696929
-0.000664297
-0.00133814
-0.000669664
-0.000683561
0.000697968
0.00139578
-0.000694781
0
0
-0.0014431
-0.000720503
0
0
0
0
0
0
0
0
-0.000721794
-0.000716898
0.000718788
0
-0.000711845
0
0.000711338
0.000707147
0
0.000705178
0
0
0
0
0
-0.00138344
0.00138123
0
0.00136737
0
-0.00272121
-0.00135326
-0.00134928
0.00269518
-0.0013397
0
0
-0.00131614
0
0.00261809
0.00130892
0
0
-0.00258742
-0.00127108
0.00126075
0
-0.00125882
-0.0012499
0
0
0.00125909
-0.00124576
0.00122668
0
0
4.49407e-07
0
0.00120316
-0.00118465
0.00117999
-2.28725e-07
-0.00234285
0
0.00117321
0
0
-0.00236335
-0.00230234
0
-0.00230453
0.00219503
0.00220479
0
0
0.00438377
0
0
-0.00220624
-0.00209547
0
-0.00210098
-0.00210501
0.00409259
0
-0.00199374
-0.00200856
-2.79803e-07
-3.24381e-07
0.00202023
0
0
0
-0.0019842
-0.0019375
0
0.00179625
-0.00188249
0
0
0
-0.00178609
-0.00176158
0
0
-0.00172422
0
-0.00168028
0
0.00171883
-0.0034009
-0.00333484
0
-0.0031765
0
1.0564e-06
0
0
-0.00300005
0.0029937
-0.00295828
0
-0.00583541
0
0.00287598
0.00278922
-0.00282004
-0.00278708
-0.00274168
0
-0.00266751
-0.00263709
-0.00258289
0
0
0
-0.00245127
0.00240682
0.00237492
0.00235072
-0.00230011
0
0
0
0
-0.00212094
1.52994e-06
-0.0020528
-0.002025
0
1.51053e-06
-0.00191684
0.00189303
0.00184706
0
0
0
0
-0.00337466
0
-0.0032757
0
0
0.00311982
0
0
0
-0.000753378
0
0
0.000698765
0
0.000694319
0.000695079
0.000725262
0
-0.000737579
-0.000750858
0
0.000760017
0.000757668
0
0
0
0
0
0
0
-0.000768192
0
0.00152852
0
-0.000759385
0.000760351
-0.000759425
0.000759181
-0.000753655
0
0
-0.00074803
-0.000748228
-0.000745398
0
0
0
0.000738996
-0.00146738
0.00146992
0
0
-2.54155e-06
0
0
-0.00285984
-0.00142838
-0.0014149
0
0.00139503
0
-0.00139832
-0.00139677
0
0
0.00137413
0
0
0
0
0.00132609
-0.00134058
0.00134976
0
-5.76922e-07
0
0.00133256
-0.00135586
-0.00132966
0
-0.00127824
0.00127335
0
-2.46835e-07
-2.03387e-07
0
0
0.0012724
0
-0.0012493
0
0
0.00247664
4.02108e-08
0.00235009
0
0
-0.00233928
0
0
0
0
0
0.00446601
0.00224604
-0.00217907
0
0.00211714
0.0021521
-0.00425932
-0.00210773
0
0.00207124
0
0
0.00209541
0.00207466
0
-0.00392883
0.00200429
0
-0.00191346
0
0
0
0
0.00183661
3.8214e-07
0.00181449
0
0
0.00174412
0
0.00173481
0
0.00335493
0
1.03022e-06
0
0
0.00311978
-1.13472e-06
0.00311821
0
0.00607526
0
-0.00297285
-0.00289993
0.00292658
1.44541e-06
0
0
0.00275888
0.00271678
0.00267383
0.00261016
0
-0.00254456
-0.00252118
0.00247259
-0.00244899
-0.00239792
0.00234948
0
0
0
0.0021929
-0.00216243
0.00212651
0.00209091
0
0
0.00198621
1.48817e-06
-0.00383813
-0.00186669
0
0
0.00176257
0
0.0034094
0.00167786
0
-0.00322243
0
0.00311937
0.0030527
0.00301443
0
0
-0.00055441
0
-0.000615537
0.00064949
0
0
8.49261e-06
0
0
0.000772914
0
-0.000789536
-0.000798572
0.000801949
0
0
0.000806968
0
0
0
-4.03949e-06
0
-0.00161196
0
0
-0.000800037
0.000800447
-0.000799787
0
0
0
0
0.000788852
0.000786406
0
0.000785556
0
-0.000779523
0.000776644
-0.00155023
0
-0.000772656
0.00230312
0
0.00152499
-2.15692e-06
-2.03415e-06
0.00299764
0
-0.00147981
0
0
-0.00148366
0
0
0
-0.00145294
0
0.00143073
0
-0.00140889
0.00143106
7.23494e-07
0
0.00141974
0
-0.00142817
0.00142838
0.00140972
0
0
0.00135251
0
0.00132272
0.00132075
-0.00133475
0
-0.00133215
0
0.00261226
0
0
0.00129545
-0.00373993
-0.002475
-0.00124279
0
0
0.0024424
0
0
0.00238837
0.00240954
-1.28616e-07
0
0
-0.00236039
-0.00229955
-1.37695e-07
1.65631e-07
0
0
-2.22107e-07
0
-0.0022297
0
0.00217933
0
3.19656e-07
0.00207677
0.00208013
0.00203261
0
0
-0.00195068
0
-0.00192064
3.29269e-07
-0.00188426
0
0
-0.00180717
0.00180851
-0.00179447
0.00177601
0
0
0.00519323
0.00171607
0
0
-0.00326257
0
0
-1.18418e-06
0
0.00303533
-0.00296495
0
0.00292278
0
0.00285131
-0.00282886
0
0
-1.44053e-06
0
0.00523673
0.005135
-0.00252261
0
-0.0024419
0
0
0
0
-0.00223936
1.47477e-06
-0.00216166
0
0
0
-0.0020108
0.00197118
0.00388009
0
-0.00184698
-0.00182146
-1.42446e-06
-0.00175454
0.00172362
-0.00168794
0
0.00488301
0.00158174
-0.00315077
-0.00459227
-0.00302353
0
0
0.000220717
0
0
-0.000985333
0
0
-0.000762498
0
0
0
0
0
0.000825153
-0.000830386
-0.000840559
0
4.83662e-06
0
0
0
0.000845742
-0.000848408
0.00168625
0
0
0
0
0
0
0
0
0.000832558
0
0
0
-0.000823751
0
0.000819588
1.61164e-06
-0.000815919
0
-1.37725e-06
1.29599e-06
0
-0.001602
0.00159493
0.00238673
-0.00158258
0
0.00156307
0.000783111
0
-1.46123e-06
0
-0.00156004
0
0.00153509
0
-0.00151257
0
0
0
-0.0029987
0
0
0
0
-0.00145553
-0.00146979
0
0
-0.00141162
0
-0.00139745
0
0.0027969
0
0.00139011
0
-0.0013427
-0.00135463
0
-0.00130919
0.00128649
0
-6.30446e-08
0.00130485
0.00130896
-0.00129184
0
0.00127581
-0.00251656
-0.00251121
-0.00249295
-0.00122603
0
0.00247792
0
-0.00239582
1.02863e-07
-0.00231373
0
-0.00229667
0
0.00225747
0
-3.14982e-07
0
2.7203e-07
-2.35287e-07
-0.0021676
0
-0.00211581
0
0.00208468
0
-0.00202881
0.00390961
-0.00195974
0
0.00194521
0
-0.00377257
0
-0.00184094
0
0
-0.00174652
-0.00175574
0
0.00173362
0
0
0
-0.00323892
0
0
0.0030423
0.00152183
0
0
-0.00293268
0
0
-0.00282117
-0.00276473
0
-0.0026818
-0.00262416
0.00257024
0
0.00249023
0
0
0
0
0
0.00223919
1.37128e-06
0
0
0
0.00203648
0
-1.38951e-06
0
0.00187032
0.00184424
-0.00360581
1.3585e-06
-0.00174638
0
0.00166514
-1.07064e-06
-0.00160516
0
0.00154394
0
0
0
0.000194447
0.000247818
0
0.000654746
0
0
0.000395335
0
0
0
0
0
0
0
0.00129477
0
-0.000429678
0.000878777
0.000882061
0
0
0.000877828
-0.00175318
-0.000877154
0
0
-0.000877738
0
0
0.000870105
0
-0.000866777
0
-0.000865379
0
0
-0.000857797
-0.00085285
-0.000851696
0.00084947
0
0.000843515
-0.00167702
0
0
0
-0.000827978
0
0
0
8.48091e-07
0.000814113
0.00161829
0
0.000805065
0.000799697
0
0.000800509
0
-0.000778483
0
0
0.00156334
0.00156061
-0.00154788
0
0
0.00150406
0
0
0.00149247
-0.00144713
0.00143197
0.00145075
0
-0.00144274
0.00144303
-0.0028911
0
0
0.00140903
0
-0.00135194
0
-0.00134184
0.00133063
-0.00134195
-0.00136513
4.00571e-08
0
-0.00132681
0
0
0.00129456
5.78429e-09
-0.00129275
0
0
-0.00125018
0.00368894
0.00119566
0
0
0
0
-0.00119678
-0.0023464
-0.00232951
0.00231887
-0.0023034
-0.00226356
0
0.00439098
0.002172
-0.00215806
0
0.0021166
-2.11069e-07
0.00203836
0
-0.00391748
0
0.00195317
-0.00192278
0
0
0
0.00178805
0.00178951
0
-4.66283e-07
0.00176288
0.00172778
0
0
0.00162461
0
-0.00157087
-0.00155134
0
0
0
0.00147328
0.00145334
0.00286772
0
0
-0.00136158
0
-0.00262444
0.00129351
0
0
0
0
0.00235718
-0.00231658
0.00227195
0.00223232
-0.00218129
0
-0.00209482
0
0.00200834
-0.00196848
0
-0.00189365
0
0.00181414
0.00178496
0
0.00170216
-1.02762e-06
-0.00325269
0
0.00159294
0
0.00153716
0
-0.000146948
0
-0.000218227
0
-0.000311608
0.000361295
0.000378336
-0.000384287
0
0
0.000410044
0
0
0.000429626
0
-0.000438977
0.000441333
-0.000440771
-0.000899235
-0.000452713
0
0
0
0.00135328
0.000902101
0
0
0.00136294
0
0
-0.000896833
0
0
0
0.000890168
0
0
0.000884146
-0.000883645
0
0
0
0.000874114
0.00173516
0.000868039
0
-0.000861301
0.000856921
0
0
0.000846361
-0.000845344
-0.00169026
0.0008393
0
0.000832891
-0.000829621
-0.000828176
-0.000828256
0
0.000811447
0.000809701
0
0.000812345
-0.00241343
0.00241997
0
0
0
0
0
-0.00231098
0.00149429
-0.0014872
-0.000750604
0
0
-0.00223826
0.00148928
0.00148279
0
-0.00147457
0
0.00284725
0.00143097
0.00281804
0
0
0
8.20232e-08
0
-0.00137577
-0.0013515
0
-0.00134776
0.00129404
-4.79892e-08
0
0.00130061
0.0012775
-0.00127061
-2.31519e-08
0
0.00122481
0
0.00118203
0.0024015
0
0.00119541
0
0
0.00116424
-0.00112534
-0.00226278
-0.00222601
0.002214
0
0
-0.00213554
0
0
0.00201427
0
0
0.00198977
0
0
0
-0.001862
-0.0018385
0
-0.00363749
-0.00357896
-0.00176898
0
0
-0.00337187
0
0.00162851
-0.00159015
0
0
0.001529
-0.0015008
-0.00147986
0.00145141
0
0
0.00276441
-0.0013586
0.00133371
-0.00131403
0.00128982
0.0012685
0
0
-0.00238535
0.00351939
-0.00230571
0
0.00332048
0.00108138
0.00211703
0
-0.00303962
0
0
0.00191467
0
0
0
-0.00176402
-0.00171105
-0.00168561
0.00162851
0
-0.00158388
0
-0.00306119
0
0.000104192
6.11835e-05
9.21574e-05
0.000122763
-0.000146901
-0.000344101
-0.000554429
0
0
0.000200062
-0.000197243
0
-0.000207574
-0.000422381
0
0
-0.000450074
0
0
-0.000467223
0
0
-0.000463641
1.76849e-06
0
0
0
-0.000465624
0
0
0
0
0
0
0.000454712
0
0
0
0.000904735
0
0
0
-0.00134518
-0.00088799
-0.000443123
0
0.000881154
-0.000877798
-0.000441315
0
-0.00130957
0
0.000868465
-0.00129917
0
0
0
-6.45996e-07
0
0
0
5.14115e-07
0
-0.000829326
0.000821517
4.01861e-07
0
0
0
0
0
0.000793025
0
0.000779517
0.001545
-0.000779066
-0.000766633
0.000768042
0.000764692
-0.000751467
0
0.0022631
0
-0.00147503
-0.00219535
-0.00145178
0
0
0
-0.00211114
0.000700831
0.00140631
0.000692898
0
0.000689586
0
0.00133673
0
-0.0006671
0
-0.000651573
0.00190838
-0.00128781
-0.00126682
0
-0.00122165
3.4531e-08
0.00121586
0.00121115
0
-0.00119632
0.00117833
0.00115349
0
0
0.00113121
0.00110495
0
0.00110156
-0.00107825
-0.00105695
0
0
0
0
0
-0.00099643
-0.000978307
0
0
0
0.000926658
0.00182612
0
0
-0.000878746
0.0017255
0
0
0.00162606
0
0
-0.00231932
0.000763839
0
-0.000734508
-0.000718921
0
-0.00140156
0.00137045
-0.0026991
-0.00132696
-0.00131128
-4.176e-07
0
0
0
-0.00117938
0
0
-0.00111727
-0.00218331
0
0.00103784
4.72948e-07
0
0.000971814
-0.000962198
0
0
0
0.00177294
0
0
0
0
0
0
0.00224212
0
-1.88768e-05
-2.56291e-05
-0.000125441
-0.000116941
0.000142972
-8.35679e-05
8.72426e-05
-9.0655e-05
0
-0.000188645
-0.000191266
0
-1.31116e-06
-0.000208043
0
0
0
0
0.00023146
0.000236795
0
0
0.000232569
-0.000233572
0
0
0
0
0
0
0
0
0
0
-0.00069199
0
0
0.000231546
0
0
0
0
0.000228036
0.000226392
-0.000451647
0
0
0
0.000448186
0
0.000445269
0
0.000221416
0.000440555
0
-0.000438748
0
0.000867203
-0.000432625
0
0
-0.000853584
0
0.000423032
0.000421763
-0.00126187
-0.000420216
0
-0.000413392
0
0
-0.000406742
0.000401943
-0.000803022
-0.000793967
0.00119644
0.000787666
0
-0.000783402
-0.000384534
0.00038531
-0.000383907
0
0
0.0011235
0
0
0
0.00036731
0.000725783
-0.000719279
0.000357012
0.00106556
0
-0.000701585
0
0
0
-0.000678696
-0.000335106
0.000665081
-0.000651554
0.00130655
0
-0.000646034
0
-0.00124354
-0.00185627
0
0
0.000605978
0.000596519
0
0
0.000577334
-0.00114282
-0.00170423
0
-0.00111611
0.00108811
0.00107108
-0.00053201
0
0
0
0
0.00151215
0.000995214
0
-0.000488759
0
0.00140761
0
-0.000458494
0
0.000887349
0.000436484
0
0
0
-0.000396414
0
0.000388064
-0.00115482
0.000373509
-0.000728584
0.00071275
-0.000702184
0
0
0.00137476
0.00133286
0.000673217
-0.00126279
0
0
0
0
-0.000596534
0
0
0.00163011
0
-0.00102675
0.00100781
0
-0.000950885
0.000954225
0.000435251
0.000449214
0
-0.000447604
0
-0.000416516
0
0
0
-0.000345427
-0.000720619
0
1.42534e-05
-2.51642e-05
4.10234e-05
0
0
7.8238e-05
8.41873e-05
8.52214e-05
0
0
0
0
0.000190463
0.000204668
0
0
0
0
-0.000225203
-0.000229568
0
0
0.000231699
-0.000234015
0
0
0
0
0
0
0
0
0
0
0.000233473
0
0
-0.000233365
0
0
0
0
0.000230698
-0.000228244
0
0
0
0
0
0
0
0
-0.000224845
0
0
0.000446269
0
0
0.000440519
0
0
0
0
-0.000432936
-0.000431724
0.000429731
0.000428939
0
0.000422867
0
0
0.000416949
-0.000413781
0
0
-0.000408038
0
0
0
-0.000397051
-0.000395175
-0.000393452
0
0
-0.000385824
0
0
0
-0.000374442
0
0
-0.000364598
-0.000364361
0
0
0
0
0
0
0.000342282
0
0
0
0
0.000662459
0
0
0.000634491
0
0
0.000617712
-0.000607013
0
0
-0.000590306
0
0.000583911
0
0
0
0
0.000542007
0
0
0
0
-0.000509644
0
0
0.000502454
0
-0.000471921
0
0.000469792
0
0
-0.000446417
0
0
0
0.000389543
0
0.000390852
0.000387474
-0.000366603
0
0
0.000696832
0
0
0
0
-0.000699132
0
0
0
0
0
0.000597488
0
0
-0.000534733
0
0
0
0
0
0
-0.000416818
-0.000446065
0
0.000446079
0
0.000413402
0
0
0
0.00031826
0
-2.82639e-05
0
-5.59921e-05
-8.92789e-05
0.000123382
0
0.000154234
0.000165642
-0.000168995
-0.000171855
0
-0.00018725
0
0
0
0.000215483
-0.000214172
0
0
0
0
0
0
0
0
0
0.000235189
-0.000232813
0
0
0.000231098
0
0
0
0.000233954
0
0
0
-0.000464369
0
0
0
0
0
-0.000452616
-0.00045464
0
0
0
0
0
0
0
0
0
0
0
-0.000442954
0
0.000437877
0
0
0
0
0.000429451
0
0
0
0
0
0
0
0
0.000407904
0.000405532
0
0
-0.000398352
0
0
0
0
0
0.000766323
0.000760803
0.000753829
0
0
0
0.000725042
0
-0.000717357
0
0
0.00069894
0
0
0
0
0
0
0
0.000638167
0
0
0
0.000620696
0
-0.000605185
0
0
0
-0.000572815
0.000565114
0
0
0
0
0
0
0
0
0
0
0.000979611
-0.000986693
0
0
0
0.00094579
0
0
0.000855872
0.000847936
0
0
0
-0.000812573
0.000769387
0
-0.000773386
0
0
0
-0.000695924
0
0
0
0
0
0
0
0
0
-0.000537804
0
-0.000546466
0.000524073
0
0.000505012
0
0.000479035
0
-0.0004433
0
0
-0.000393197
-0.000391957
0
-0.000742189
0
0.000734449
0
0
0
0
0
0
0
-0.000531825
-4.82609e-05
-0.000119705
7.97056e-05
0.000102892
-0.000393565
0
0.000151656
-0.000473867
0.000164864
-0.000169123
0
0.000175409
0
-0.000355501
0
-0.000201653
0.0002007
0
0
-0.000418341
0
0
0
0.000431933
0
0
-0.000224852
-0.000222892
0
0
-0.000224261
0
0.000447402
0
-0.000225821
0.000457216
0.000898926
0
0.000448507
-0.000901259
0
0
0
0
0.00044028
0.00133067
0.000887805
0
0
0
0
0
0
0
0
0
0
0.000435374
0
0.000431785
0
0
0
0
-0.000422875
0
-0.000843185
0
-0.000833311
0
0
0
0
-0.00120728
-0.00120124
0
-0.000795027
0.000394417
0
0
0.0015539
-0.00154005
0
-0.000759035
-0.000753464
-0.000744546
0
0
0
-0.00216
0
0.00213442
0
0.00140196
-0.00207694
0
0
0
0
0
0
0
0.00063782
0
0
0.00124782
-0.000615049
0
0.00059916
0
-0.00117255
-0.00117377
-0.000573273
-0.00169743
0.00111155
0.00110829
-0.00109381
0
0.0010666
0.00104512
-0.00103749
0
0
0
-0.000982856
0.000977565
-0.0018872
0
0
-0.00277122
0.00181461
-0.00175997
-0.000859661
0.000849011
0
0.00167539
-0.00161395
-0.000808435
0.000779706
0
-0.000767355
0.00145222
0
0
-0.000702703
0
-0.00134505
0.00128919
0
0
0
0
0
-0.00122565
0.000558804
0
0.000552675
-0.000535095
0
-0.000511889
0
0.000490332
-0.00092279
0.000456244
0.000907434
0.000875902
0.000413828
-0.000411831
0.000799277
-2.86975e-08
0
-0.000751734
0
0
-0.00145879
0.00137634
0
0.00126848
0
-0.000579442
0.000158302
-1.26782e-06
0
0
0.000299261
0
-0.000618362
0.000649646
0
0.000332571
0
0
0
0.000351203
0.000734404
0
0
0
0
0.00119479
0
0
0
-0.0012389
0
-0.00082627
0.000870568
0.00128668
0
0
0
0
-0.00129577
0
0
0.000444949
-0.000870793
0
0
0.00175218
-0.000878989
0.000876551
0
0
0
-0.00087442
-0.00086364
0
0
0
0
0
0
0
0.000842836
0
0
0
0.00168855
-0.00084647
0
0
0
0.00166325
-0.00166794
0
0.000833197
0
0.000825093
0
0
0
-0.00160253
0.00236763
0.00236428
-0.00158201
-0.000782297
0
0
0
-0.00306555
-6.86543e-07
0.00150718
0
0.00148688
0
0
0
-0.00142738
-5.67358e-07
0
-0.00140297
0
-0.00138504
-5.02111e-07
0.00136229
0
0
0
0
0
-0.00256311
0.00126632
0.00250619
0
-0.00367829
0
0
0
0
0.00348463
-0.00115459
-0.00113492
0.00112342
-0.00110363
-0.00109577
-0.00108222
0
0.0010575
-0.00103525
0.00102431
0
0
-0.00197093
-0.00194885
0
0.00188239
0
0.00183493
0.00180678
-0.00178079
0.00175741
0
-0.00169148
0
-0.00164834
0.0016147
-3.23575e-07
3.02473e-07
-0.00152646
0.00150618
2.87313e-07
0
0
-2.67474e-07
0
0.00134477
0.00131917
0
0.00255781
0
0.00246158
0
0.00119609
0
0
0
0.00215964
0
0
0.00201222
0.000989488
0.00284608
0
0.000920676
-0.00089257
0
0.00255009
-0.000824134
-0.000809154
0
0
0
0
0.00146212
-0.00140292
0
-0.00131817
0
4.50793e-08
-0.000527752
0.000270731
0
0
0.000624213
-0.00062419
0.000989145
-0.00104194
0.000687021
0.000689072
0
0
0
0.0007236
-0.000723397
-0.000745239
0
0
0.000774711
-0.000763318
0
0
0
0.000792895
0
0.000794232
-0.000843591
-0.000831074
0
0
0
0
0.000834757
0
0
-0.000861509
0.000847738
-0.000851324
0
0.000856607
0.000855397
-0.00085861
0
-0.00169013
0
0.00171845
0
0
-0.00171749
0
0
0.00169677
0.00168407
0.0016939
-0.00247268
0
0.00168004
-0.00167445
-0.00164944
0
0.00167604
0
0.00165576
-0.00162779
0.00163766
0
0
0
0
0
0
0
-9.99261e-07
9.64446e-07
-0.0015468
0.00154719
0.00152531
-0.00152589
0
0
0.00150851
0.0014978
-0.00148508
-0.00294965
-0.00146385
0
0
0
0.00141117
0.00140449
-0.00278742
-0.00275877
0
0.0027285
-0.00134063
0.00133518
0
0
0
0
0
0.00253701
-0.00249943
1.06036e-06
0
-9.72795e-07
0.00238944
0
0
-0.00231967
-0.00229145
0.00226583
0.00223034
0
0
0
0.00213004
0
-0.00208217
0
0
0
0
0.00193891
0.00191795
0.00189149
0
0.00366422
-0.00180804
0.00355584
-0.00350464
0
0
0.00334946
0
0.00324793
-0.00319193
0.00156864
-0.00462023
-0.0015142
0.00297801
0.00145655
0
0.00281372
-0.00138569
-0.00271246
-0.0026629
-0.00261521
0
-0.00251417
0
-0.00242604
0
0
-0.00226985
0
0
7.45829e-07
0
0
-0.0019975
6.74439e-07
-0.00190996
0
7.18179e-07
0
0.0017426
-0.00170182
0
0.00323762
0
0.0015464
0
0
0.00288252
0
0.00272017
-0.0026653
-0.00260299
0.00381754
0.00143463
0
-0.000699798
0
4.69037e-06
-5.31105e-06
-0.000676268
0.000689988
-0.00138948
-0.00144028
-0.00072454
0
0
5.0469e-06
0.000734921
0.000737136
0
0
-0.00075985
0
0.000760188
0
0
0
0
0.00157016
0
0
0
0.00164844
0
0
-0.00164819
0.00169232
0
0
-0.000827137
0.000834819
-0.00167151
-0.00165579
0
0
0
0.00165371
0.00167338
-0.00167957
-0.00166772
0.00166819
0.00167789
0
0
-0.00333775
-0.00164631
-0.00165554
0.00323817
0
-0.00164547
-1.87912e-06
0
0
-0.00164165
-0.00161217
-0.00161575
0
0
-0.00160747
-0.0016064
0
0.00159536
0
0
0
0.00152793
-0.00152382
-0.00303662
0
0
0.00447843
0
0
0
0
0
0.00289406
0
0
0
0
0
0.00276924
0.00272976
0.00269974
0.00266975
-0.00266762
0.00527096
1.34712e-06
0
0
0
0
0.00250481
0
0
-0.00241681
0
0.00471819
1.12529e-06
0
0
-1.10708e-06
0.0022543
0.00222506
-0.0021903
0
0.00429513
-0.00423758
0
0
0
0
0.00397648
0
0
0
0
-0.00185686
0
-0.00360728
0
-0.00699729
0.00689932
0
0
-0.00329602
-0.00324109
-0.00319226
0.0062821
0
0.00606583
0.00298121
-0.00293144
-0.00574106
0
-0.0027701
0.00272507
0.00267345
0.00262196
0
0
0
-0.00243085
0.00238751
-0.00233821
0.00229453
-1.06151e-06
0
0
-0.00210647
-0.00206094
0.00404663
0
0.001942
0.00379093
0
-0.00181598
0.00354501
-0.00173132
0.0033867
0
-0.00160707
-0.00312961
-0.00153435
0.00299283
-0.00293166
-0.00284799
0
-0.00269953
0.00265188
0.002588
4.21075e-07
-0.000803354
-0.000772419
0.00148903
0
-0.00071719
-4.82428e-06
0
0
0.00144835
0.000733597
0.000717948
0.000732208
0
-0.00148525
0.00075274
0.00149624
-0.00147481
0
0
0.00150897
-0.000744091
0
0
0
0.00158097
-0.00156367
-0.00161449
0
0
-0.0016273
0
0
0.00162205
-0.00166103
0
0
0
-0.00164556
-3.9355e-06
0.00161697
0
0
0
0.00163803
-0.00164607
0
0.00328323
-0.001634
0
0.0016421
0
0.00164055
0
0
-0.00160184
0
-0.00162057
0.0016081
0
0.00320818
-0.00322218
-0.001584
0
0
0
0.00157389
0.00155867
0
-0.00156185
0
0
0
0
-0.00299062
0.00298748
0
-0.00289516
-0.00292295
0
0
0
0
0
0
0
0
0
0
0
-0.00272198
0
0.00264836
-0.00262615
0
-0.00516804
-0.00255386
0.00253168
0.00249445
0.00248872
0
-0.00490206
0
0
0
0
0.00230894
-0.00229977
0
0
0.00223083
-0.00220909
0.00218549
0.00214611
0.00425057
-0.00421752
0.00415216
0
0
0
0
2.29941e-06
0.00384814
0
-0.00375477
0
0.00364978
-0.00359368
0.00354615
0
0.00343538
-0.00338899
0
0.0032888
0
0.00318073
0
-0.0061656
0
-0.00298058
0.00292682
0
-1.60632e-06
0
0.00272271
0
-0.00262938
-0.00258434
0
0
0
0.00239667
-0.00234975
0.00691229
0.00225553
0.00660261
0
-0.00422342
0.00415038
-0.0020344
-0.00798707
0.00390447
-0.00382353
-0.00373711
0
0
-0.00350198
-0.00341836
2.66495e-06
0
0
0.00310842
-0.00304378
-0.00297273
-2.05212e-06
0
0
0
0
0
-0.00253647
0
0.000804926
-0.000762577
0
0
0.000739969
0.00148604
0
-0.00224635
0.00151053
0.00145655
0.000739175
0
-0.000751766
-0.00148943
9.09946e-06
0.00294653
0
-0.00148225
-0.00148949
0
0
0
0
-0.00154954
0
0.0015562
-0.00155181
-0.00158359
0
-0.00158101
0
0
-0.00163872
-0.00162468
0
0
0.00162063
0.00161229
-0.00159436
-0.00163745
0
0
3.32363e-06
0
0
2.96626e-06
0
0
-0.00159502
0
0
0.00317564
0.00320501
-0.00319451
0
0.00158573
0.00314625
0
-0.00313412
0.00311243
0.00308264
0
0
0
0.00308493
0.00307148
0
0
0
-0.00298303
0.00296725
0
0.00291551
-0.00292965
0
0.00568661
-0.00286325
0
0
0
0
0
0
-0.00274211
-0.00271216
0
-0.00270497
-0.00268836
0.00267999
0
-0.00517559
0.00257551
0
0.00253296
0
0.00250106
-0.00246034
-0.00244963
-0.0048526
0.00240742
-0.00474881
0.00469841
0.0046139
0
-0.00452442
0
0
0
0
0
2.84288e-06
-0.0042089
-0.00416267
0
0
0
0
-0.00392737
0
-0.00381334
-0.00377144
0
-2.54545e-06
0
-0.00357679
0.00352024
-0.00347485
0
0
0
0
-0.0064434
0.00317057
0
0
0.00302447
-0.00297906
0
-0.00286841
0.00564209
-0.00277422
0
-0.00267089
0.00526064
0.00774058
-0.00254269
0
0
0.00481501
-0.00471769
-0.00463181
-0.00453435
3.39246e-06
-0.00434754
0
0.00416658
-0.00408802
0.00400742
0.00393453
-0.00383337
0
0
0
0
0.00345819
0.00336255
3.20762e-06
0
0
0
0.00300584
-0.00294249
0.00574447
0
0
-0.00268629
0.00262214
0
0
0
0
-0.0015487
-0.00156776
0
0
-0.00148418
0.00146942
0.00149806
-0.00303545
-0.00145477
-0.00145663
0
-9.55822e-06
-0.00149239
8.95698e-06
-0.00294274
0
0.00146867
0
0.00147804
0
-0.00152847
0
0.00150619
0
0.00151522
0.00154229
0.00156782
0.00158672
-5.30277e-06
0
-0.00156093
0.00158123
-4.6882e-06
0
0
0
-0.00159648
0
0.00160662
0.00156711
-0.00312424
-0.00156625
0
0
-0.00155648
-0.0030787
-0.00308867
0
0
0
-0.00309034
-0.00308804
0.00313254
0
0
-0.00303113
-0.00311109
0
0
0
0
0
0
-0.00301549
-0.00301122
0
0
0
0.00290075
-0.00288536
0
0
0.00283558
-0.00284332
-0.00278324
0.0027758
-0.00277896
0
0.00277063
0
0.00270343
0.00269376
0.00535569
0.00533793
0.00266452
0.00262655
0.0026118
-0.00783135
0
0.0025169
-0.00251009
0.00499387
-0.00496081
0
-0.00490395
0
0
0.00950483
0
-3.55143e-06
-0.00913032
-0.00451446
0
0
-0.00439536
0.00435112
0
0
0.00423548
-0.00416615
-3.16482e-06
0
0.00403544
0
0.00391009
0
-2.97748e-06
0
0
0
0
-2.82561e-06
-0.0035523
0
0
0
0
0
0
0
0.00315131
0.00310988
0
0
0.00593619
0.00875423
-0.00573917
0
-0.00553881
0.0054439
0
0
-0.0103167
-0.00506489
0.00498938
0.00490254
0
-0.00471951
0.00463512
0.00912673
0.00447106
-0.00437217
0
0
0
0
0
0
0.00378077
-0.00372269
0
0
-0.00348505
-0.00340808
0
-0.00325821
0.00318676
0
0
-0.0029678
0.00581074
-0.00568259
0
0.00272945
0.00533735
-0.00259325
0.00509174
0
0.00165234
-0.00160201
0.00154448
0.00153663
0
0
-0.00147811
-0.00146221
0.00150766
0.00151106
0
0
0
0.00149015
0.0014869
-0.00294026
-8.39749e-06
0
0
0
-0.00144211
0
-7.05048e-06
0
6.33087e-06
-0.00150171
6.03169e-06
-0.00151634
0
5.63269e-06
0.00149607
0
0.00151572
0
-4.72876e-06
0
0
0
0.00153595
0
0.0031158
-0.00150727
0.00301115
0
0
0
0
-5.90166e-06
-5.66294e-06
0.00302574
0
0
0
0
0.00303776
0
0
0
0.00301566
0
0
0
0
0
0
0
-0.00289699
0
0
0
0
0
0.00279587
0
0
-2.85215e-06
0
0
-2.65582e-06
-0.00271389
-0.00268032
0
-0.00264751
-0.00262472
-0.00261209
-0.00261894
-0.00258689
0.00511286
0
0.0100653
0
0.00490006
0
-0.00973554
0.00483913
0
0.00476534
0
0
-0.00461966
0
0.00452148
0.0089013
0
0
-0.00432376
0.00854664
-0.00844444
-0.00420073
-0.00415456
-0.00412458
0
0.00402275
0
-0.0039367
0
-0.00764222
-0.00379161
0.00374319
0.00369617
0
0
0.00356924
0.00351329
0.00346735
0.00342511
0
0.00665455
0
0
0
-0.00627078
0
-0.00607748
0
0
5.16134e-06
-0.0057035
0.0112312
-0.0055261
0
0
0
0.00516199
0.0101329
0.00497977
0
4.81703e-06
0
0
0.00456641
-0.00448614
-0.00439384
0
0
0
0
-0.00398002
-0.0039003
0.00383202
-0.00372764
0.00733659
0
0
-4.32852e-06
0
-0.00329519
-0.00322666
-0.0031514
0
0
0.00294472
-0.00288103
-0.0028247
0
-0.00269739
-0.0026418
0
3.64105e-06
0
-0.00156502
0.00149974
0.00150097
-0.0014737
0
0
0.00144189
0
-0.00145253
0
0
-0.00144895
0
0
-0.00144788
0.0014112
0.00140028
0
0
0
0.00142468
0
-6.94644e-06
0
-0.00140649
0.00142395
5.95935e-06
-5.71691e-06
0
-0.00146602
-0.00145243
0
-0.00294527
0
0.00147441
0.00293247
0
0.00290573
0
0
-0.00293881
0
0
0.0029819
0
-0.00296857
0
0.00581287
0.00283523
-0.00573593
0
0.0028599
0
0
-0.00585877
0
0
0
0
-0.00286342
0
0
0
0
0
0
0.00276928
0
0
-0.00275094
0
0
-0.00270409
0
0.00271166
-3.07476e-06
0.00533866
0
0.0026333
0.00258432
-0.00517285
-0.00517654
0
0.00508991
0
0
-0.00499514
-0.00989719
0
-0.00488855
0
4.56806e-06
0
0.00470582
0.00467853
-0.00464018
4.40355e-06
0
0
0.00446759
0.00441703
0
-0.00864948
0
0
0.0042006
-0.00415141
0.00820535
0.00407925
0.00402869
0
0
0.00392207
-0.00388217
0.00383039
0
0.00372727
0.00369804
0
3.49307e-06
0.00356562
0
-0.00346892
0
0
-0.010052
0
-0.00649989
0.00639796
0
0
0.00611854
0
0
0
0
-0.0113659
-0.00557991
-0.00549533
0.0108161
0
0
0
-0.00506144
-0.0049678
-0.00977365
-0.00480429
-0.00470522
0.00464696
0
-0.00447619
-0.00439942
-0.00431967
0.00422782
0.00414821
0
0
-4.89632e-06
0.00383787
-0.00376601
0
-0.00361423
0
0
0.00339284
0
0.00325252
0.00318033
0
0
0
-0.00584664
-0.00571934
0.00558462
0
0
0
0.00516165
-0.00504235
0
0
0
3.41481e-06
-4.24016e-06
0
0.00138428
0
0
0
0
0
0.00280491
0
0
0.00269154
0
-0.00135291
0
0
0.00135783
-0.00135175
0
-6.828e-06
0
-0.00134853
0
-0.00132808
0.00131158
0
0
0.00136578
0
0.00277747
0.0028407
0
-0.00276014
0
-0.00273241
-0.00276522
-0.00279242
0
0
0
-0.00280369
0.00278954
0.00567801
0
5.85335e-06
0.00260446
-5.51234e-06
0
-0.00263468
0
0
0.0027654
-0.00275049
0
0
0
0.00273939
0
0
0
0
0
0
0
0.00262194
0.00260751
0.00260299
0
0
0.00523227
0
-0.002588
0.00260864
-0.00500749
0
0
0
0.00492281
0.00984038
0
5.31373e-06
0.00490472
0
0.00479434
0.00472524
0
0.00474256
-0.00467021
-0.00461324
0
0
-0.00446004
-4.6563e-06
-0.00443899
0
-0.00430092
-0.00426701
-0.00423468
-0.0042265
0.0041957
0.00407455
0.00403452
0
0.00400757
-0.0039445
0
0
0
0
-0.0038142
0.00379223
-0.00367804
0
0.00721975
0
-0.00708059
-0.0105374
-0.00345746
0
0
0
0.00664809
0.00656797
0
0
-0.00621319
0
0
0
0
0.00580474
0.00572705
0
0.00553876
0.00543369
-0.00537502
-0.00528556
0
0
0
0
0
-5.76463e-06
0.00471335
0
-0.00455167
0
0.00439093
0.00430778
0.0042329
-0.00414501
-0.00815648
0
0
-5.3041e-06
-0.003787
0
-0.0036297
0
0
0
0
0
-0.00643897
0
0.00619356
0
0
0.00577263
0.0113371
0.00555416
0
0
0
-0.0102761
0
-0.00492507
0
0
-0.00152573
-3.7162e-06
0
-0.00148129
0
0
-0.00144825
0
-0.00146886
7.61536e-06
0
0
-0.0027504
0
-7.17587e-06
0
0
-0.00140324
0
0
-0.00140641
0
0.00130141
-0.00269132
0
-0.002813
0.00285058
0
0
0
0
-0.00282694
0
0
0
0
-8.14235e-06
0.00588277
0
-0.00282398
0
0
-0.00278218
-0.00278182
0.00265331
-0.00260035
-0.00258579
-5.59342e-06
0
-0.00263926
0
0
0.00280757
0.00278603
-0.00272253
-0.00276351
0.002767
0
0
0
0
0
0
0.0026139
0
-0.00791068
-0.00264057
-0.00512403
0
0
-0.00546517
0
0
0
0.00504899
0
0
0
0.00499325
5.81522e-06
0
-0.0049574
5.68935e-06
0.00496367
0
0
0
-0.00968019
0.00477346
-0.0045863
0
0.00465388
0
0.0045333
0
0
0.00422694
0.00435816
0
0.00432988
0
4.45536e-06
-0.00408986
0
4.34936e-06
0
0.00399128
0
0
0.00782205
0
0
0.00738531
-0.00739654
-0.00735973
0
-8.09547e-06
0.0142397
0.00702654
0
0
0
-0.0137265
0
0
0
0
0.00621437
0.00615869
0
-0.00598526
-0.00592482
-0.00583409
0
0
0.00548389
0.010888
0
0
0
0
0.0050429
0.00491153
0.00972974
-0.00479272
0.00467012
0
-0.00450283
-0.00439766
0
0
0
0.00411931
0
0
0.0116624
0.0114217
0
0.0109651
0.00716332
0
0
-0.00673877
0
-1.10616e-05
0
-0.00618617
0
0
-0.00579114
-0.0113505
-0.00554535
0
-0.00531313
-0.00518885
-6.19533e-06
0
-3.69491e-06
0
-0.00113944
0
0.0012698
0
0
0
0
0.00122446
0
0.00128774
7.3107e-06
0
-0.00116956
0.00112182
0
-7.16249e-06
0
0.00238795
0
0
0
-1.26939e-05
0
0
0.0021517
0
0.00249892
-0.0024357
0
0
0
0
0
0
0
0
-0.00244972
0.00246128
-0.00253039
0
0.00231862
0
0
0
-0.00217318
5.73764e-06
-0.00202135
0
-6.07299e-06
0
-5.51227e-06
0
-0.00234789
-0.00241277
0
0.00229454
-4.91822e-06
-0.0024562
0
0
-0.00231473
0
0
0.00466734
-0.00219884
0.00449793
0.00462569
0
0.00417459
0
0
0
-0.00484682
0
-0.00469177
-0.00431185
0.00451024
0.00445348
0
-0.00436292
-0.00434568
-0.00432519
-0.00431998
5.97715e-06
-0.00432815
0.00434361
0
0.00413753
0.00419999
0
-4.7656e-06
0.0037938
-0.00408928
0
-0.00400484
0.00408587
-0.00388788
0
5.00557e-06
-0.00392924
0
0
4.59957e-06
0.00363469
0
-0.00730513
0
-0.00361544
0
0
-0.0142822
0
0.00697937
8.42434e-06
0.0136841
0
0
0.0066333
8.13596e-06
-0.0127549
0
0
0.00657987
-8.16493e-06
0.00606094
0
0
0.00580466
-0.0114477
-0.0113876
0
0.00562719
0.00563167
0
0
-0.00515878
6.80354e-06
-0.00510705
0
0
-0.00482135
0
6.79479e-06
-0.00913889
-0.00926415
-6.5927e-06
-0.00440939
0.00434591
0.00427149
0
0
-0.00409608
0
0
0
0
-0.00749037
1.17634e-05
0
-0.00707736
-0.0069418
0.0068211
0
0.00654996
0
0.0126448
0
0
0
0
-1.07428e-05
0.00557026
0
-0.00536237
0.00521884
0.00509522
-6.63246e-06
0.00492642
-4.11455e-06
0
-1.64653e-06
-0.00105356
0
0
0
0
0
0
0
-0.00110407
-0.00218592
0
0.0010832
0
0
-0.00108586
0
-0.00216464
0
0.00207906
0
0.00211514
-0.00203423
-0.00201168
-0.00203402
0
-0.00210148
0
0
-0.0020631
0
0
0
0
0
0
0.00429535
0
0
0
0
0
0.00203198
0.0019487
0.00392968
-0.001885
0.00186936
-0.00196903
0.00196255
0
0.00200493
0
0.00206763
0
0
0
0.00221776
0.00229432
-0.00218295
0
-0.00212432
0
0
9.42119e-06
0
-0.00833411
0
-0.00417499
0
0
0
0
0.00421828
0
0.00405924
-0.00376495
6.78981e-06
6.99837e-06
0
0
0
-6.47313e-06
0.00774561
6.45552e-06
0
-0.00770944
0
-0.00361167
-0.00362414
0
0.00685812
5.67976e-06
0.00359164
0
0.00714301
-0.00369387
0.00344987
0
-0.00346517
0.00344041
0
0
-0.00637367
4.71699e-06
0
0.00328733
0
-0.00650914
0
0
0.00664371
0
-0.00637355
-0.0062018
9.13073e-06
0
0
-0.00598216
-0.00585769
0.005787
0
-0.00583208
-0.00588264
0.00566523
-0.0108039
0
0
-0.00537158
0.010537
0.00525278
0
0
-0.00525355
0
0
0.00969465
-0.00960851
0
0
0
0.00454015
0
-0.00903178
0.00858286
0.00435599
0.00860563
0.00419752
-0.00412512
0.00407521
0
0
0.00392889
0.00766346
0
0
0
0.00719387
-0.00701728
0.00692417
0
0
-0.00659484
0
-0.00637172
0
-0.0123108
-0.00602205
0
0
0
0.00558065
0
-0.00539121
0.00517646
0
0.00496614
0.00975255
-0.00482338
0.00474202
0
0.000909551
-7.89833e-07
0
0
0
-0.000945841
0
-0.000951224
0
0.00193198
0.000957194
0
0
0
0
0.00187004
0
0
0
1.32783e-05
0
0.0019149
0.0018565
-1.25895e-05
0.00184714
0.00187581
0.00371747
0
0
0.00185471
0
0
0
-0.00181609
0
0
-0.00183198
0
0.00188572
0
0
0
-0.00366998
7.71816e-06
-0.00369166
0
0
0.00185142
0
0
0.00179886
0
0
0
0
0
0
-0.00188816
0.00374576
-0.00381516
0.00379421
0
0.00369164
-0.00738167
0.00365706
0.00361707
0
0.00739113
0
0
0
-0.00351534
0
0.0035364
0
0.00344386
-0.00353169
-0.0036031
0
0.00361743
0
0.00351493
-0.00697687
-0.00354116
0
-6.36823e-06
0
0.00331986
0.00327323
0
-0.00320835
-0.00335252
-0.00645714
0
5.71029e-06
0
0
0
-0.00308337
0
0
0
-4.92241e-06
-0.00581634
0
-0.00598193
-0.00596329
0.00579911
0
0
0
0.00584945
0
0
9.35663e-06
0.00556014
0.0055052
-8.35673e-06
0.00529503
0
0
-8.77099e-06
0
0
0.00503219
0
0
0.00501152
-0.00484634
0
0
0
0.00467806
0.00469908
0
-0.00450023
0.00447063
-0.00446989
0.00435973
0
0.00425791
0
0.00417418
-0.00407747
0.00407492
-0.00404346
-0.00395894
0
-0.00385781
0
0
0
1.31539e-05
0.00723963
0
0
-0.00687443
0
-0.00666727
-0.00659292
0.00649769
0
-0.00631816
0.0061312
0.00604882
-1.20866e-05
0.00577953
0
0
0.0056321
0
0
0.00521119
0
0.00460852
-0.00472621
-0.00459855
-0.00461852
0
0
-0.000750012
2.1667e-07
0
0
0
-2.48664e-06
0
0.000788069
0
4.33378e-06
0
0
0.000797105
0.000788901
0
-0.000793624
0
0
0
-0.00158719
0
1.18591e-05
0
0.00155136
0
-0.00158408
1.13568e-05
0
0.0016184
0.00160165
0
0
0
-1.0044e-05
0
0
0
-0.00160031
-0.00159981
0
0.00160366
-0.00160232
0.00160205
-0.00160876
0.00163907
0
0
0
0
0
-0.00319079
0
-0.00159439
0
0
0.00160672
0
0
-0.00161828
0.00324566
0
0.00322424
-0.00321013
0.00638002
-0.00314399
-0.00309969
0
-0.0031332
0
-0.00303385
0
0.00308397
0
-0.00307755
0
0.0031619
0.00313318
0
0
7.08382e-06
0.00307765
0
0.00619309
-0.00304454
-0.00295273
0.0060447
0
-0.00594726
0
0
0
0
0.00283916
0
-0.00280682
-0.00283776
0.00287248
0.0027997
0.00284979
0.00282193
-0.00276139
0
0.00269326
0.00269933
0.00272086
0.00811426
0.00549923
-0.00533135
-0.00526965
0
0
9.32285e-06
-0.00518878
-0.00517535
9.47941e-06
-0.00514688
-0.00494725
0.00491236
-0.00504423
0
0.00500601
0.00992296
0
-0.00488356
0
0
-0.00453583
-0.00468283
0.00458482
0.00448404
0
0
-0.00437557
-0.00447514
0
0
0.00434453
0.00430059
-0.00424483
0
-0.00417623
0
0
-0.00408662
6.83949e-06
0
0
0
0.00388246
0
0.00381554
0
1.27981e-05
-0.00737233
0
0.00719187
0
0.00702574
0
0.00681669
1.21102e-05
0
0.00665504
0
1.08182e-05
0.00623993
0
0
-0.00615211
-0.01175
0.00556487
0
0.00536832
0
-0.0044038
-0.00491372
0.00465076
0.00468525
0
0
0.00109503
0.00059564
0
0
0
0.0013279
-0.000666745
0
0
-0.000669274
0.000669643
0
-0.000662569
-0.00132905
0
0.000663427
0
0
0
0
0.000666413
-0.00266836
0
-0.00132611
0
0
-0.00267857
-0.001363
-0.00136298
-0.0013581
-0.00137495
0.00137107
0
0.00266795
0
0
0
0.00131439
0.00133398
0
-0.00134184
0.00134455
-0.00135974
0
-0.00135663
0
0
0.00137157
0
0
-6.69061e-06
0
0.00135391
0
0
-0.00271977
0
0
-0.00136911
0
0
-0.00414704
0.00137169
-0.00267875
-0.00134094
0.00268175
0.00270367
0
-0.00269868
-8.7865e-06
0
0
0
0
-0.00267202
-0.00539985
-0.00262573
0.00262509
0
7.19323e-06
7.21633e-06
0.00272171
-0.00264189
0.00260562
0.00258211
-0.00517677
0
0.00252766
0
0.00247684
0
0
-0.00254497
0
0
-5.70894e-06
-0.00486227
-0.00247386
0.00250149
5.30511e-06
0.00239705
0.00242445
0
-0.00242925
5.23897e-06
-0.0047974
0
0.00475731
0.00471557
0
0
-0.00456814
-9.02343e-06
0.00461924
-0.00932024
-0.00452083
0
-0.00452058
0
0
-0.00451602
-0.00436612
0
0.00442572
-0.0043883
0
-7.63219e-06
0
7.40436e-06
7.16611e-06
0
0
0
0
0
0
-0.00409022
0.00411609
0.0040722
0
0
0
-0.00388415
-6.33653e-06
6.51338e-06
0
0.00391779
0
-0.00765937
0
-0.00381351
0
-0.0111709
0
0
-0.00715316
0
9.41702e-06
-0.00709724
-0.00696052
1.1098e-05
0.00694783
0
0.00650759
-0.00660136
0
-0.00647721
0
-9.15514e-06
0.00594582
-0.00562323
0
-0.0109114
-0.00554542
-0.00472426
0.00538584
-0.00487793
0
0
0
-0.000470302
0
0
0.000541071
-0.00054783
-0.00110076
0.000548653
0.000550015
0
0
-0.00109276
0
0.00054858
-3.30468e-06
0
0
0
0
0
-0.000554715
-0.000551125
0.00110173
-0.000552578
0.00109451
0
0.000554447
0.0011055
0.00110909
-0.00055929
0
0.00110377
-0.00111018
0
-0.00223569
-0.00111922
0
-0.00112496
-0.00113063
7.94926e-06
0.00112755
0
-0.00113027
0.00226523
0
0.00226805
0
0
-0.0011307
0
0
0.00113028
0.00113414
-0.00113033
0.00113234
0
0.0011362
0
-0.00114205
0.00113829
0
0
0.00113562
-0.00113418
0
0.00113175
0
-0.00227394
0
0.00339876
0.00227531
0
0
0
0
0.0033697
0.00225862
0
-0.00447495
0
-0.00220201
-0.00220959
-0.00223282
0
0.00222007
0
0.00220229
0
0
0
-0.00217481
0.00217908
0.00219875
0.00217325
0
0
0.00209821
0.00420389
0
-0.00424109
-0.00209082
0
-0.00209917
0
0.00211692
-0.00209822
0.00414074
0
0
0.00206273
0.00201937
0
0.0020419
0.00406608
0
0.00406476
0.00202529
0
0.00606078
0
0
0
0
0.00404799
0
0.00398558
0.00391798
0.00383578
0
6.6018e-06
-0.00374795
0
0
0.00369802
0
0
0
0.00378171
-0.00382761
-0.00370344
-0.00372917
0
0
0.00360145
0.00375874
-0.00750319
0
-0.00370781
0
0.00366425
-0.0036786
0
0
0.00350214
-0.00359121
0
0
0
-0.0068332
0.0102358
0.0103659
-0.0034825
-0.00685947
0
-0.00644799
0
-0.00693965
0.00720674
-0.00596845
0.00617665
0
0
0
0.00532491
0.00601038
0.0054707
0
-0.00470177
0
0
0
0
-0.000217781
0
-0.000890723
-5.39736e-07
0.000896042
0.000450602
1.04832e-06
0
0
0.000909481
0
-0.000451391
0.000906796
0
0
0
0
0
0.000918572
0.00046005
0
0.000456117
0
0.000461838
-0.000459519
0
-0.00046398
-3.54297e-06
0
0
0
-0.000465543
0.000924608
0.000925693
0
0.000929437
0.000931193
-0.000931507
-0.000932542
0
0.000933689
-0.000935627
0
-0.0014082
-0.000471964
0
-0.000944918
0
0
0.000946716
-0.00188902
-5.13317e-06
-0.000942541
-0.000948926
0
0
-4.61331e-06
-0.000950351
0.000951568
0
0
0
0
0.000950549
0
0
-0.000947697
-0.000943562
0
0
0
0
0
-0.0018813
0
-0.000936149
0.00186753
0.000942483
0
-0.000939013
-0.000939242
0
-0.00186519
-0.000939323
-0.000928513
0
0
0
0
-0.000915173
-0.00184099
0
0
0
0
-0.00181088
0
-4.3425e-06
0
0.00179528
-0.00179786
0
0.00178646
0
3.99843e-06
-0.00176805
0
-0.00175544
3.62153e-06
0
-0.00348791
0.00178182
0.0017683
0
0.00361236
0
-0.003568
0
0
-0.00166281
-0.00171899
-0.00169956
-0.00172692
0
-0.003448
0
0.00169256
-0.00316288
0
0
0
-0.00302522
0
0
0
-0.00335726
-0.00340926
0.0031988
0.00321865
0
0
0
-0.00343973
0.00666194
0
0
0
0
0.00643683
0.00327828
0
0.00308135
0.00321919
0
-0.00297968
0.00275145
-0.0029568
-0.00612736
-0.00338433
3.7141e-06
0.00316247
0.00282382
-0.00301334
0
0.00690021
0
0.00793758
0
0
0
0.00344724
0
0
0
0
0.00479029
-0.0025835
0
0
0
0.000620719
0.000312472
0.000621115
0.000304544
-0.000600518
-0.00060611
-0.000925543
0
0.000314497
-0.000631231
0
0
-0.000946399
0
0
0
0
0
2.29639e-06
-0.000638066
0
0
0
-0.000635832
0.000635966
-0.000635479
0.000635283
0.000636658
0
0
0
0.000633118
0
0
0
0
0
0
-0.000646958
0
-0.000645799
0
-0.000648078
0.0012884
0.000644417
-0.000646178
0.000644512
0
0
-0.000648259
0.00194931
0.000643676
0.000651843
0.00197173
0
0
0.00131635
0.00131812
-0.0013247
0
-0.00131133
-0.00131423
-0.00132454
-0.00264925
0
0
-2.99364e-06
0
-0.00131427
0
0
0
0
0.00129426
0
0.00126528
0
-0.00131783
0
0.00261745
0.00131641
0
0.00130295
0.00131771
0.00127943
0
0
0.00129299
0.0012858
-0.00127012
0
0
0
0
0
0
-0.00122044
0.00254774
0
-0.00124495
0.00370707
0
-0.00237785
0
-0.00493034
0.00237205
-0.00233485
0
-0.00473584
0
0.00233432
3.10116e-06
-0.00235536
0
-0.00475772
0
0.00242918
0
0
0.00203378
0.00206816
-0.00199751
-2.40406e-06
0
0
0.00208498
-0.00205731
0
0.00201331
0
0
0
0
0.00231462
0
0.0021953
0.002102
-0.0039845
0
0.00216354
0
0
0.00402434
-0.00375929
0
0
0.00175785
0
-0.00528628
-0.00690746
0.00366249
2.95327e-06
-0.00355966
0
0.00702078
-0.00264561
-2.22597e-06
0.00314141
0.00393743
-0.00378256
2.53347e-06
2.25436e-06
-2.50954e-06
0
0
0
-0.0027202
0.0032743
0.00346381
0
-0.00328346
0
0
0
0.00272065
0
0.0055329
0
0
-0.000366782
-0.000372796
-0.000383332
0
0.000374483
0
0
0.000374728
0
-0.000379216
0
0
-0.000379616
-5.71999e-07
-0.000376835
0
0
-0.000373598
0.000374511
-0.000750145
0
0
-0.00037518
0
0
-0.000742792
0.00073884
0
-0.00037398
0
0.00074935
-0.00075061
0
0
0
0
0
0
0
-2.09409e-06
0
0.000752838
0
0.00150814
-0.00152128
0
0.000766295
0.000771739
0
0
1.77888e-06
-0.00152788
-1.71002e-06
-0.00077006
-0.00077043
0.000763555
0
0
0
0.0007917
0.000784888
0.00155938
0.00155402
0.00155423
0.00233379
0
0
0.00155497
0
0.000790904
-0.000785833
-0.000783398
0
0
-0.00154497
0
0.00153301
0
0.00159889
0
2.04277e-06
-0.00154534
0.00148463
1.87815e-06
0
0.00152957
0
0
1.65914e-06
-0.0015265
-0.00150829
0
0.00155186
-0.00159104
0.00158278
0
0.00156979
0.00150089
-0.00150237
0
-0.00289573
-0.00290257
0
0
0
0.00403011
0
0.00418308
0
0.0028238
0
0.00138646
-0.0042234
0
-0.00124291
0.00387741
0
0
0
0
0
-0.0025164
0
0.00514336
0.00242152
0
-0.00255493
0
0
-0.00247727
0
0
0
0
-0.00227791
-0.00259274
1.42331e-06
-1.28044e-06
0
0
2.05197e-06
0
0
0
0
0
0.00198853
-0.00175415
0
-1.21467e-06
0.00510697
-0.00406149
-0.00576484
0.00390152
0
-0.00392268
0
0.00280896
0
-0.00407149
0
-0.00356726
-0.00320358
0.00174777
0
0
0.00356592
0
1.9604e-06
-0.00347015
0
0.00323906
0
0
0.00294533
-0.00542118
0
4.91265e-07
0
0.000222328
0.000868944
0
0
0
0
0.000441491
0
0
0.000437154
0
0
0
0.000448851
0.000890933
-4.30538e-07
-0.000435677
0
0.0004409
-0.000440652
0
0
0
0.000434129
0
0
0
0.00043755
0
0.00087474
0
-0.000875121
0.000876024
-0.000440981
0
0
0
-0.00044019
-0.000436562
-0.00044091
0.000872034
0
0
0
-0.000447235
0.000902092
0
0
0.000909978
0
0.000898094
-0.000896094
0.000896425
0.000896456
0
0.000872822
-0.00087537
0
-0.000909701
0
-0.000931457
-0.000919772
0.000921823
0
0
-0.00090803
-0.000907366
0.000932852
0
0
0.000933073
0.000927411
0.00182556
0.000897864
0
0.00183268
0.0008992
-0.000932102
-0.000959259
-0.000933088
0
-0.00274981
0.00180766
-0.00265686
-0.00186005
0
-0.00169798
0
0.000884783
-0.000874945
0
0.00345172
0.00171956
-0.00175543
0.00335575
-0.00167384
0
-0.00174581
0.00163714
0.00169962
0
0.00165675
0.00177895
0
0
0
-0.00141359
0
-0.00145087
0.00159744
0
0
-0.00157552
-8.42638e-07
0
0.00133267
-0.00136654
0
-0.00146635
0
-0.0013646
0.00128332
0.00296441
0
-0.00471866
-0.00425972
0
0
0
0
0
-0.00134092
0
0.00160929
0
0
0.00276231
-0.00290318
0.00505004
0
-0.00267297
1.49673e-06
0
0.00219201
0
0.00269502
0
-0.00207599
0.00190245
0
0.00202213
-0.00387757
0
0.00214309
-0.00210828
-0.00184682
0
-0.00174882
0
-0.00187173
0
0.00197562
0
0
0.00194343
0
0
-0.00367533
0
-0.00178352
0
0
-0.00519548
0
0
-0.00158573
0.00294025
0.00160128
-0.00484091
0
-7.70117e-08
-0.000272204
0
0
0
0
-0.000530328
0
-0.000250476
-0.000501765
0.000255872
0
0
0
-0.000513307
0.000775112
0.0005153
0
0
0
0.000517783
-0.000512669
0
0
0
0
0
-0.000498042
0
-0.00050355
0
0.00050687
-0.000510749
-7.0733e-07
0
0
0
0.00103562
0.000502129
0.000503819
0
0
0
0
6.83932e-07
0
0
0.000531362
-0.00107571
0.000529432
-0.0010098
0
0
0
-0.000526254
-0.0010159
0
0
0.00163455
0
0
-0.00109233
-0.00107927
0
0
0.00104504
0.00104215
-0.00108908
0
0
0
-0.00101908
6.39696e-07
5.93292e-07
0
0
-0.00106391
-0.00110029
0.00110561
-0.00104599
0
0.00214485
0
0.00102476
0
0.00101335
0
0
-0.00206258
-0.000999404
0
-0.00196826
-0.00291726
0
-0.00164068
0
-0.000811026
0.000950911
-0.00174187
0
0
0
0
0
0
0.000916095
0
0
0.00157072
-0.00310452
0
0.00167119
0
-6.28266e-07
0.00174118
0.00155771
0
0
0.00293274
0.00133218
0.00149911
-0.0014383
0
0.0015624
-5.4114e-07
0.00146933
0
0
0
0
-0.00160406
0.00153166
0
-0.00166209
0
0
0
-0.00143852
-0.00272757
0.00156349
0.00287586
-0.00286702
0
-0.00264331
0
-0.00144139
0
0
-0.00208898
0
0
0.00444516
0
0
0.00451909
0.00221719
0
0.00193804
0
0.00225805
0
-0.00432109
-0.00218639
0
0
0
0.00207422
0
0.00200852
-0.00200391
0
-0.00204153
0.00195744
0
0
-0.00182629
0
-0.00177606
0.00183029
0
-0.000311778
-0.0003018
0.000305458
0
0
0
0
0
0.000291112
0
3.49976e-08
0
0
0
0
1.28544e-07
0
-0.000303252
0
0
-0.000606371
0.000588603
0.000289684
0
-0.000285232
-0.0002765
0.000272773
-0.000287137
0
0.000286568
0
-0.00028779
0.000582496
0.000587913
0
0
0
5.13652e-07
0
0.00058067
0
-0.000573497
0.000587732
0
-0.000621232
0
0
-0.000586593
0
-0.000573359
0
-0.000603815
0
0
-4.12189e-07
0
0
0
-0.000631751
0
0
0.00121203
0.000566526
0
0
-0.00114502
0
0.000592979
0
0
0
0.000540983
-0.00106123
-0.00161724
0
0
0
-0.000601176
0
0.00115632
0
-0.00236525
0
0
0.00112171
-0.00111208
0.00101149
0
0.00110326
0
0
0
0.00108491
0
0
0
0.000898575
3.80803e-07
0
0
0
0.00102131
-0.00103267
0
0
-0.00210289
0
0
-0.00282419
0.00180678
0.000883508
-0.00307528
0
0.00175915
-0.00185342
-0.00178421
0
0
-0.000796689
-0.00215749
0
0.000852604
-0.000946796
-0.00174714
0.00182736
0
0
0
0
0
0.00161874
0
0
0
0
0.00159754
0
0.00152318
0
-0.00162367
-0.00157577
0
0
0
0
2.93645e-07
0
0
0.00126353
0
0
-0.00252998
0
-0.0012648
-0.00257941
0
0
0
0
0
0
0.00253082
0.00263864
0
0
-0.00116884
-0.00250664
0
3.18235e-07
-0.00242523
0
0.00243787
0
0
0
0
0
0
0
0
0.000176823
0.000173296
-0.000345695
0
0
0
0.00017954
0.000352987
0
-0.000328579
6.58557e-08
0
0
0
-0.000342735
-0.000352889
0
0.000331516
0.000333595
0.000337861
-0.000348727
0.000328162
1.97887e-07
-0.000310444
0.000328175
-2.10892e-07
-0.00032797
0.000327108
-0.000331919
2.55589e-07
0.000322411
-0.000326032
0
0
-0.000330594
0
0
-0.000646686
0.000340054
-0.000665033
0
0.000672238
-0.000348299
0
0
0
0
-0.000311276
0.000311509
0
0.000309632
0.000645118
0.000699167
0
0.00137334
-0.000739095
-0.000669744
0
-0.000673433
0
0
0
-0.000613079
0
0
0
-0.000671685
-0.000653347
0
0.00064048
0
0.000607516
0.000571823
0.00117379
0
0.000576042
0
0.000685133
0.000634578
-0.00124787
0.000639444
0.00133859
0
0
-0.00124492
0
-0.000591215
0.00057807
0
0
-0.000622177
0
0
-0.000583531
0
0
0.000569099
-0.00237708
0
-0.00106142
0
-0.00115379
-2.52607e-07
-0.00113026
-0.00122106
-9.1654e-08
0
0
-3.12758e-07
0
-0.00199749
0.00119849
-0.00109316
0.000979779
0
0
0.00105939
0
-0.00199681
0.000904209
-0.00103957
1.77718e-07
-1.67985e-07
0.00102327
-0.00102686
0
0
-0.00100454
0
-0.000961336
0.000923836
0
0
0.000986261
0
-0.000974901
0
-0.000914476
0.000853199
0
0.00188166
0
0
-0.00183681
0
-0.00188986
0.00179701
0
-0.00167304
0.00169325
-0.00167872
0
0
0.00160167
0
0
0
0
0
0
0
0
0
0
-0.00165738
0.00155263
-0.00165635
-0.0016354
-0.00319854
0.00323354
0
0
0
0
0
0
0
0
0
0
-0.000200179
-1.48272e-07
0
0
-0.000203813
0
-7.18803e-08
-0.000399706
0
0.000392172
-0.000192254
0.000192126
-0.000193324
0
0.000384626
0
0.000192266
0
-0.000376994
-0.000376027
0.000383294
-0.000373218
-0.0003655
0.000351719
0
0.000180459
0
0
0.000177438
2.17996e-07
-0.000344854
0
0
0
-1.92171e-07
-0.000377518
0
0.000376445
-0.000373679
0
0
0
1.75747e-07
0
0
0
0
0.000347475
-0.000359102
0
2.04477e-07
0
-0.000763039
0
-0.000784407
0.000876017
0.000797635
0
0.000755167
0
0
0
0
0
0
0
0.000369995
0.000350788
0.000365998
-0.00111137
0.000366258
0
-0.000685426
-0.000692598
0
-0.000702975
0
0
-0.000752093
0.000746839
1.64937e-07
0
0
0.000762893
0
0.000739416
-0.00143834
-0.000700767
0.000683414
0
0.000733463
-0.000743138
0
0.000672721
0
-0.000701231
1.7897e-07
0.00215587
0
0.000673346
0
0
0.00210773
0.00140918
0.00147731
0.000717036
0
0
0.00141343
0
0.000639096
0
0.00144265
-0.00190511
-0.000681059
0
-0.00136945
-0.000684617
0.00137253
0
0.00267624
-0.00261065
0.00133837
-0.00132035
0.00264914
0
-0.00128768
0.00134805
0
0.00131468
-0.00125769
0.00131545
0
1.12221e-07
0
-0.00131074
0
0.0012424
-0.00232837
0
0
0
-0.0012095
0.00242784
0
0
-0.00242432
0
0
-0.00119682
0.00234661
0.00117149
-0.00123734
0.00116802
0
0.00121584
0
0
0
-0.00120815
0
-0.0011963
0
0
0.00240178
0
0.00480932
0.00470931
0
0
0
0
0
0
0
0.00230695
-0.00230149
0.0022758
0
0
0.000106435
-0.000231525
-0.000124354
0
0.000117263
0
-0.000225773
-0.000115227
0
0
-0.000218934
-0.000225261
0.000451337
0
-0.000210632
0
3.3345e-08
0
0
-0.000218951
0
-0.000215245
0.00020937
0
-0.000211073
-8.54692e-08
0.000220575
-0.000217444
0.000218661
-0.000656108
0
0
0.000215043
0
0.000469157
0.000451502
0
-0.000460637
0
0
0
0
-0.000445532
0
0
-0.000241913
0
0
-0.000230964
0
-0.000450612
0
0.000227258
0
0
0.000535523
0
0
0
-0.000451691
0
0
0
0
0
0
0.000475911
-0.000453845
-0.000488334
0.000488985
-0.000954688
0
-0.000468061
-0.0004512
0
0
0
0.000505162
0
-0.000502247
-0.00104735
0
0
-0.00100873
-0.000485515
-0.000996159
0.00143518
0
-0.000952475
0.000472554
0
0.000518117
0
-0.000470981
0
0.00100737
-0.000962064
-0.00102154
0
0.00197843
0
0
-0.000989442
0
0
0.00198604
0
-0.000996782
0.00100709
0
0.00190484
0.0010096
-0.00102083
0.000964571
0.000993854
-0.000961425
-0.000998098
0.00100421
0
0
-0.000981829
0.000958953
0
0
-0.00295474
0
0.00190343
0
0
-0.000977257
0
-0.00290124
0
-0.00194844
0
0
0
0.000938994
0.000914853
-0.000964534
0
0.000950791
0.001875
0
0
0
0
-0.00188344
0
-0.00187428
0.00183422
-0.0018613
0.00189248
-0.00185566
0
-0.0018914
0
0
0
-2.06062e-07
0
0.00188093
0
0
0
0
-0.0056369
-0.00553293
0
-0.00185703
0
0
0
0.00183336
0
-0.00363389
0.00359834
-0.00357988
0
0.00175213
-0.000298025
0
0.00030106
-0.000143576
0.00014475
0
0
0.000151315
0
0
0
0
-0.000152568
0
0.000136159
0
-0.000268117
0
0.000146105
0.000295653
0
0.000298052
-0.000294643
0
0.000148727
0.000148628
-0.000319839
0.000312991
-0.000154027
0.000308894
0
0
-0.000293952
0.000158172
0
0
0
0
0
0.000149172
0
0
0
0
0
0.000344914
0
0
0.000690747
0
0
0
-0.000331506
0
0
-0.00074825
0.00035976
0
0
0.00104437
0
0
0
0.000360384
-0.000356325
0
0
0
0
0
0.000735533
0
0.00112199
0.00107289
0.000373295
0
0
-0.000381854
0
-0.000392115
0
0.000396579
-0.000386054
0
0.000378712
0
-0.000377164
0
0.000762317
-0.000757396
0
0.00162987
0.000777916
0.000780604
-0.000780375
0
0.000770122
0
-0.000781631
-0.00160275
0
0
-0.000803806
0
-0.000794437
-0.000801055
0
0.000807791
-0.00161098
0
-0.001587
-0.00160725
0.00243809
-0.000806215
0
0.00158043
0.00242235
0
0
0
-0.0023953
0.0015943
0
0
0.0016264
0
0
-0.000813954
-0.000807778
0.000804741
0
0.00236465
0
0
0
0
0
5.62315e-08
0.00310394
0.00158032
0
-0.00157698
0
0
0
0
0
0.00310657
0
0
-0.00307888
0
-0.00155337
-0.00153706
0.00153747
0
0.00155307
0.00153166
0
0.00307588
0
0
-0.00151683
0
0.00152129
0
0.00302383
0.00149477
0
0.00149258
0
0
-0.00146106
-0.00290907
0.0014433
-0.00143546
0.00283943
0
0.0027611
-0.00546208
0.000273566
0
-0.00026012
0.000253371
0
0
0
-0.00013015
0
-0.000128677
-0.000123484
0
-0.000261784
0.000130201
0.000370231
0
-0.00012177
0
-0.000257881
0.000128518
-0.000128672
0
0
0
0.000263093
0.000395747
0.000138603
0
0.000134431
0
0
0.000130236
0
-0.000271628
0
0.000139017
0.000138543
-0.000140212
0.000139508
-0.000277437
0
0
-0.000138407
0
-0.000150372
0.000147846
0
0
-0.000598572
0
-0.000293212
-0.000294786
0
0
-0.000307442
0
-0.00061831
0
0.000307616
-0.000624599
0
0
0
-0.000643706
0.000629123
0
0
0
-0.000319236
-0.000326366
0
0
-0.000330039
-0.000648001
-0.000661741
0
0
-0.000668112
0
-0.000681123
0
-0.00102322
0.000671533
0.000342479
0.000669743
0
-0.000668705
0
-0.00135301
0
0
-0.00139163
-0.00136339
0
0.00136386
0
-0.0013652
0
0.00137353
-0.000692815
0
0
0.00209762
0
0.000692573
-0.00139544
-0.000690034
0.0014006
-0.000692111
0
0
0
-0.00209428
0.00138921
-0.000689203
0
-0.00207289
0
0
0
0.00136873
0
0
0
0
0.000682963
0
0.00137143
0.00136669
0.00204225
0
-0.00134732
0
0
0.000675028
0.000673639
-0.000663414
-0.0026476
-0.00264174
0
0
-0.00131911
-0.00131257
0
0
0
0
-0.00128925
-0.00128632
0
-0.00127452
0
0.00254107
0.00251996
-0.00376781
-0.0012535
-0.00250345
-0.00248282
0
-0.00123182
-0.00122394
0
0.00241442
-0.00120019
-0.00358837
0
0
0.00234135
0
0.0011555
0
0
0.00224371
0.00111301
-0.00329786
0.00217818
-0.00322211
0.00105909
-0.00415614
0.00512948
0
0
0
0
0
0
0
0.000163381
0
0.000162635
0.000161422
0
0
-0.000161322
-0.00016042
0
0.000159018
0
0
-0.00015984
0.000160194
0
0
0
0
-0.000162339
-0.000163382
0
0.000163019
0
0
-0.000162903
0
0
0
-0.00016576
-0.000165184
0.000166335
-0.00016655
0
0
0
0.000166966
0
0.000169454
-0.00016904
0
0
0
0
0.000339254
0.000340019
0
0
0.000341303
0
0
0
-0.000342389
0
0
0
0
0
0
0
0
0
0.000340035
0.000339674
0
0
-0.000338454
0
0
0
0
0
0
0
0
0.000330855
0
-0.000328597
0
0
0
0
0
0
0
0
0
0
0
0
0
0
0
0.000602983
0
0
-0.000591774
0
0.000583038
0
0.000573285
0
0.000564481
0
0
0
0.000545137
0
0.00053449
0
0.000524505
0
0
0
0
0
0
0
0
-0.00047432
0
0
0
-0.000450702
0
0
0
0
-0.000420333
-0.000414068
0.000407303
0
0
0
0
0.000752072
0.000739
0
0
0
0
0.000674069
0.000660947
0
0.000634515
0
0
0
0.000582359
0.000569406
0
0
0
0.000517048
0.000504194
0
0
0.000466003
0.000453275
0
0
0
0
0.000390913
0
0
0
-0.000342046
0.000329988
0
-0.00030594
-0.000294012
0
-0.000270402
0.0139633
-0.0137865
0
0
0.0241427
-0.0233184
-0.0229504
-0.0203727
0
-0.0173342
0.0158309
0.0316594
0
0.0289024
0
0
0
-5.57987e-05
0
0
0
-0.00876048
0.00546273
0.0050642
0.000474065
0
-3.87879e-05
-0.013314
-0.0268961
0.0273967
-7.33265e-05
-0.0262166
-6.78866e-05
0
0
-0.0144166
-0.0309585
0
-0.0547581
0.0189822
-0.0196515
0
0.0300983
0
-0.00763365
0.00852182
0.00690244
-0.00423027
6.90011e-05
-0.000405476
0
0.0276512
0.0124585
0.0242502
-0.0254781
-6.12391e-05
0.0242348
-5.74311e-05
0
-0.0165176
0
0
0
0.0259391
-0.019435
0.0196391
0
9.61155e-05
0
0.0163144
-0.00941939
7.87801e-05
0
-0.00220548
0
0
2.55628e-05
0
0.0118839
0
0.0213507
0
0.0395646
0
0.0181568
0
0
0
0.027809
0
0
0
9.97543e-05
0
-0.0104878
0
-0.0135798
0
0
0
0
-0.012229
0
2.7382e-05
0
0
0.0208318
-0.0393014
0
-0.0178815
0.0153179
-0.0156882
0
9.93742e-05
0
0.0225865
0
-0.0178736
0
0
-0.0117268
0
0
0
0
0
0
0
-0.022364
-0.0107413
0.0206145
-0.019815
0.0381972
0
0.0171327
-0.0156541
-4.96382e-05
0
-0.0128134
0
-0.0220837
0
0
-0.0153794
0
0.0223089
0.00796346
0
-0.00514094
0.00168196
0
0
0
0.0110857
0.0106495
-0.0101843
0
4.33143e-05
0
0
0
0.0148905
0
-0.0127615
0
0
0
0
0.0302104
0
-0.010655
-0.00798697
0.00573472
0.00593875
-0.00176975
0.012295
0
0.0114931
-0.0110617
0
-0.0101636
-0.0194233
-0.0188628
0
-0.0166801
0.0159923
0
0
0
0
0
0
0
-0.0149564
0
0
-0.00817676
-0.00572918
0
-0.00200009
-0.0122675
-0.0118592
-0.0114333
0.0110171
0.0107341
0
0.0193495
0.0189359
0.0176818
0.0166581
-0.0159729
0
0
-0.0128396
-0.0117504
0.010718
0
0.0170761
0
0
-0.0104593
0.00821324
0
0
0.000972234
-0.0123134
0.0117862
0
0
-0.0213768
0
0.00965493
-0.00943363
-0.0176329
0.0167568
0
0.0148413
0
0.0128612
-3.54891e-05
3.47844e-05
0
7.03304e-05
-0.0150247
0
0.0103493
0.00832873
0
0
0.00106436
0.0123093
0
-0.011429
0
0.0106512
0
-0.0096645
1.67508e-05
0.0177627
-0.0167506
0
3.51615e-05
0
0
0.0117575
-0.010743
0
-0.0171619
0.0150224
0.0129875
0
-0.00830243
0
0
0
0
0.0116379
0.0114704
0
0
0
0
1.53973e-05
-0.017781
0
0
3.2381e-05
0
0
0
0
0
0
0.01514
-0.0130175
0
0
0
0
0
0
6.96823e-06
-0.0114956
-0.010998
0
0.0102988
0
-0.00945399
0
0
0
2.97731e-05
0
0
0
0
-0.00984968
0.00864947
-0.0151464
0
0.0106254
0.00843974
0
0.00365271
0
0
-0.011582
0.0114492
0.0219445
0
-0.020632
0
0
0
0
0
-0.0149896
0
0.0130225
0
-0.0109055
0.0098183
-0.0173087
0
0
-0.0106485
4.63866e-05
0
3.98955e-05
0.00121977
0
0.00581554
0
-0.0108935
0
-1.01619e-05
0.00976397
-0.00937971
0
-0.00836835
0
0
0
-0.013058
0
0.0109006
0
0.0173507
-0.00767662
0.0065197
0.00537637
4.28152e-05
0
-0.00365987
-0.00245731
0
-0.00584714
0.00568376
0
0.0106396
0.0204806
9.44297e-06
0.00938032
0
0.00840747
0
0
0
0
0
0
0
2.25141e-05
0.0076691
-0.00649929
-0.0108317
-0.00853361
-0.0060955
0
0.0012375
0
0
-0.00569173
0.00546983
-0.0106187
-0.0102218
-0.00976558
0.00940941
0
0.00848695
0
0
0
0
0
0.0110191
0
2.071e-05
0.00763482
0
0.0054352
0
0.00607927
0
0
0.00601672
0
0
-0.00547807
0.00533112
-0.00514651
-0.00493702
-0.00943248
0.00891139
-0.00849408
0
0.00748128
0
0
0
-0.0110136
0
-0.0175646
-0.00761357
-0.00660267
-0.00543997
0
0
0
0.000643143
-0.00599091
0
0
0
-0.00536367
-2.6593e-06
0.00495129
0
-0.00894773
0
-0.00808102
8.0475e-06
0
0
0
0
0
0.00439554
0
0.00656598
-1.4411e-05
0
0
0
-0.000642528
0
0
-0.00574981
0
0
0.00512054
0
0
0
0
-6.78085e-06
-0.014896
0
0
0
0.00550439
-0.00502867
0.00442342
0
0
0.0108274
0.00432699
0
0
0.000654077
0
0.0029259
0.00577398
0.00548318
0
-0.00506242
0
0.00471457
0
0
0.0121482
0.00746692
0
0
0
-0.00548787
0.00499769
0.00442469
0
0
-0.00543533
-0.00432678
0
-0.00193904
5.76375e-06
0
-7.41355e-07
0
-0.00547355
0
0.0050284
0
1.22726e-06
0
0
-0.00403392
0
0
0
-0.00297519
0.00547148
0
5.81783e-06
0.00380729
0
0.00273186
0
0
0.00193422
-0.000650405
0
-0.0058796
0
0
0
0
0.00241694
-0.00467282
0
0
0
0.00370564
0
0.00318827
0.00293412
-0.00543313
0
-0.00437155
-0.0036649
0
-0.0054605
-0.00209087
0
0
0
-0.00152448
0.0029268
0
0
0
-0.00252922
-0.002376
0.00230706
0
0
-0.00196472
-0.00367273
0
-0.00310641
-0.00289235
-0.0026983
0
0.00214053
0
0
0.00270119
0.00195392
0
-0.000946392
0.000307894
0.00152383
0
0.00139499
0
0
0.00250002
0.00112151
-0.00226178
0
0
0.00184055
0
0
-0.00144136
0.00141922
0.00261932
0
-0.00197108
0.0014749
0
-0.00128629
0
0
0.000865105
-0.000409048
0
0.000703248
-0.00134021
0
0
0
-0.000983609
0
-0.000977971
0
0
0.000816903
0
0.00178097
0.00137326
-0.000597447
0
0
-0.00118882
0
0.000558955
0
0
0
0.00010749
0
-0.000658413
0
0
0
0
0
0
0.000892501
0
0
-0.000784982
0
-0.000525678
0
0.000572413
0
0
0
0
0.000497744
0
0
0
0
0
0.000530765
0
0
0
0
0
0.000802107
0
0.000873639
-0.00077626
0
0
-0.000529797
0
0.00109538
0
0.000616515
0.000507092
0
0
0.000232795
0
0
8.73073e-05
0
0.000564344
0
0
0
0
0.00178642
0.000890968
0
0.00090785
0.000846196
0
0
0.00190481
0
-0.00119373
-0.00209018
0.000689639
-0.000602202
-0.0011395
0
-0.000310861
0
0
-0.000109811
0
-0.00119551
0.00235689
0
-0.00218502
0.00207946
-1.209e-06
-0.00192049
0
-0.00180403
0
0
0
-0.00411762
0
0
0.00231998
-0.00169243
0
0.00132978
-0.00224334
0
0
0
0
-0.00251256
0.00242224
-0.00235266
0
0.00219148
-0.00210579
-0.00202735
0
0
0.00357062
0.00336956
-0.00316401
0
0.00280531
0
-0.00484594
0
0.0038269
0
0
0.00238542
0
0
0
0
0.00250143
-0.00486144
0
-0.00455418
0
0.00423011
0
-0.00390276
0
-0.00356096
-0.00676721
0.00321033
0
0
0
0.00484059
0
-0.00794012
0
0
0
0
0
0.00186129
-0.00061651
0
0.00243855
0
0.00456087
-0.00440956
-2.81401e-06
0.00404792
0.00391417
0
-0.00355678
0.00338049
-0.00644601
0
0
0
-0.00485595
0
0.00398814
0
0
0
0
0
-0.00185449
0.00063316
0
0
0
0.00455024
2.51308e-06
-3.04626e-06
-0.00808344
0.00393507
0.00756072
0.00357758
0
0.012865
0
0
0
0.00486586
0
0
0
-0.00607719
0
0
0
0.00182643
0.000627056
0
0
0
-0.0090496
0.00437938
-0.0042282
-0.00404998
-0.00395493
-0.00752248
0
0
-0.00642755
0
0.00565052
0.00524993
0
0
0.00787119
0
2.16291e-05
0
-0.00397496
0
-0.00181689
-0.000628128
0
-0.00480451
0
0.00454039
0
0
0.00810662
0
0
0.00715491
0
-0.00641444
0
-1.33437e-05
-0.00525684
0
0
-0.00787385
0
0.00608469
0.00498426
0.00398755
0
0
-0.00122279
0
-1.50651e-07
0
0
0
0.00841573
-0.00810616
0.00781934
0
-1.27473e-05
0
0.00641015
0
-0.00564767
0
0
0
-0.00780002
0.00689452
-0.00598377
-0.00994645
-0.00789566
0
0
0.00241598
-0.00487553
0.00952453
0
0
0
-8.99885e-06
0.0162486
-0.0077982
0
-0.00712199
0
0
0
0
0
0
0.00867546
0.00776173
-0.00685194
2.95025e-05
0.00493365
0.00788676
-0.00561357
0
-0.00118476
0.00975777
-0.0142791
0.0092505
0
-0.00873533
-1.00263e-05
-1.10967e-05
0
0
0
0
-0.0126073
0
0
0.0103043
0
-0.00854515
0
0
0.00580696
-0.00955899
-0.0077111
0.0054327
0
0
-0.00485231
0.0094785
-0.00919634
0
0.00870461
-0.00838953
-1.19906e-05
-0.00773512
0
0.0141368
-0.0128925
0.025195
0
0
-3.59402e-05
0
0
0.0072823
0
0
0.0179161
6.12882e-05
0
-0.00329068
0
0
0
0.00906053
0
-0.00858906
0.00825657
-1.25996e-05
0.00760118
0.0141764
-0.0136801
0.012247
-0.0251091
0
0.0105364
-0.00951066
0
0
-0.00625058
0.0120635
0
-0.007305
0.00636206
0.00455911
0.00546069
0.000815055
0
0.00872221
-0.00894938
0
1.21843e-05
-0.00812978
-0.0076139
-0.0141866
-0.0264623
0
0
0.0124442
0
-3.80601e-05
0.00836753
-0.00823446
0
-0.010683
-0.00962664
0
0.00542121
0
-0.0035073
-0.0020099
-1.88034e-05
0
-0.00838164
0
0
1.22402e-05
0
-0.0153155
0.0138636
0.0129661
0
-0.0106604
0.0130844
0
-3.57852e-05
-0.00756158
0.008313
0
0.00955675
-0.00794988
0
-5.72786e-05
0
0
0.00150845
-0.00139769
0
0
0
0
1.07673e-05
0
0.0147054
-0.0135797
0
0.0104234
0.00886522
-0.0128156
0
-0.017612
0.00650024
0.0152631
0
0
0.0145358
-0.00562104
-0.00875326
0
-0.00233321
-0.00132565
0.000826276
0.00985724
-0.00899737
0
0.0073682
0.0151234
0
-0.0145999
0.0137116
0
-0.010578
0
-0.0119401
0
0.00846648
-0.0185826
-0.0289487
0
0.00795623
-0.00722091
0.00524468
6.04707e-05
0.0033186
0.00446994
-0.00257251
0
-1.99016e-06
0.00936648
0.00862182
-7.58854e-06
-0.00811665
0
0.0149976
0
0
0
0.00996943
0.0110336
0
0.0173972
0.013847
0.013879
0
-0.00876545
0
0
6.09786e-05
-3.35526e-05
-0.00224509
2.03359e-05
0.000775673
-0.0098074
-0.00937577
-0.0094772
-0.0091448
0
0
0
0
0
-0.0130153
-0.0108304
0.0106475
0
-0.0365012
0
0
0
0
0
0
6.08149e-05
-0.00405598
0
0.00302591
-1.59419e-05
0
0.0102144
0
0
0
-0.0178526
0
0.0161107
0
2.59285e-05
0
-2.60958e-05
0
0.0377374
0
0
0
-0.0101998
0.00817017
0
0.00510211
-0.00427241
0
0
-1.2786e-05
0
0
0
0
0
2.00993e-05
0
-2.33827e-05
0.0154385
0.0142849
-0.0125875
-2.44167e-05
0
-0.0403952
0
0
0
3.61533e-05
-0.00929662
-0.00744799
-0.00558109
0.00475185
0.00565597
0.00378089
-0.00103679
-0.0141071
0.0134539
0
0.0248773
-0.0228797
0.0229202
0
-0.040155
-0.0175642
0
0.0146534
-0.0142416
0
0.0471157
0.0204368
0
0.015886
3.30212e-05
0.0112095
0.0184733
6.15535e-05
0
-0.00710645
-0.00470736
-0.00127511
0.0178507
-0.016774
0
-0.0312723
0.057816
0.0282713
0
0.0505305
0
0
0
0.0183186
0
-4.69078e-05
-6.09051e-05
0
-0.0208074
0.0180084
-0.0150557
-0.0124961
0.00926636
0.0154875
0
0
1.71654e-05
0
0
0
-0.0427132
-0.0403364
-0.0386173
0
-0.0695294
0
0.0295244
0
-0.051831
0
-0.0427193
-0.0382252
0
0
0
0.0222117
0
0
-0.0233583
0
0.010129
0.00548771
0
-0.0345085
0.0663683
0.0634647
0
0
-0.0542767
0.052028
0
-0.0901757
0
0.0396362
0
0
0.0594624
0.054686
0
0
-0.0709658
-0.0302088
-0.0459092
0
0
1.26247e-05
-0.0046302
0
0.108277
-0.104112
0
-0.0948002
0
0.0857492
0
0
0.0718325
0.0669855
-0.125981
0
0
-0.193289
-0.0889807
0.0777942
0
0.0584305
0.0506464
0.0774165
0
0
-0.0583284
0
0
-0.0845835
0.162467
0
0.148314
0.141747
0
-0.12775
0
0
-3.71307e-05
0.198479
0
0
0.154506
0
-0.12503
0
0
0
0
0.105656
0
0.0483824
0
0
-0.126844
-0.242359
0
0
-0.422556
0.199762
5.37076e-05
0
0
-4.89201e-05
-0.294806
0
0
0
-0.210806
0
-0.167542
0
0
-0.189833
-0.000190646
0
0
-0.0191155
0
0.0313726
0
0
-0.0486838
0.044569
-9.33732e-06
0.0370962
0
0.0304035
-0.0272533
0.0487598
0
0
0
0.0287185
0
1.45245e-05
0
0
0.0168861
-2.65445e-05
0
-0.00609768
0.000549507
)
;

boundaryField
{
    inlet
    {
        type            calculated;
        value           uniform 0;
    }
    outlet
    {
        type            calculated;
        value           nonuniform List<scalar> 
57
(
3.45019e-17
-2.05621e-17
0
0
0
5.77553e-18
-4.98411e-18
-4.45977e-18
2.02946e-18
1.89858e-18
0
0
0
1.61543e-18
-3.15227e-18
1.54556e-18
0
7.48851e-19
-7.41982e-19
7.3117e-19
-4.22703e-21
-7.22082e-19
0
3.52561e-19
-5.28459e-19
1.7565e-19
0
1.88017e-19
-1.97484e-19
0
0
-7.80559e-19
7.9982e-19
7.98827e-19
-8.2579e-19
-1.6721e-18
3.47916e-18
-1.82359e-18
0
0
2.21903e-18
8.42762e-21
-7.89469e-18
5.64202e-18
0
6.74957e-18
6.67053e-20
7.19467e-20
-9.26584e-18
-1.05987e-17
-9.22412e-20
2.75201e-17
-1.56768e-17
0
0
-2.94467e-17
5.88313e-17
)
;
    }
    upperWall
    {
        type            calculated;
        value           uniform 0;
    }
    lowerWall
    {
        type            calculated;
        value           uniform 0;
    }
    frontAndBack
    {
        type            empty;
    }
}


// ************************************************************************* //
