/*--------------------------------*- C++ -*----------------------------------*\
  =========                 |
  \\      /  F ield         | OpenFOAM: The Open Source CFD Toolbox
   \\    /   O peration     | Website:  https://openfoam.org
    \\  /    A nd           | Version:  8
     \\/     M anipulation  |
\*---------------------------------------------------------------------------*/
FoamFile
{
    version     2.0;
    format      ascii;
    class       volScalarField;
    location    "2.3";
    object      gradTy;
}
// * * * * * * * * * * * * * * * * * * * * * * * * * * * * * * * * * * * * * //

dimensions      [0 -1 0 1 0 0 0];

internalField   nonuniform List<scalar> 
400
(
-5787.1
-5787.1
-5787.1
-5787.1
-5787.1
-5787.1
-5787.1
-5787.1
-5787.1
-5787.1
-5787.1
-5787.1
-5787.1
-5787.1
-5787.1
-5787.1
-5787.1
-5787.1
-5787.1
-5787.1
-209.024
-209.024
-209.024
-209.024
-209.024
-209.024
-209.024
-209.024
-209.024
-209.024
-209.024
-209.024
-209.024
-209.024
-209.024
-209.024
-209.024
-209.024
-209.024
-209.024
-3.82978
-3.82978
-3.82978
-3.82978
-3.82978
-3.82978
-3.82978
-3.82978
-3.82978
-3.82978
-3.82978
-3.82978
-3.82978
-3.82978
-3.82978
-3.82978
-3.82978
-3.82978
-3.82978
-3.82978
-0.0470275
-0.0470275
-0.0470275
-0.0470275
-0.0470275
-0.0470275
-0.0470275
-0.0470275
-0.0470275
-0.0470275
-0.0470275
-0.0470275
-0.0470275
-0.0470275
-0.0470275
-0.0470275
-0.0470275
-0.0470275
-0.0470275
-0.0470275
-0.000434583
-0.000434583
-0.000434583
-0.000434583
-0.000434583
-0.000434583
-0.000434583
-0.000434583
-0.000434583
-0.000434583
-0.000434583
-0.000434583
-0.000434583
-0.000434583
-0.000434583
-0.000434583
-0.000434583
-0.000434583
-0.000434583
-0.000434584
-3.22172e-06
-3.2217e-06
-3.22172e-06
-3.22176e-06
-3.22166e-06
-3.2217e-06
-3.2218e-06
-3.22181e-06
-3.2217e-06
-3.22172e-06
-3.22171e-06
-3.22181e-06
-3.22178e-06
-3.22181e-06
-3.2218e-06
-3.22171e-06
-3.22179e-06
-3.22177e-06
-3.22171e-06
-3.22181e-06
-1.99452e-08
-1.99396e-08
-2.00262e-08
-1.99452e-08
-1.99674e-08
-1.99651e-08
-2.00262e-08
-2.00173e-08
-2.00284e-08
-1.99218e-08
-2.00062e-08
-1.99918e-08
-2.00162e-08
-1.99907e-08
-2.00151e-08
-2.00162e-08
-2.0044e-08
-2.00062e-08
-2.00395e-08
-2.00895e-08
-1.42109e-10
-1.34337e-10
-1.36557e-10
-6.55032e-11
-1.14353e-10
-1.17684e-10
-8.88178e-11
-1.38778e-10
-1.22125e-10
-1.35447e-10
-1.11022e-10
-1.5099e-10
-1.21014e-10
-1.5099e-10
-1.23235e-10
-1.08802e-10
-1.35447e-10
-1.23235e-10
-1.17684e-10
-8.99281e-11
-3.55271e-11
-5.55112e-12
-3.33067e-12
0
-1.11022e-12
-1.11022e-12
-3.33067e-12
5.55112e-12
0
-3.33067e-12
0
-3.33067e-12
0
-4.44089e-12
2.22045e-12
0
0
0
-2.22045e-12
0
-1.55431e-11
0
0
4.44089e-12
0
-3.33067e-12
0
-4.44089e-12
0
0
-1.11022e-12
0
-3.33067e-12
1.11022e-12
-3.33067e-12
-3.33067e-12
0
-1.11022e-12
1.11022e-12
-1.9984e-11
0
0
0
4.44089e-12
2.22045e-12
-1.11022e-12
3.33067e-12
-1.11022e-12
-3.33067e-12
0
0
1.11022e-12
0
0
-2.22045e-12
0
3.33067e-12
0
1.11022e-12
1.11022e-12
-2.22045e-12
0
2.22045e-12
-4.44089e-12
2.22045e-12
2.22045e-12
2.22045e-12
0
2.22045e-12
2.22045e-12
0
0
0
0
0
0
1.11022e-12
0
0
-2.22045e-12
1.08802e-10
9.99201e-11
8.43769e-11
1.17684e-10
1.46549e-10
1.23235e-10
1.46549e-10
1.34337e-10
1.11022e-10
1.16573e-10
1.27676e-10
8.43769e-11
1.27676e-10
1.34337e-10
1.27676e-10
1.13243e-10
8.32667e-11
1.27676e-10
8.32667e-11
2.37588e-10
1.99751e-08
1.99352e-08
2.00118e-08
2.00218e-08
2.00118e-08
2.00129e-08
2.00118e-08
1.9893e-08
2.00129e-08
2.00129e-08
1.99152e-08
1.99163e-08
1.9893e-08
1.99607e-08
1.9893e-08
1.9893e-08
1.99607e-08
1.98974e-08
1.99651e-08
1.99385e-08
3.22183e-06
3.22177e-06
3.22184e-06
3.22183e-06
3.22178e-06
3.2218e-06
3.22177e-06
3.22164e-06
3.22181e-06
3.2218e-06
3.22167e-06
3.22177e-06
3.22165e-06
3.22172e-06
3.22165e-06
3.22167e-06
3.2218e-06
3.22181e-06
3.22178e-06
3.22158e-06
0.000434584
0.000434583
0.000434583
0.000434583
0.000434583
0.000434583
0.000434583
0.000434583
0.000434583
0.000434583
0.000434583
0.000434583
0.000434583
0.000434583
0.000434583
0.000434583
0.000434583
0.000434583
0.000434583
0.000434583
0.0470275
0.0470275
0.0470275
0.0470275
0.0470275
0.0470275
0.0470275
0.0470275
0.0470275
0.0470275
0.0470275
0.0470275
0.0470275
0.0470275
0.0470275
0.0470275
0.0470275
0.0470275
0.0470275
0.0470275
3.82978
3.82978
3.82978
3.82978
3.82978
3.82978
3.82978
3.82978
3.82978
3.82978
3.82978
3.82978
3.82978
3.82978
3.82978
3.82978
3.82978
3.82978
3.82978
3.82978
209.024
209.024
209.024
209.024
209.024
209.024
209.024
209.024
209.024
209.024
209.024
209.024
209.024
209.024
209.024
209.024
209.024
209.024
209.024
209.024
5787.1
5787.1
5787.1
5787.1
5787.1
5787.1
5787.1
5787.1
5787.1
5787.1
5787.1
5787.1
5787.1
5787.1
5787.1
5787.1
5787.1
5787.1
5787.1
5787.1
)
;

boundaryField
{
    front
    {
        type            calculated;
        value           nonuniform List<scalar> 
20
(
-11163.7
-11163.7
-11163.7
-11163.7
-11163.7
-11163.7
-11163.7
-11163.7
-11163.7
-11163.7
-11163.7
-11163.7
-11163.7
-11163.7
-11163.7
-11163.7
-11163.7
-11163.7
-11163.7
-11163.7
)
;
    }
    back
    {
        type            calculated;
        value           nonuniform List<scalar> 
20
(
11163.7
11163.7
11163.7
11163.7
11163.7
11163.7
11163.7
11163.7
11163.7
11163.7
11163.7
11163.7
11163.7
11163.7
11163.7
11163.7
11163.7
11163.7
11163.7
11163.7
)
;
    }
    left
    {
        type            calculated;
        value           nonuniform List<scalar> 
20
(
-5787.1
-209.024
-3.82978
-0.0470275
-0.000434583
-3.22172e-06
-1.99452e-08
-1.42109e-10
-3.55271e-11
-1.55431e-11
0
-2.22045e-12
1.08802e-10
1.99751e-08
3.22183e-06
0.000434584
0.0470275
3.82978
209.024
5787.1
)
;
    }
    right
    {
        type            calculated;
        value           nonuniform List<scalar> 
20
(
-5787.1
-209.024
-3.82978
-0.0470275
-0.000434584
-3.22181e-06
-2.00895e-08
-8.99281e-11
0
-1.9984e-11
1.11022e-12
-2.22045e-12
2.37588e-10
1.99385e-08
3.22158e-06
0.000434583
0.0470275
3.82978
209.024
5787.1
)
;
    }
    top
    {
        type            calculated;
        value           nonuniform List<scalar> 
400
(
-5787.1
-209.024
-3.82978
-0.0470275
-0.000434583
-3.22172e-06
-1.99452e-08
-1.42109e-10
-3.55271e-11
-1.55431e-11
0
-2.22045e-12
1.08802e-10
1.99751e-08
3.22183e-06
0.000434584
0.0470275
3.82978
209.024
5787.1
-5787.1
-209.024
-3.82978
-0.0470275
-0.000434583
-3.2217e-06
-1.99396e-08
-1.34337e-10
-5.55112e-12
0
0
0
9.99201e-11
1.99352e-08
3.22177e-06
0.000434583
0.0470275
3.82978
209.024
5787.1
-5787.1
-209.024
-3.82978
-0.0470275
-0.000434583
-3.22172e-06
-2.00262e-08
-1.36557e-10
-3.33067e-12
0
0
2.22045e-12
8.43769e-11
2.00118e-08
3.22184e-06
0.000434583
0.0470275
3.82978
209.024
5787.1
-5787.1
-209.024
-3.82978
-0.0470275
-0.000434583
-3.22176e-06
-1.99452e-08
-6.55032e-11
0
4.44089e-12
4.44089e-12
-4.44089e-12
1.17684e-10
2.00218e-08
3.22183e-06
0.000434583
0.0470275
3.82978
209.024
5787.1
-5787.1
-209.024
-3.82978
-0.0470275
-0.000434583
-3.22166e-06
-1.99674e-08
-1.14353e-10
-1.11022e-12
0
2.22045e-12
2.22045e-12
1.46549e-10
2.00118e-08
3.22178e-06
0.000434583
0.0470275
3.82978
209.024
5787.1
-5787.1
-209.024
-3.82978
-0.0470275
-0.000434583
-3.2217e-06
-1.99651e-08
-1.17684e-10
-1.11022e-12
-3.33067e-12
-1.11022e-12
2.22045e-12
1.23235e-10
2.00129e-08
3.2218e-06
0.000434583
0.0470275
3.82978
209.024
5787.1
-5787.1
-209.024
-3.82978
-0.0470275
-0.000434583
-3.2218e-06
-2.00262e-08
-8.88178e-11
-3.33067e-12
0
3.33067e-12
2.22045e-12
1.46549e-10
2.00118e-08
3.22177e-06
0.000434583
0.0470275
3.82978
209.024
5787.1
-5787.1
-209.024
-3.82978
-0.0470275
-0.000434583
-3.22181e-06
-2.00173e-08
-1.38778e-10
5.55112e-12
-4.44089e-12
-1.11022e-12
0
1.34337e-10
1.9893e-08
3.22164e-06
0.000434583
0.0470275
3.82978
209.024
5787.1
-5787.1
-209.024
-3.82978
-0.0470275
-0.000434583
-3.2217e-06
-2.00284e-08
-1.22125e-10
0
0
-3.33067e-12
2.22045e-12
1.11022e-10
2.00129e-08
3.22181e-06
0.000434583
0.0470275
3.82978
209.024
5787.1
-5787.1
-209.024
-3.82978
-0.0470275
-0.000434583
-3.22172e-06
-1.99218e-08
-1.35447e-10
-3.33067e-12
0
0
2.22045e-12
1.16573e-10
2.00129e-08
3.2218e-06
0.000434583
0.0470275
3.82978
209.024
5787.1
-5787.1
-209.024
-3.82978
-0.0470275
-0.000434583
-3.22171e-06
-2.00062e-08
-1.11022e-10
0
-1.11022e-12
0
0
1.27676e-10
1.99152e-08
3.22167e-06
0.000434583
0.0470275
3.82978
209.024
5787.1
-5787.1
-209.024
-3.82978
-0.0470275
-0.000434583
-3.22181e-06
-1.99918e-08
-1.5099e-10
-3.33067e-12
0
1.11022e-12
0
8.43769e-11
1.99163e-08
3.22177e-06
0.000434583
0.0470275
3.82978
209.024
5787.1
-5787.1
-209.024
-3.82978
-0.0470275
-0.000434583
-3.22178e-06
-2.00162e-08
-1.21014e-10
0
-3.33067e-12
0
0
1.27676e-10
1.9893e-08
3.22165e-06
0.000434583
0.0470275
3.82978
209.024
5787.1
-5787.1
-209.024
-3.82978
-0.0470275
-0.000434583
-3.22181e-06
-1.99907e-08
-1.5099e-10
-4.44089e-12
1.11022e-12
0
0
1.34337e-10
1.99607e-08
3.22172e-06
0.000434583
0.0470275
3.82978
209.024
5787.1
-5787.1
-209.024
-3.82978
-0.0470275
-0.000434583
-3.2218e-06
-2.00151e-08
-1.23235e-10
2.22045e-12
-3.33067e-12
-2.22045e-12
0
1.27676e-10
1.9893e-08
3.22165e-06
0.000434583
0.0470275
3.82978
209.024
5787.1
-5787.1
-209.024
-3.82978
-0.0470275
-0.000434583
-3.22171e-06
-2.00162e-08
-1.08802e-10
0
-3.33067e-12
0
0
1.13243e-10
1.9893e-08
3.22167e-06
0.000434583
0.0470275
3.82978
209.024
5787.1
-5787.1
-209.024
-3.82978
-0.0470275
-0.000434583
-3.22179e-06
-2.0044e-08
-1.35447e-10
0
0
3.33067e-12
1.11022e-12
8.32667e-11
1.99607e-08
3.2218e-06
0.000434583
0.0470275
3.82978
209.024
5787.1
-5787.1
-209.024
-3.82978
-0.0470275
-0.000434583
-3.22177e-06
-2.00062e-08
-1.23235e-10
0
-1.11022e-12
0
0
1.27676e-10
1.98974e-08
3.22181e-06
0.000434583
0.0470275
3.82978
209.024
5787.1
-5787.1
-209.024
-3.82978
-0.0470275
-0.000434583
-3.22171e-06
-2.00395e-08
-1.17684e-10
-2.22045e-12
1.11022e-12
1.11022e-12
0
8.32667e-11
1.99651e-08
3.22178e-06
0.000434583
0.0470275
3.82978
209.024
5787.1
-5787.1
-209.024
-3.82978
-0.0470275
-0.000434584
-3.22181e-06
-2.00895e-08
-8.99281e-11
0
-1.9984e-11
1.11022e-12
-2.22045e-12
2.37588e-10
1.99385e-08
3.22158e-06
0.000434583
0.0470275
3.82978
209.024
5787.1
)
;
    }
    bottom
    {
        type            calculated;
        value           nonuniform List<scalar> 
400
(
-5787.1
-209.024
-3.82978
-0.0470275
-0.000434583
-3.22172e-06
-1.99452e-08
-1.42109e-10
-3.55271e-11
-1.55431e-11
0
-2.22045e-12
1.08802e-10
1.99751e-08
3.22183e-06
0.000434584
0.0470275
3.82978
209.024
5787.1
-5787.1
-209.024
-3.82978
-0.0470275
-0.000434583
-3.2217e-06
-1.99396e-08
-1.34337e-10
-5.55112e-12
0
0
0
9.99201e-11
1.99352e-08
3.22177e-06
0.000434583
0.0470275
3.82978
209.024
5787.1
-5787.1
-209.024
-3.82978
-0.0470275
-0.000434583
-3.22172e-06
-2.00262e-08
-1.36557e-10
-3.33067e-12
0
0
2.22045e-12
8.43769e-11
2.00118e-08
3.22184e-06
0.000434583
0.0470275
3.82978
209.024
5787.1
-5787.1
-209.024
-3.82978
-0.0470275
-0.000434583
-3.22176e-06
-1.99452e-08
-6.55032e-11
0
4.44089e-12
4.44089e-12
-4.44089e-12
1.17684e-10
2.00218e-08
3.22183e-06
0.000434583
0.0470275
3.82978
209.024
5787.1
-5787.1
-209.024
-3.82978
-0.0470275
-0.000434583
-3.22166e-06
-1.99674e-08
-1.14353e-10
-1.11022e-12
0
2.22045e-12
2.22045e-12
1.46549e-10
2.00118e-08
3.22178e-06
0.000434583
0.0470275
3.82978
209.024
5787.1
-5787.1
-209.024
-3.82978
-0.0470275
-0.000434583
-3.2217e-06
-1.99651e-08
-1.17684e-10
-1.11022e-12
-3.33067e-12
-1.11022e-12
2.22045e-12
1.23235e-10
2.00129e-08
3.2218e-06
0.000434583
0.0470275
3.82978
209.024
5787.1
-5787.1
-209.024
-3.82978
-0.0470275
-0.000434583
-3.2218e-06
-2.00262e-08
-8.88178e-11
-3.33067e-12
0
3.33067e-12
2.22045e-12
1.46549e-10
2.00118e-08
3.22177e-06
0.000434583
0.0470275
3.82978
209.024
5787.1
-5787.1
-209.024
-3.82978
-0.0470275
-0.000434583
-3.22181e-06
-2.00173e-08
-1.38778e-10
5.55112e-12
-4.44089e-12
-1.11022e-12
0
1.34337e-10
1.9893e-08
3.22164e-06
0.000434583
0.0470275
3.82978
209.024
5787.1
-5787.1
-209.024
-3.82978
-0.0470275
-0.000434583
-3.2217e-06
-2.00284e-08
-1.22125e-10
0
0
-3.33067e-12
2.22045e-12
1.11022e-10
2.00129e-08
3.22181e-06
0.000434583
0.0470275
3.82978
209.024
5787.1
-5787.1
-209.024
-3.82978
-0.0470275
-0.000434583
-3.22172e-06
-1.99218e-08
-1.35447e-10
-3.33067e-12
0
0
2.22045e-12
1.16573e-10
2.00129e-08
3.2218e-06
0.000434583
0.0470275
3.82978
209.024
5787.1
-5787.1
-209.024
-3.82978
-0.0470275
-0.000434583
-3.22171e-06
-2.00062e-08
-1.11022e-10
0
-1.11022e-12
0
0
1.27676e-10
1.99152e-08
3.22167e-06
0.000434583
0.0470275
3.82978
209.024
5787.1
-5787.1
-209.024
-3.82978
-0.0470275
-0.000434583
-3.22181e-06
-1.99918e-08
-1.5099e-10
-3.33067e-12
0
1.11022e-12
0
8.43769e-11
1.99163e-08
3.22177e-06
0.000434583
0.0470275
3.82978
209.024
5787.1
-5787.1
-209.024
-3.82978
-0.0470275
-0.000434583
-3.22178e-06
-2.00162e-08
-1.21014e-10
0
-3.33067e-12
0
0
1.27676e-10
1.9893e-08
3.22165e-06
0.000434583
0.0470275
3.82978
209.024
5787.1
-5787.1
-209.024
-3.82978
-0.0470275
-0.000434583
-3.22181e-06
-1.99907e-08
-1.5099e-10
-4.44089e-12
1.11022e-12
0
0
1.34337e-10
1.99607e-08
3.22172e-06
0.000434583
0.0470275
3.82978
209.024
5787.1
-5787.1
-209.024
-3.82978
-0.0470275
-0.000434583
-3.2218e-06
-2.00151e-08
-1.23235e-10
2.22045e-12
-3.33067e-12
-2.22045e-12
0
1.27676e-10
1.9893e-08
3.22165e-06
0.000434583
0.0470275
3.82978
209.024
5787.1
-5787.1
-209.024
-3.82978
-0.0470275
-0.000434583
-3.22171e-06
-2.00162e-08
-1.08802e-10
0
-3.33067e-12
0
0
1.13243e-10
1.9893e-08
3.22167e-06
0.000434583
0.0470275
3.82978
209.024
5787.1
-5787.1
-209.024
-3.82978
-0.0470275
-0.000434583
-3.22179e-06
-2.0044e-08
-1.35447e-10
0
0
3.33067e-12
1.11022e-12
8.32667e-11
1.99607e-08
3.2218e-06
0.000434583
0.0470275
3.82978
209.024
5787.1
-5787.1
-209.024
-3.82978
-0.0470275
-0.000434583
-3.22177e-06
-2.00062e-08
-1.23235e-10
0
-1.11022e-12
0
0
1.27676e-10
1.98974e-08
3.22181e-06
0.000434583
0.0470275
3.82978
209.024
5787.1
-5787.1
-209.024
-3.82978
-0.0470275
-0.000434583
-3.22171e-06
-2.00395e-08
-1.17684e-10
-2.22045e-12
1.11022e-12
1.11022e-12
0
8.32667e-11
1.99651e-08
3.22178e-06
0.000434583
0.0470275
3.82978
209.024
5787.1
-5787.1
-209.024
-3.82978
-0.0470275
-0.000434584
-3.22181e-06
-2.00895e-08
-8.99281e-11
0
-1.9984e-11
1.11022e-12
-2.22045e-12
2.37588e-10
1.99385e-08
3.22158e-06
0.000434583
0.0470275
3.82978
209.024
5787.1
)
;
    }
}


// ************************************************************************* //
