/*--------------------------------*- C++ -*----------------------------------*\
  =========                 |
  \\      /  F ield         | OpenFOAM: The Open Source CFD Toolbox
   \\    /   O peration     | Website:  https://openfoam.org
    \\  /    A nd           | Version:  8
     \\/     M anipulation  |
\*---------------------------------------------------------------------------*/
FoamFile
{
    version     2.0;
    format      ascii;
    class       volScalarField;
    location    "2.3";
    object      gradTx;
}
// * * * * * * * * * * * * * * * * * * * * * * * * * * * * * * * * * * * * * //

dimensions      [0 -1 0 1 0 0 0];

internalField   nonuniform List<scalar> 
400
(
-2.30571e-08
-2.33502e-08
-4.72955e-10
-1.18794e-10
6.32827e-11
9.99201e-11
1.34337e-10
-4.44089e-12
-6.43929e-11
-4.32987e-11
-1.21014e-10
1.33227e-11
0
-7.66054e-11
9.99201e-11
-1.88738e-11
5.55112e-12
5.31797e-10
2.30438e-08
2.25941e-08
-5.25135e-10
-5.54001e-10
-1.38778e-10
-6.66134e-12
5.9952e-11
5.10703e-11
3.33067e-12
-9.65894e-11
9.32587e-11
5.55112e-11
-1.44329e-10
1.88738e-11
1.15463e-10
-8.21565e-11
-7.10543e-11
-4.32987e-11
3.39728e-10
2.30815e-08
1.26584e-06
1.24314e-06
-4.21885e-11
-9.99201e-12
-7.77156e-12
-7.21645e-11
1.17684e-10
6.99441e-11
-2.9976e-11
0
-2.88658e-11
3.33067e-11
-7.43849e-11
1.88738e-11
0
-1.60982e-10
1.05471e-10
7.66054e-11
-9.99201e-12
9.54792e-10
4.69325e-08
4.60487e-08
2.22045e-11
4.44089e-12
-7.32747e-11
3.44169e-11
5.21805e-11
-9.88098e-11
1.15463e-10
7.21645e-11
-1.77636e-11
1.17684e-10
-9.88098e-11
-9.32587e-11
0
7.54952e-11
1.14353e-10
5.55112e-12
2.22045e-12
-9.99201e-11
7.56062e-10
8.54872e-10
-4.21885e-11
-2.33147e-11
-6.66134e-12
-7.66054e-11
0
1.06581e-10
1.29896e-10
-6.55032e-11
-1.05471e-10
1.11022e-12
1.11022e-10
8.88178e-11
-1.11022e-12
1.33227e-11
-1.42109e-10
5.55112e-12
7.66054e-11
-9.99201e-11
2.77556e-11
9.88098e-11
-3.66374e-11
4.88498e-11
0
-6.10623e-11
2.44249e-11
5.9952e-11
4.77396e-11
0
-9.10383e-11
-2.44249e-11
6.88338e-11
1.11022e-11
-1.11022e-12
0
2.22045e-11
2.66454e-11
-8.88178e-12
0
8.43769e-11
4.55191e-11
-1.9984e-11
-2.22045e-11
-7.10543e-11
-2.22045e-11
5.66214e-11
-2.66454e-11
2.10942e-11
3.44169e-11
-5.55112e-12
-1.11022e-11
1.22125e-11
1.33227e-11
-1.11022e-12
2.22045e-12
-3.77476e-11
8.88178e-12
1.11022e-11
-1.77636e-11
-1.22125e-11
-4.44089e-12
-3.10862e-11
-3.33067e-11
-4.44089e-12
0
3.33067e-12
0
-3.33067e-12
0
3.33067e-12
-3.33067e-12
0
0
1.11022e-12
0
-4.44089e-12
0
1.11022e-12
3.33067e-12
0
-4.44089e-12
-1.44329e-11
-1.66533e-11
-2.22045e-12
-1.11022e-12
4.44089e-12
1.11022e-12
-1.11022e-12
0
-2.22045e-12
0
-1.11022e-12
2.22045e-12
0
0
3.33067e-12
-3.33067e-12
-2.22045e-12
0
2.10942e-11
2.33147e-11
1.11022e-12
0
0
1.11022e-12
2.22045e-12
-1.11022e-12
2.22045e-12
3.33067e-12
-4.44089e-12
-3.33067e-12
0
0
0
2.22045e-12
0
-2.22045e-12
0
2.22045e-12
0
-2.22045e-12
0
-1.11022e-12
2.22045e-12
0
-3.33067e-12
0
-1.11022e-12
0
1.11022e-12
-1.11022e-12
-1.11022e-12
0
1.11022e-12
0
-1.11022e-12
0
0
1.11022e-12
2.22045e-12
1.11022e-12
0
0
4.44089e-12
4.44089e-12
-4.44089e-12
0
2.22045e-12
-3.33067e-12
-3.33067e-12
0
1.11022e-12
0
-1.11022e-12
0
0
3.33067e-12
0
0
1.11022e-12
-2.22045e-12
2.22045e-12
3.33067e-12
-2.22045e-12
0
3.33067e-12
0
-3.33067e-12
0
3.33067e-12
-3.33067e-12
-3.33067e-12
0
1.11022e-12
0
-1.11022e-12
1.11022e-12
0
0
0
-1.11022e-12
-8.88178e-12
-2.66454e-11
2.33147e-11
6.55032e-11
2.22045e-12
0
1.22125e-11
-3.88578e-11
-1.9984e-11
1.44329e-11
-2.9976e-11
0
4.88498e-11
0
-2.10942e-11
-4.10783e-11
1.44329e-11
-1.11022e-12
1.12133e-10
1.52101e-10
-3.66374e-11
4.10783e-11
8.54872e-11
0
-5.55112e-12
0
-1.22125e-10
0
1.22125e-10
-9.99201e-11
-9.99201e-11
-2.33147e-11
4.55191e-11
0
-6.77236e-11
6.77236e-11
4.44089e-12
5.55112e-12
3.9968e-11
-2.66454e-11
-6.21725e-11
-1.33227e-11
7.32747e-11
1.11022e-12
-2.44249e-11
-5.55112e-12
-1.4877e-10
0
1.43219e-10
-1.26565e-10
-6.32827e-11
-1.44329e-11
0
0
-8.21565e-11
1.07692e-10
1.63203e-10
-1.77636e-11
-1.21014e-10
-4.44089e-11
-9.23706e-10
-9.35918e-10
5.32907e-11
-1.88738e-11
9.32587e-11
-9.99201e-12
-1.63203e-10
6.99441e-11
1.06581e-10
5.66214e-11
5.10703e-11
-1.11022e-12
-1.66533e-10
0
5.77316e-11
-1.15463e-10
5.32907e-11
0
-6.77236e-11
4.77396e-11
-4.61653e-08
-4.69946e-08
-7.77156e-10
-4.44089e-12
-5.32907e-11
1.11022e-12
6.10623e-11
4.44089e-12
-6.21725e-11
-1.25455e-10
-4.77396e-11
1.87628e-10
1.11022e-11
0
-8.99281e-11
-7.99361e-11
1.19904e-10
-1.77636e-11
1.26565e-10
1.54321e-10
-1.24326e-06
-1.26589e-06
-2.28928e-08
-3.34177e-10
-4.996e-11
0
1.52101e-10
1.53211e-10
-4.32987e-11
-6.55032e-11
5.10703e-11
1.11022e-12
-1.57652e-10
0
5.10703e-11
-8.43769e-11
1.44329e-11
1.11022e-12
7.24976e-10
8.07132e-10
-2.25486e-08
-2.29727e-08
-6.06182e-10
1.11022e-12
6.32827e-11
-1.11022e-12
-5.55112e-11
-1.19904e-10
1.75415e-10
-3.44169e-11
-5.66214e-11
-1.9984e-11
6.88338e-11
-3.33067e-12
-1.90958e-10
1.33227e-11
9.99201e-12
4.57412e-10
2.33813e-08
2.29128e-08
)
;

boundaryField
{
    front
    {
        type            calculated;
        value           nonuniform List<scalar> 
20
(
-2.30571e-08
-2.33502e-08
-4.72955e-10
-1.18794e-10
6.32827e-11
9.99201e-11
1.34337e-10
-4.44089e-12
-6.43929e-11
-4.32987e-11
-1.21014e-10
1.33227e-11
0
-7.66054e-11
9.99201e-11
-1.88738e-11
5.55112e-12
5.31797e-10
2.30438e-08
2.25941e-08
)
;
    }
    back
    {
        type            calculated;
        value           nonuniform List<scalar> 
20
(
-2.25486e-08
-2.29727e-08
-6.06182e-10
1.11022e-12
6.32827e-11
-1.11022e-12
-5.55112e-11
-1.19904e-10
1.75415e-10
-3.44169e-11
-5.66214e-11
-1.9984e-11
6.88338e-11
-3.33067e-12
-1.90958e-10
1.33227e-11
9.99201e-12
4.57412e-10
2.33813e-08
2.29128e-08
)
;
    }
    left
    {
        type            calculated;
        value           uniform 0;
    }
    right
    {
        type            calculated;
        value           uniform 0;
    }
    top
    {
        type            calculated;
        value           nonuniform List<scalar> 
400
(
-2.30571e-08
-5.25135e-10
-4.21885e-11
2.22045e-11
-4.21885e-11
-3.66374e-11
-1.9984e-11
-3.10862e-11
-1.44329e-11
1.11022e-12
0
0
2.22045e-12
-8.88178e-12
-3.66374e-11
-6.21725e-11
-9.23706e-10
-4.61653e-08
-1.24326e-06
-2.25486e-08
-2.33502e-08
-5.54001e-10
-9.99201e-12
4.44089e-12
-2.33147e-11
4.88498e-11
-2.22045e-11
-3.33067e-11
-1.66533e-11
0
-1.11022e-12
0
3.33067e-12
-2.66454e-11
4.10783e-11
-1.33227e-11
-9.35918e-10
-4.69946e-08
-1.26589e-06
-2.29727e-08
-4.72955e-10
-1.38778e-10
-7.77156e-12
-7.32747e-11
-6.66134e-12
0
-7.10543e-11
-4.44089e-12
-2.22045e-12
0
2.22045e-12
4.44089e-12
-2.22045e-12
2.33147e-11
8.54872e-11
7.32747e-11
5.32907e-11
-7.77156e-10
-2.28928e-08
-6.06182e-10
-1.18794e-10
-6.66134e-12
-7.21645e-11
3.44169e-11
-7.66054e-11
-6.10623e-11
-2.22045e-11
0
-1.11022e-12
1.11022e-12
0
4.44089e-12
0
6.55032e-11
0
1.11022e-12
-1.88738e-11
-4.44089e-12
-3.34177e-10
1.11022e-12
6.32827e-11
5.9952e-11
1.17684e-10
5.21805e-11
0
2.44249e-11
5.66214e-11
3.33067e-12
4.44089e-12
2.22045e-12
-3.33067e-12
-4.44089e-12
3.33067e-12
2.22045e-12
-5.55112e-12
-2.44249e-11
9.32587e-11
-5.32907e-11
-4.996e-11
6.32827e-11
9.99201e-11
5.10703e-11
6.99441e-11
-9.88098e-11
1.06581e-10
5.9952e-11
-2.66454e-11
0
1.11022e-12
-1.11022e-12
0
0
0
0
0
-5.55112e-12
-9.99201e-12
1.11022e-12
0
-1.11022e-12
1.34337e-10
3.33067e-12
-2.9976e-11
1.15463e-10
1.29896e-10
4.77396e-11
2.10942e-11
-3.33067e-12
-1.11022e-12
2.22045e-12
-1.11022e-12
2.22045e-12
-3.33067e-12
1.22125e-11
-1.22125e-10
-1.4877e-10
-1.63203e-10
6.10623e-11
1.52101e-10
-5.55112e-11
-4.44089e-12
-9.65894e-11
0
7.21645e-11
-6.55032e-11
0
3.44169e-11
0
0
3.33067e-12
0
-3.33067e-12
0
-3.88578e-11
0
0
6.99441e-11
4.44089e-12
1.53211e-10
-1.19904e-10
-6.43929e-11
9.32587e-11
-2.88658e-11
-1.77636e-11
-1.05471e-10
-9.10383e-11
-5.55112e-12
3.33067e-12
-2.22045e-12
-4.44089e-12
1.11022e-12
-3.33067e-12
3.33067e-12
-1.9984e-11
1.22125e-10
1.43219e-10
1.06581e-10
-6.21725e-11
-4.32987e-11
1.75415e-10
-4.32987e-11
5.55112e-11
3.33067e-11
1.17684e-10
1.11022e-12
-2.44249e-11
-1.11022e-11
-3.33067e-12
0
-3.33067e-12
-1.11022e-12
0
-3.33067e-12
1.44329e-11
-9.99201e-11
-1.26565e-10
5.66214e-11
-1.25455e-10
-6.55032e-11
-3.44169e-11
-1.21014e-10
-1.44329e-10
-7.43849e-11
-9.88098e-11
1.11022e-10
6.88338e-11
1.22125e-11
0
-1.11022e-12
0
-1.11022e-12
1.11022e-12
-3.33067e-12
-2.9976e-11
-9.99201e-11
-6.32827e-11
5.10703e-11
-4.77396e-11
5.10703e-11
-5.66214e-11
1.33227e-11
1.88738e-11
1.88738e-11
-9.32587e-11
8.88178e-11
1.11022e-11
1.33227e-11
0
2.22045e-12
0
0
0
0
0
-2.33147e-11
-1.44329e-11
-1.11022e-12
1.87628e-10
1.11022e-12
-1.9984e-11
0
1.15463e-10
0
0
-1.11022e-12
-1.11022e-12
-1.11022e-12
1.11022e-12
0
0
1.11022e-12
-1.11022e-12
1.11022e-12
4.88498e-11
4.55191e-11
0
-1.66533e-10
1.11022e-11
-1.57652e-10
6.88338e-11
-7.66054e-11
-8.21565e-11
-1.60982e-10
7.54952e-11
1.33227e-11
0
2.22045e-12
0
0
2.22045e-12
0
0
0
0
0
0
0
0
0
-3.33067e-12
9.99201e-11
-7.10543e-11
1.05471e-10
1.14353e-10
-1.42109e-10
2.22045e-11
-3.77476e-11
-4.44089e-12
3.33067e-12
0
-1.11022e-12
0
-1.11022e-12
-2.10942e-11
-6.77236e-11
-8.21565e-11
5.77316e-11
-8.99281e-11
5.10703e-11
-1.90958e-10
-1.88738e-11
-4.32987e-11
7.66054e-11
5.55112e-12
5.55112e-12
2.66454e-11
8.88178e-12
0
-3.33067e-12
-2.22045e-12
0
3.33067e-12
1.11022e-12
-4.10783e-11
6.77236e-11
1.07692e-10
-1.15463e-10
-7.99361e-11
-8.43769e-11
1.33227e-11
5.55112e-12
3.39728e-10
-9.99201e-12
2.22045e-12
7.66054e-11
-8.88178e-12
1.11022e-11
1.11022e-12
-2.22045e-12
0
0
0
0
1.44329e-11
4.44089e-12
1.63203e-10
5.32907e-11
1.19904e-10
1.44329e-11
9.99201e-12
5.31797e-10
2.30815e-08
9.54792e-10
-9.99201e-11
-9.99201e-11
0
-1.77636e-11
3.33067e-12
0
2.22045e-12
1.11022e-12
0
0
-1.11022e-12
5.55112e-12
-1.77636e-11
0
-1.77636e-11
1.11022e-12
4.57412e-10
2.30438e-08
1.26584e-06
4.69325e-08
7.56062e-10
2.77556e-11
8.43769e-11
-1.22125e-11
0
2.10942e-11
0
2.22045e-12
1.11022e-12
0
1.12133e-10
3.9968e-11
-1.21014e-10
-6.77236e-11
1.26565e-10
7.24976e-10
2.33813e-08
2.25941e-08
1.24314e-06
4.60487e-08
8.54872e-10
9.88098e-11
4.55191e-11
-4.44089e-12
-4.44089e-12
2.33147e-11
-2.22045e-12
1.11022e-12
-2.22045e-12
-1.11022e-12
1.52101e-10
-2.66454e-11
-4.44089e-11
4.77396e-11
1.54321e-10
8.07132e-10
2.29128e-08
)
;
    }
    bottom
    {
        type            calculated;
        value           nonuniform List<scalar> 
400
(
-2.30571e-08
-5.25135e-10
-4.21885e-11
2.22045e-11
-4.21885e-11
-3.66374e-11
-1.9984e-11
-3.10862e-11
-1.44329e-11
1.11022e-12
0
0
2.22045e-12
-8.88178e-12
-3.66374e-11
-6.21725e-11
-9.23706e-10
-4.61653e-08
-1.24326e-06
-2.25486e-08
-2.33502e-08
-5.54001e-10
-9.99201e-12
4.44089e-12
-2.33147e-11
4.88498e-11
-2.22045e-11
-3.33067e-11
-1.66533e-11
0
-1.11022e-12
0
3.33067e-12
-2.66454e-11
4.10783e-11
-1.33227e-11
-9.35918e-10
-4.69946e-08
-1.26589e-06
-2.29727e-08
-4.72955e-10
-1.38778e-10
-7.77156e-12
-7.32747e-11
-6.66134e-12
0
-7.10543e-11
-4.44089e-12
-2.22045e-12
0
2.22045e-12
4.44089e-12
-2.22045e-12
2.33147e-11
8.54872e-11
7.32747e-11
5.32907e-11
-7.77156e-10
-2.28928e-08
-6.06182e-10
-1.18794e-10
-6.66134e-12
-7.21645e-11
3.44169e-11
-7.66054e-11
-6.10623e-11
-2.22045e-11
0
-1.11022e-12
1.11022e-12
0
4.44089e-12
0
6.55032e-11
0
1.11022e-12
-1.88738e-11
-4.44089e-12
-3.34177e-10
1.11022e-12
6.32827e-11
5.9952e-11
1.17684e-10
5.21805e-11
0
2.44249e-11
5.66214e-11
3.33067e-12
4.44089e-12
2.22045e-12
-3.33067e-12
-4.44089e-12
3.33067e-12
2.22045e-12
-5.55112e-12
-2.44249e-11
9.32587e-11
-5.32907e-11
-4.996e-11
6.32827e-11
9.99201e-11
5.10703e-11
6.99441e-11
-9.88098e-11
1.06581e-10
5.9952e-11
-2.66454e-11
0
1.11022e-12
-1.11022e-12
0
0
0
0
0
-5.55112e-12
-9.99201e-12
1.11022e-12
0
-1.11022e-12
1.34337e-10
3.33067e-12
-2.9976e-11
1.15463e-10
1.29896e-10
4.77396e-11
2.10942e-11
-3.33067e-12
-1.11022e-12
2.22045e-12
-1.11022e-12
2.22045e-12
-3.33067e-12
1.22125e-11
-1.22125e-10
-1.4877e-10
-1.63203e-10
6.10623e-11
1.52101e-10
-5.55112e-11
-4.44089e-12
-9.65894e-11
0
7.21645e-11
-6.55032e-11
0
3.44169e-11
0
0
3.33067e-12
0
-3.33067e-12
0
-3.88578e-11
0
0
6.99441e-11
4.44089e-12
1.53211e-10
-1.19904e-10
-6.43929e-11
9.32587e-11
-2.88658e-11
-1.77636e-11
-1.05471e-10
-9.10383e-11
-5.55112e-12
3.33067e-12
-2.22045e-12
-4.44089e-12
1.11022e-12
-3.33067e-12
3.33067e-12
-1.9984e-11
1.22125e-10
1.43219e-10
1.06581e-10
-6.21725e-11
-4.32987e-11
1.75415e-10
-4.32987e-11
5.55112e-11
3.33067e-11
1.17684e-10
1.11022e-12
-2.44249e-11
-1.11022e-11
-3.33067e-12
0
-3.33067e-12
-1.11022e-12
0
-3.33067e-12
1.44329e-11
-9.99201e-11
-1.26565e-10
5.66214e-11
-1.25455e-10
-6.55032e-11
-3.44169e-11
-1.21014e-10
-1.44329e-10
-7.43849e-11
-9.88098e-11
1.11022e-10
6.88338e-11
1.22125e-11
0
-1.11022e-12
0
-1.11022e-12
1.11022e-12
-3.33067e-12
-2.9976e-11
-9.99201e-11
-6.32827e-11
5.10703e-11
-4.77396e-11
5.10703e-11
-5.66214e-11
1.33227e-11
1.88738e-11
1.88738e-11
-9.32587e-11
8.88178e-11
1.11022e-11
1.33227e-11
0
2.22045e-12
0
0
0
0
0
-2.33147e-11
-1.44329e-11
-1.11022e-12
1.87628e-10
1.11022e-12
-1.9984e-11
0
1.15463e-10
0
0
-1.11022e-12
-1.11022e-12
-1.11022e-12
1.11022e-12
0
0
1.11022e-12
-1.11022e-12
1.11022e-12
4.88498e-11
4.55191e-11
0
-1.66533e-10
1.11022e-11
-1.57652e-10
6.88338e-11
-7.66054e-11
-8.21565e-11
-1.60982e-10
7.54952e-11
1.33227e-11
0
2.22045e-12
0
0
2.22045e-12
0
0
0
0
0
0
0
0
0
-3.33067e-12
9.99201e-11
-7.10543e-11
1.05471e-10
1.14353e-10
-1.42109e-10
2.22045e-11
-3.77476e-11
-4.44089e-12
3.33067e-12
0
-1.11022e-12
0
-1.11022e-12
-2.10942e-11
-6.77236e-11
-8.21565e-11
5.77316e-11
-8.99281e-11
5.10703e-11
-1.90958e-10
-1.88738e-11
-4.32987e-11
7.66054e-11
5.55112e-12
5.55112e-12
2.66454e-11
8.88178e-12
0
-3.33067e-12
-2.22045e-12
0
3.33067e-12
1.11022e-12
-4.10783e-11
6.77236e-11
1.07692e-10
-1.15463e-10
-7.99361e-11
-8.43769e-11
1.33227e-11
5.55112e-12
3.39728e-10
-9.99201e-12
2.22045e-12
7.66054e-11
-8.88178e-12
1.11022e-11
1.11022e-12
-2.22045e-12
0
0
0
0
1.44329e-11
4.44089e-12
1.63203e-10
5.32907e-11
1.19904e-10
1.44329e-11
9.99201e-12
5.31797e-10
2.30815e-08
9.54792e-10
-9.99201e-11
-9.99201e-11
0
-1.77636e-11
3.33067e-12
0
2.22045e-12
1.11022e-12
0
0
-1.11022e-12
5.55112e-12
-1.77636e-11
0
-1.77636e-11
1.11022e-12
4.57412e-10
2.30438e-08
1.26584e-06
4.69325e-08
7.56062e-10
2.77556e-11
8.43769e-11
-1.22125e-11
0
2.10942e-11
0
2.22045e-12
1.11022e-12
0
1.12133e-10
3.9968e-11
-1.21014e-10
-6.77236e-11
1.26565e-10
7.24976e-10
2.33813e-08
2.25941e-08
1.24314e-06
4.60487e-08
8.54872e-10
9.88098e-11
4.55191e-11
-4.44089e-12
-4.44089e-12
2.33147e-11
-2.22045e-12
1.11022e-12
-2.22045e-12
-1.11022e-12
1.52101e-10
-2.66454e-11
-4.44089e-11
4.77396e-11
1.54321e-10
8.07132e-10
2.29128e-08
)
;
    }
}


// ************************************************************************* //
